2107
4 71 0.317519873380661
11 74 0.28367507457733154
12 77 0.2825798988342285
13 78 0.29444530606269836
31 94 0.283731073141098
32 95 0.3514329493045807
34 102 0.2617809474468231
36 104 0.2656213343143463
42 108 0.27636635303497314
46 107 0.27741917967796326
48 110 0.29104185104370117
85 136 0.43090343475341797
90 137 0.3081860840320587
91 144 0.31905579566955566
93 153 0.3725319504737854
94 143 0.40549641847610474
97 154 0.39374467730522156
101 172 0.2897949516773224
105 173 0.2810686230659485
108 191 0.356069952249527
109 205 0.26763007044792175
113 200 0.33090445399284363
121 201 0.3226277530193329
125 218 0.28069546818733215
129 209 0.32974109053611755
132 211 0.2744450867176056
133 178 0.8795603513717651
137 235 0.3856586515903473
139 228 0.5286199450492859
140 234 0.26386308670043945
144 247 0.2754483222961426
146 270 0.3650534749031067
148 257 0.4231162369251251
149 262 0.2627085745334625
156 251 0.25726884603500366
157 252 0.27452126145362854
167 268 0.3563508987426758
170 282 0.27589893341064453
176 284 0.2536965608596802
177 289 0.2738223671913147
187 279 0.26664823293685913
191 299 0.46282875537872314
196 312 0.2636827230453491
210 320 0.4338715672492981
216 325 0.2630798816680908
222 356 0.2877918779850006
227 350 0.3386799395084381
234 347 0.25390157103538513
236 382 0.3403834402561188
241 381 0.2509751319885254
244 380 0.25698956847190857
245 405 0.25187957286834717
247 406 0.2953247129917145
249 344 0.4637707471847534
250 403 0.3608156144618988
251 404 0.26677030324935913
254 371 0.36311981081962585
259 422 0.4221251308917999
261 379 0.41071632504463196
263 396 0.6953351497650146
266 417 0.32731297612190247
270 415 0.4928520619869232
277 420 0.27074968814849854
278 421 0.2566288113594055
285 414 0.31420066952705383
286 434 0.2716165781021118
287 442 0.2890549600124359
294 466 0.25883206725120544
296 475 0.3769976496696472
303 449 0.29907387495040894
310 457 0.3483451008796692
312 471 0.48053792119026184
315 495 0.29236242175102234
325 453 0.5464456081390381
327 485 0.29236462712287903
328 499 0.31036248803138733
330 500 0.3057880401611328
340 551 0.29342886805534363
341 463 0.5616118311882019
344 536 0.251564621925354
345 429 0.26034167408943176
350 469 0.384860634803772
358 577 0.3111211359500885
360 497 0.4911746084690094
361 498 0.3891414403915405
362 479 0.38033586740493774
367 505 0.4118274748325348
370 540 0.3801531195640564
375 541 0.7417611479759216
376 549 0.5379301309585571
381 608 0.2624814212322235
382 523 0.2970106303691864
385 585 0.3313907980918884
388 530 0.46332162618637085
389 524 0.554891049861908
391 597 0.3229251205921173
395 515 0.2811543941497803
396 547 0.6281458139419556
398 605 0.33044910430908203
399 606 0.34260258078575134
407 528 0.26372218132019043
413 539 0.3541750907897949
414 546 0.25465014576911926
415 655 0.3024936616420746
422 568 0.4298887848854065
423 569 0.6598228812217712
432 584 0.4592975080013275
438 604 0.3299049735069275
440 646 0.4264315068721771
450 643 0.3685765266418457
452 615 0.36998239159584045
453 603 0.3039914071559906
456 616 0.3307003378868103
457 617 0.4593316912651062
458 618 0.5853912830352783
467 624 0.3954584300518036
468 625 0.29096856713294983
474 674 0.3167380690574646
478 631 0.31454214453697205
491 669 0.42578741908073425
492 670 0.39215612411499023
496 688 0.3695405423641205
497 738 0.55643630027771
505 673 0.5039814114570618
506 639 0.32181280851364136
508 720 0.34561580419540405
514 651 0.5362516045570374
518 737 0.32118305563926697
522 699 0.3778708875179291
524 672 0.48567265272140503
530 714 0.5056582093238831
531 700 0.32730361819267273
532 701 0.6524772047996521
533 660 0.30046984553337097
535 682 0.3078617751598358
536 703 0.6542892456054688
537 715 0.2626679837703705
538 704 0.4998643696308136
541 754 0.3222925364971161
547 683 0.2718690037727356
564 746 0.42051994800567627
566 806 0.40376919507980347
572 804 0.39723268151283264
573 859 0.29857003688812256
576 830 0.3107658624649048
578 750 0.35199880599975586
580 814 0.45469003915786743
581 803 0.3425738215446472
586 777 0.5070775151252747
587 769 0.3512590527534485
588 748 0.5046234130859375
592 780 0.4462328851222992
594 747 0.40519025921821594
595 749 0.4257541298866272
598 827 0.3874107301235199
599 860 0.36494138836860657
603 759 0.27253979444503784
605 763 0.5523325204849243
606 735 0.28732621669769287
608 858 0.3256702125072479
611 810 0.3579002022743225
612 811 0.34706613421440125
614 781 0.7217596173286438
618 870 0.25152382254600525
622 784 0.4470374882221222
623 785 0.3971236050128937
626 782 0.4299679100513458
628 783 0.2927689254283905
629 813 0.40829306840896606
630 800 0.4995707869529724
632 851 0.2509787082672119
633 852 0.2935733199119568
634 881 0.25971800088882446
637 896 0.299825519323349
638 897 0.3015497922897339
639 812 0.6508073806762695
640 786 0.3690355122089386
643 857 0.30408477783203125
649 836 0.42747917771339417
650 778 0.4211560785770416
651 845 0.3094465732574463
656 914 0.31845057010650635
658 844 0.4273495674133301
660 848 0.518762469291687
669 819 0.4620983898639679
675 895 0.608755350112915
676 923 0.3954195976257324
680 847 0.4301914572715759
681 924 0.373129278421402
691 922 0.5827321410179138
692 949 0.30183061957359314
699 855 0.4684984087944031
704 877 0.28646981716156006
706 916 0.3458690345287323
708 907 0.6372270584106445
709 908 0.30422255396842957
711 846 0.3312574625015259
716 917 0.4207393527030945
719 920 0.5625091195106506
726 1017 0.4542956054210663
727 906 0.2927893102169037
728 919 0.3423997461795807
729 890 0.6484895944595337
730 902 0.37403637170791626
736 918 0.3011724352836609
737 933 0.47757288813591003
738 788 0.27958300709724426
740 929 0.2945118844509125
741 945 0.3066428005695343
750 1003 0.43510305881500244
752 955 0.253437340259552
753 976 0.40470290184020996
754 932 0.3711871802806854
756 934 0.31031158566474915
759 985 0.2663417160511017
762 930 0.5263527035713196
774 935 0.3370562791824341
783 978 0.3119140565395355
791 988 0.30810466408729553
793 964 0.4077669680118561
794 965 0.38319459557533264
795 977 0.3669705092906952
798 866 0.30853042006492615
803 931 0.3136773109436035
804 967 0.3164467215538025
809 996 0.6168287396430969
810 997 0.41234034299850464
811 998 0.37460359930992126
812 1009 0.47972607612609863
813 989 0.2957632541656494
820 1020 0.3519957959651947
821 1021 0.2812533676624298
822 999 0.5058622360229492
823 1023 0.36828383803367615
824 1025 0.3321203887462616
825 1012 0.2952140271663666
829 1119 0.3011985719203949
834 986 0.3521811366081238
839 1046 0.3068873882293701
840 1050 0.3179410398006439
843 1059 0.28522321581840515
853 1078 0.39617639780044556
863 1081 0.34774765372276306
864 1061 0.5266856551170349
866 1022 0.3253892660140991
869 1080 0.25813689827919006
870 1048 0.39821773767471313
871 1062 0.625643789768219
872 1064 0.27995815873146057
873 1082 0.2886717617511749
879 1149 0.29755526781082153
881 1039 0.3833909034729004
883 1066 0.32334235310554504
892 1065 0.36006832122802734
897 1114 0.4128376841545105
900 1116 0.2862909436225891
904 1137 0.4178335666656494
905 1138 0.45485180616378784
914 1164 0.3874731659889221
918 1136 0.333712637424469
920 1151 0.5378157496452332
921 1175 0.33617570996284485
923 1123 0.7956865429878235
924 1124 0.38127318024635315
929 1174 0.44907355308532715
931 1190 0.285038024187088
939 1232 0.2664346992969513
946 1166 0.7376161217689514
956 1207 0.3513776659965515
957 1153 0.3830678164958954
961 1199 0.4812740087509155
962 1201 0.41779014468193054
963 1152 0.36156171560287476
968 1200 0.3325802981853485
969 1228 0.3151216208934784
971 1203 0.5137162208557129
972 1204 0.37715011835098267
974 1165 0.3811746835708618
977 1028 0.27705907821655273
980 1303 0.25572243332862854
982 1210 0.5417723655700684
984 1214 0.7502793669700623
986 1083 0.25764918327331543
987 1069 0.2971706986427307
988 1245 0.2700900137424469
992 1229 0.3189794421195984
1003 1233 0.4051937460899353
1004 1191 0.3770386576652527
1010 1221 0.4152415692806244
1015 1085 0.33593374490737915
1020 1211 0.32608944177627563
1024 1220 0.35391679406166077
1025 1222 0.4422563910484314
1027 1251 0.2600235939025879
1033 1231 0.27263131737709045
1038 1249 0.31155669689178467
1040 1234 0.44242048263549805
1046 1254 0.44582366943359375
1050 1236 0.2812367379665375
1053 1140 0.2991237938404083
1055 1252 0.3277730941772461
1062 1270 0.35580146312713623
1063 1271 0.4120950400829315
1064 1272 0.7391279339790344
1065 1260 0.3819311559200287
1066 1255 0.3055405616760254
1070 1268 0.29718345403671265
1075 1284 0.5045936107635498
1078 1282 0.3468513786792755
1079 1300 0.36358657479286194
1081 1275 0.32123878598213196
1082 1261 0.3315637409687042
1083 1276 0.3517109155654907
1087 1177 0.42143088579177856
1091 1292 0.3141808807849884
1092 1283 0.4420527219772339
1093 1294 0.3517162799835205
1094 1295 0.3243578374385834
1096 1298 0.4293020963668823
1097 1299 0.4583379328250885
1099 1286 0.4806286692619324
1100 1277 0.32433372735977173
1101 1287 0.6614186763763428
1103 1345 0.26208722591400146
1110 1285 0.5260882377624512
1113 1312 0.36999332904815674
1114 1308 0.4628896713256836
1115 1347 0.4098680019378662
1123 1321 0.3456583321094513
1124 1323 0.36038610339164734
1125 1324 0.3923588693141937
1127 1309 0.5269237756729126
1130 1349 0.4570315480232239
1131 1366 0.5004711151123047
1139 1332 0.4735826253890991
1148 1371 0.4939093291759491
1151 1319 0.35554230213165283
1157 1313 0.38647010922431946
1159 1341 0.5606090426445007
1163 1386 0.2566836178302765
1164 1334 0.305024653673172
1165 1315 0.34296903014183044
1166 1316 0.2824177145957947
1167 1342 0.43193694949150085
1170 1395 0.2553529739379883
1171 1396 0.2747313380241394
1172 1339 0.34665364027023315
1174 1335 0.5142347812652588
1180 1370 0.3516072928905487
1181 1382 0.5242002010345459
1184 1361 0.31290915608406067
1187 1379 0.48116984963417053
1190 1423 0.3285050690174103
1195 1400 0.3021281063556671
1196 1388 0.663068950176239
1202 1387 0.2741811275482178
1203 1401 0.28498557209968567
1204 1402 0.30601966381073
1205 1403 0.4483533501625061
1206 1417 0.346285879611969
1210 1458 0.2515312731266022
1213 1490 0.346034973859787
1214 1378 0.5129818320274353
1215 1372 0.25535979866981506
1217 1439 0.6722472310066223
1219 1491 0.25680679082870483
1220 1463 0.28666332364082336
1221 1410 0.4377146363258362
1226 1477 0.3196951150894165
1227 1478 0.30883216857910156
1228 1469 0.25862357020378113
1229 1449 0.25635409355163574
1231 1418 0.3179759383201599
1232 1420 0.6403558850288391
1239 1539 0.27806150913238525
1242 1428 0.3427833020687103
1243 1344 0.27517369389533997
1244 1337 0.2951264977455139
1247 1493 0.4980347752571106
1250 1455 0.25219106674194336
1260 1409 0.5244436860084534
1261 1451 0.37540289759635925
1262 1419 0.43709102272987366
1264 1429 0.320343941450119
1268 1553 0.263149619102478
1269 1538 0.3593849539756775
1275 1454 0.2685970962047577
1276 1468 0.25680115818977356
1280 1558 0.47233590483665466
1282 1452 0.36291971802711487
1283 1433 0.32443952560424805
1286 1364 0.3459000289440155
1290 1488 0.3640713095664978
1299 1505 0.26187434792518616
1305 1597 0.3042356073856354
1309 1483 0.34096890687942505
1310 1422 0.3580596446990967
1312 1389 0.305059552192688
1317 1512 0.3302074670791626
1323 1498 0.3423426151275635
1324 1482 0.35840195417404175
1330 1574 0.6602792143821716
1336 1524 0.5433008074760437
1338 1525 0.545048177242279
1339 1481 0.27647337317466736
1340 1513 0.5126698017120361
1341 1499 0.279870867729187
1344 1610 0.2505362927913666
1347 1628 0.2959859073162079
1349 1546 0.5218314528465271
1350 1519 0.37158384919166565
1351 1414 0.32805296778678894
1358 1598 0.25991126894950867
1359 1545 0.5434002876281738
1360 1526 0.3582327961921692
1361 1556 0.3054525554180145
1366 1591 0.2691286504268646
1367 1595 0.26600104570388794
1368 1611 0.3615465462207794
1371 1518 0.2741366922855377
1374 1500 0.33511844277381897
1379 1657 0.3169798254966736
1381 1543 0.2683310806751251
1384 1474 0.2808282673358917
1388 1624 0.3019670844078064
1390 1631 0.3277030885219574
1391 1567 0.3506077826023102
1400 1555 0.4716053903102875
1402 1561 0.2672523558139801
1403 1562 0.39171281456947327
1404 1527 0.31268423795700073
1407 1430 0.30637621879577637
1408 1626 0.2952236235141754
1415 1676 0.38738560676574707
1417 1588 0.2949860692024231
1418 1589 0.3104030191898346
1422 1476 0.25518694519996643
1426 1696 0.26176872849464417
1428 1602 0.5849258899688721
1431 1601 0.39400461316108704
1443 1635 0.32916298508644104
1444 1613 0.5221157073974609
1445 1586 0.2715466618537903
1447 1564 0.3314821720123291
1458 1587 0.2601265013217926
1460 1705 0.374367892742157
1462 1600 0.29038503766059875
1477 1636 0.3791483938694
1478 1619 0.252137690782547
1479 1620 0.3553924858570099
1480 1638 0.34346264600753784
1486 1704 0.3048751652240753
1487 1681 0.3894009590148926
1494 1659 0.41900634765625
1495 1650 0.5076779723167419
1496 1660 0.4102309048175812
1497 1651 0.4044008255004883
1498 1639 0.2695036232471466
1505 1747 0.39417675137519836
1511 1684 0.367364764213562
1512 1658 0.415919691324234
1518 1679 0.518690288066864
1525 1790 0.5551366209983826
1538 1736 0.3122783601284027
1539 1741 0.30257993936538696
1542 1822 0.45582929253578186
1543 1789 0.4155616760253906
1557 1686 0.3818452060222626
1561 1740 0.2663866877555847
1562 1762 0.34467342495918274
1566 1846 0.3384084105491638
1567 1791 0.3408791720867157
1576 1685 0.4158637821674347
1577 1687 0.3399837613105774
1578 1672 0.2541896402835846
1581 1813 0.45328637957572937
1583 1760 0.47193247079849243
1584 1761 0.34496545791625977
1593 1698 0.4075632393360138
1594 1683 0.4125460386276245
1595 1699 0.34923556447029114
1596 1688 0.35819727182388306
1599 1776 0.29930129647254944
1602 1861 0.39865508675575256
1606 1728 0.5293423533439636
1607 1735 0.44969454407691956
1609 1570 0.31914830207824707
1611 1571 0.2747122049331665
1614 1787 0.43670520186424255
1620 1884 0.3857196867465973
1627 1734 0.30480220913887024
1629 1710 0.6191242933273315
1630 1724 0.38558730483055115
1631 1780 0.41951292753219604
1635 1711 0.2573871612548828
1637 1800 0.25094711780548096
1641 1802 0.2768058180809021
1643 1738 0.2712055444717407
1648 1819 0.32273760437965393
1651 1751 0.272976279258728
1654 1725 0.3372415006160736
1656 1898 0.3059808611869812
1662 1771 0.30262553691864014
1663 1773 0.44297778606414795
1665 1783 0.26727402210235596
1666 1799 0.27408912777900696
1676 1843 0.2707946300506592
1679 1896 0.43942195177078247
1680 1869 0.45266908407211304
1683 1794 0.26741498708724976
1684 1753 0.270759254693985
1689 1809 0.3853505551815033
1691 1754 0.3369113504886627
1697 1870 0.4615148603916168
1703 1770 0.4126707911491394
1705 1842 0.2780188024044037
1708 1932 0.3344508409500122
1709 1881 0.48483410477638245
1711 1959 0.34919992089271545
1714 1828 0.41567108035087585
1716 1808 0.30189335346221924
1718 1772 0.25265762209892273
1719 1856 0.35857221484184265
1721 1933 0.40974295139312744
1722 1880 0.3424800932407379
1723 1897 0.35753756761550903
1724 1882 0.4889196455478668
1727 1960 0.3636718988418579
1733 1839 0.43598735332489014
1734 1810 0.3447049856185913
1735 1811 0.46157383918762207
1736 1795 0.3666532039642334
1741 1855 0.28273463249206543
1743 1878 0.3393453061580658
1749 1973 0.31745415925979614
1755 1858 0.47273337841033936
1757 1983 0.3192749619483948
1763 1902 0.32286474108695984
1764 1903 0.4156560003757477
1765 1993 0.2514873743057251
1769 1875 0.35854586958885193
1770 1876 0.3144002854824066
1771 1840 0.3444141745567322
1774 1891 0.3838386833667755
1775 1892 0.38729768991470337
1780 1971 0.40181130170822144
1783 2054 0.28014591336250305
1786 1894 0.4629845917224884
1787 1895 0.3128802180290222
1790 1974 0.6218172311782837
1793 1874 0.6913136839866638
1796 1955 0.2931133806705475
1797 1912 0.3540940284729004
1798 1930 0.4224642515182495
1800 2033 0.27655065059661865
1801 2034 0.5594190955162048
1802 2047 0.3050953447818756
1804 1920 0.3028469681739807
1806 1942 0.30023470520973206
1810 2030 0.3106384575366974
1816 1911 0.3380603492259979
1818 1929 0.3854159712791443
1819 1921 0.26949384808540344
1820 1784 0.26928526163101196
1828 1953 0.25282174348831177
1831 2068 0.3071857690811157
1832 2084 0.2807980179786682
1835 1968 0.3563356101512909
1839 2016 0.4604698419570923
1842 1919 0.4033189117908478
1843 1910 0.3024512529373169
1846 1956 0.30501070618629456
1851 2017 0.524808406829834
1852 2043 0.30147847533226013
1859 1952 0.5003145933151245
1865 2018 0.3182101249694824
1868 1937 0.33941975235939026
1870 1989 0.3850478529930115
1871 1969 0.3770674169063568
1874 1938 0.32410985231399536
1876 1940 0.3789943754673004
1879 2042 0.3840155303478241
1880 2109 0.2777535319328308
1881 2110 0.2781994342803955
1882 2111 0.5907759070396423
1885 2051 0.36910519003868103
1886 2120 0.37020933628082275
1887 2177 0.28151392936706543
1892 1976 0.2977883219718933
1895 1999 0.3090955913066864
1896 1987 0.3945949673652649
1897 1988 0.3011285066604614
1901 2075 0.2639886736869812
1904 2010 0.3809424638748169
1909 2012 0.32011765241622925
1914 2136 0.43914711475372314
1915 2013 0.29435408115386963
1918 2158 0.3934166133403778
1919 2160 0.31108343601226807
1925 2040 0.4807588756084442
1927 2028 0.3356013596057892
1933 2070 0.2624151110649109
1935 2039 0.31924235820770264
1938 2072 0.3183946907520294
1945 2106 0.4299273192882538
1946 2107 0.26830729842185974
1948 2225 0.28175806999206543
1950 2080 0.35636311769485474
1952 2093 0.3170212209224701
1953 2074 0.2867726981639862
1961 2071 0.28909188508987427
1963 2092 0.352707177400589
1964 2061 0.3139871060848236
1965 2062 0.3252313435077667
1972 2227 0.48264187574386597
1976 2025 0.2567262351512909
1980 2141 0.2591768801212311
1982 2105 0.36116883158683777
1983 2142 0.30705249309539795
1986 2228 0.44324907660484314
1988 2038 0.27848878502845764
1989 2125 0.37143293023109436
1991 2073 0.35140278935432434
1994 2174 0.411773681640625
1998 2216 0.2636070251464844
1999 2204 0.3501216173171997
2000 2098 0.2824026346206665
2005 2117 0.3816893994808197
2006 2094 0.2594815790653229
2007 2128 0.3172801434993744
2009 2081 0.3619028925895691
2010 2095 0.29400619864463806
2011 2175 0.33524245023727417
2012 2143 0.26888900995254517
2013 2214 0.4007302224636078
2017 2126 0.2574986219406128
2020 2153 0.30515557527542114
2025 2183 0.45550599694252014
2026 2184 0.2659325897693634
2027 2185 0.27235662937164307
2031 2249 0.4700755476951599
2033 2259 0.3225979208946228
2035 2130 0.4973840117454529
2038 2212 0.27254992723464966
2039 2197 0.27856844663619995
2040 2198 0.33368590474128723
2041 2199 0.3754902780056
2042 2134 0.2695833146572113
2044 2258 0.3801683485507965
2047 2190 0.38710492849349976
2051 2154 0.43535250425338745
2054 2250 0.47963231801986694
2055 2099 0.48737967014312744
2056 2167 0.3561687767505646
2057 2169 0.32328006625175476
2058 2238 0.36823606491088867
2059 2224 0.34607523679733276
2060 2239 0.2963819205760956
2066 2114 0.3109004497528076
2069 2148 0.3675172030925751
2070 2149 0.36130043864250183
2071 2150 0.3934331238269806
2072 2140 0.28910401463508606
2073 2171 0.33222588896751404
2074 2247 0.3900468945503235
2076 2306 0.5642101168632507
2077 2240 0.2576914429664612
2079 2326 0.553043007850647
2082 2180 0.2771233022212982
2083 2147 0.33078521490097046
2085 2129 0.40969136357307434
2091 2218 0.26409998536109924
2092 2166 0.3069535493850708
2095 2273 0.3578193187713623
2100 2146 0.49535512924194336
2101 2231 0.2762922942638397
2105 2168 0.6556771993637085
2107 2210 0.4868459105491638
2108 2244 0.42586618661880493
2109 2211 0.2583671808242798
2110 2305 0.37587255239486694
2111 2287 0.26415008306503296
2112 2325 0.3066001236438751
2117 2252 0.2574470341205597
2118 2253 0.2738962769508362
2119 2229 0.3556121587753296
2120 2192 0.28755319118499756
2121 2222 0.46399903297424316
2122 2170 0.4943801164627075
2123 2286 0.32213306427001953
2125 2338 0.27651846408843994
2126 2328 0.2572791576385498
2131 2193 0.295634388923645
2132 2223 0.5091208815574646
2135 2236 0.4452882707118988
2138 2412 0.3532599210739136
2139 2374 0.2513696253299713
2144 2164 0.5265470147132874
2146 2220 0.25816988945007324
2149 2243 0.26654955744743347
2151 2245 0.2827920615673065
2152 2351 0.3600298762321472
2158 2398 0.33668169379234314
2159 2419 0.2657003700733185
2161 2387 0.3712112605571747
2163 2291 0.302858829498291
2164 2292 0.26551544666290283
2165 2261 0.25482118129730225
2166 2277 0.2968429923057556
2168 2233 0.49645140767097473
2170 2416 0.30487632751464844
2171 2417 0.2821302115917206
2172 2396 0.3728009760379791
2173 2400 0.4470805525779724
2175 2264 0.3840833008289337
2176 2268 0.2684762179851532
2177 2234 0.3679250478744507
2179 2319 0.3868348002433777
2180 2274 0.28785499930381775
2181 2414 0.35971376299858093
2182 2415 0.3376167118549347
2184 2433 0.5137191414833069
2185 2311 0.2760573625564575
2187 2255 0.32679831981658936
2191 2283 0.2732289135456085
2193 2394 0.42516010999679565
2194 2370 0.3244364261627197
2197 2413 0.28428521752357483
2208 2282 0.4720499515533447
2209 2271 0.37310367822647095
2210 2323 0.34099265933036804
2212 2456 0.2694118916988373
2215 2299 0.314456969499588
2217 2321 0.27041372656822205
2218 2304 0.27734115719795227
2221 2297 0.3861050307750702
2224 2318 0.4261091351509094
2226 2331 0.3382154703140259
2227 2333 0.2615785598754883
2233 2352 0.31173384189605713
2237 2470 0.6014502644538879
2239 2457 0.35789918899536133
2242 2377 0.3163658380508423
2243 2356 0.3432134687900543
2244 2254 0.2816154360771179
2245 2266 0.5018298625946045
2247 2335 0.3928549885749817
2248 2303 0.310482382774353
2250 2322 0.3263455033302307
2251 2371 0.5144751667976379
2253 2401 0.2637435793876648
2254 2376 0.31439098715782166
2256 2265 0.5264922976493835
2258 2300 0.32373297214508057
2263 2420 0.31935441493988037
2264 2388 0.2553020715713501
2266 2390 0.31191256642341614
2267 2316 0.3543446958065033
2268 2361 0.2782774567604065
2269 2362 0.3373582661151886
2270 2347 0.2623905837535858
2272 2350 0.2763468623161316
2273 2246 0.2993246912956238
2277 2542 0.40682464838027954
2278 2502 0.33688050508499146
2279 2522 0.3170381486415863
2282 2296 0.2651103734970093
2283 2280 0.49878624081611633
2284 2360 0.275209903717041
2285 2364 0.5078489184379578
2286 2302 0.510374128818512
2287 2379 0.4715401828289032
2288 2348 0.33934885263442993
2292 2501 0.26961880922317505
2293 2504 0.45478588342666626
2294 2444 0.25085020065307617
2295 2393 0.3370659351348877
2296 2334 0.26106467843055725
2297 2366 0.2904803454875946
2298 2367 0.2543443441390991
2299 2349 0.44000735878944397
2300 2285 0.3010371923446655
2301 2358 0.2541663646697998
2302 2407 0.3141419589519501
2305 2383 0.26388344168663025
2307 2466 0.3434908092021942
2308 2384 0.3047652840614319
2310 2531 0.31649860739707947
2311 2532 0.4065481126308441
2312 2533 0.3494857847690582
2314 2549 0.26163795590400696
2316 2471 0.2703312039375305
2317 2342 0.2579813599586487
2320 2423 0.3582351803779602
2321 2406 0.3769599199295044
2322 2346 0.2614192068576813
2325 2426 0.3237360715866089
2326 2381 0.38382405042648315
2328 2439 0.48546379804611206
2329 2520 0.2735637128353119
2331 2521 0.43857333064079285
2333 2541 0.41602879762649536
2334 2547 0.38841956853866577
2337 2359 0.2788369059562683
2338 2424 0.2810032069683075
2339 2425 0.30177274346351624
2340 2451 0.30647149682044983
2341 2548 0.5272605419158936
2342 2566 0.4271829128265381
2349 2368 0.2631594240665436
2350 2428 0.3246859014034271
2351 2429 0.2535722255706787
2353 2490 0.32968732714653015
2356 2556 0.7474697828292847
2362 2345 0.3827333450317383
2363 2462 0.4481622576713562
2366 2464 0.2589762508869171
2367 2452 0.25852170586586
2368 2453 0.3033195734024048
2369 2427 0.42788949608802795
2374 2558 0.2726097106933594
2382 2596 0.4622972011566162
2383 2405 0.34211838245391846
2384 2472 0.2769660949707031
2385 2473 0.45103976130485535
2387 2484 0.33960914611816406
2389 2488 0.25552836060523987
2392 2518 0.4492916166782379
2394 2572 0.39613863825798035
2399 2422 0.3324081301689148
2400 2474 0.5481711626052856
2401 2485 0.355741411447525
2402 2476 0.35498055815696716
2405 2486 0.3455001413822174
2406 2487 0.3447520136833191
2408 2530 0.3411412835121155
2411 2491 0.3448098599910736
2414 2606 0.4021574556827545
2415 2573 0.4048163890838623
2418 2597 0.33045539259910583
2419 2598 0.3407173156738281
2420 2599 0.46812504529953003
2425 2461 0.29542356729507446
2427 2517 0.3384571373462677
2429 2595 0.6966280937194824
2432 2460 0.277965784072876
2433 2509 0.8075711131095886
2439 2594 0.4483589231967926
2440 2605 0.2839221656322479
2441 2614 0.39989185333251953
2443 2607 0.6275625824928284
2446 2448 0.2825510501861572
2447 2458 0.36894330382347107
2448 2459 0.5756860971450806
2449 2449 0.4107680320739746
2451 2507 0.30339881777763367
2452 2508 0.3307899236679077
2454 2515 0.42087140679359436
2455 2510 0.4165194630622864
2458 2540 0.39009973406791687
2460 2575 0.28094613552093506
2464 2494 0.34538450837135315
2467 2603 0.46851271390914917
2469 2637 0.323015034198761
2471 2639 0.2743987739086151
2475 2506 0.3960781693458557
2479 2579 0.33123472332954407
2480 2570 0.35765010118484497
2481 2571 0.39957621693611145
2484 2513 0.33252543210983276
2485 2553 0.28836771845817566
2486 2498 0.3424876034259796
2490 2629 0.5035442113876343
2491 2663 0.2605821192264557
2492 2651 0.4335472881793976
2496 2673 0.49373647570610046
2497 2561 0.40722599625587463
2498 2538 0.3515408933162689
2499 2525 0.35061144828796387
2502 2604 0.4216535985469818
2503 2660 0.48327794671058655
2505 2662 0.2580273747444153
2506 2683 0.285026878118515
2510 2563 0.6543328762054443
2512 2544 0.34411901235580444
2514 2577 0.2557760775089264
2518 2613 0.27375003695487976
2521 2567 0.36612173914909363
2522 2568 0.2974298596382141
2524 2589 0.25123903155326843
2531 2536 0.4446479380130768
2532 2562 0.2995254397392273
2533 2551 0.381558358669281
2534 2586 0.7739363312721252
2539 2584 0.267608642578125
2541 2585 0.7340295314788818
2543 2611 0.33270084857940674
2549 2565 0.26304349303245544
2555 2576 0.4646309018135071
2556 2578 0.38255780935287476
2560 2587 0.38539135456085205
2566 2600 0.32229623198509216
2567 2601 0.2767556607723236
2569 2659 0.30325332283973694
2570 2746 0.5105162858963013
2572 2582 0.4287432134151459
2573 2619 0.2639368176460266
2574 2602 0.3319069743156433
2575 2655 0.3903326988220215
2576 2622 0.46453964710235596
2577 2650 0.4623527526855469
2579 2705 0.41674357652664185
2580 2706 0.3014770448207855
2581 2671 0.35713544487953186
2582 2681 0.27745145559310913
2583 2658 0.3417000472545624
2585 2560 0.3154289126396179
2586 2633 0.35957416892051697
2588 2704 0.30742284655570984
2591 2745 0.28698062896728516
2592 2641 0.26067906618118286
2594 2632 0.3251643478870392
2598 2790 0.6685811877250671
2599 2747 0.3882492184638977
2606 2618 0.41595739126205444
2607 2635 0.3794272541999817
2608 2626 0.3228752315044403
2609 2620 0.2894737124443054
2612 2703 0.30747151374816895
2613 2718 0.4943857789039612
2616 2664 0.33621934056282043
2617 2581 0.27450165152549744
2618 2617 0.291145384311676
2619 2646 0.9050752520561218
2620 2653 0.3461132049560547
2621 2667 0.2967965602874756
2623 2648 0.4034566581249237
2625 2623 0.2621619701385498
2629 2780 0.2507014572620392
2632 2608 0.3697224259376526
2633 2644 0.3161444664001465
2634 2645 0.30525630712509155
2636 2647 0.3779238760471344
2637 2732 0.3514705002307892
2641 2799 0.3585568070411682
2642 2791 0.2627175748348236
2643 2794 0.27742210030555725
2645 2675 0.38927024602890015
2646 2624 0.288762629032135
2648 2654 0.310846209526062
2649 2788 0.27026262879371643
2651 2743 0.36882686614990234
2652 2815 0.328999787569046
2653 2798 0.3436523377895355
2663 2766 0.35102564096450806
2664 2698 0.28089094161987305
2666 2689 0.2846764326095581
2668 2680 0.27008485794067383
2670 2841 0.45300981402397156
2672 2699 0.3607994616031647
2681 2738 0.32269084453582764
2682 2739 0.3649379312992096
2686 2666 0.389665812253952
2687 2625 0.4264945387840271
2688 2679 0.298878014087677
2689 2701 0.3287435472011566
2691 2723 0.3107990622520447
2692 2727 0.38137248158454895
2694 2808 0.32407277822494507
2695 2811 0.33115607500076294
2696 2812 0.3701609671115875
2697 2858 0.320430725812912
2702 2670 0.2978772222995758
2710 2678 0.30070778727531433
2713 2729 0.46989986300468445
2714 2716 0.2885696291923523
2715 2777 0.2602260112762451
2716 2810 0.44335052371025085
2718 2761 0.27111712098121643
2719 2700 0.32424837350845337
2720 2709 0.3486754596233368
2721 2750 0.5477432012557983
2722 2773 0.39081692695617676
2727 2830 0.5038943886756897
2728 2906 0.31299301981925964
2729 2887 0.4528931677341461
2731 2725 0.27969688177108765
2732 2741 0.3601991832256317
2733 2823 0.36511510610580444
2736 2886 0.278346985578537
2740 2708 0.30829307436943054
2741 2677 0.28611788153648376
2746 2753 0.35138335824012756
2747 2763 0.33428725600242615
2750 2775 0.2598763108253479
2751 2822 0.29154467582702637
2755 2760 0.3640904128551483
2757 2749 0.35322657227516174
2758 2754 0.2894996702671051
2759 2755 0.3017200827598572
2761 2917 0.3624807596206665
2763 2927 0.5783379077911377
2764 2969 0.49520257115364075
2765 2919 0.27997443079948425
2770 2795 0.2549300789833069
2774 2855 0.5354217290878296
2776 2856 0.26247140765190125
2782 2783 0.31611794233322144
2786 2787 0.36871853470802307
2787 2916 0.4045554995536804
2788 2950 0.2837873697280884
2790 2937 0.2641148269176483
2792 2801 0.3216419219970703
2795 2852 0.6054932475090027
2796 2854 0.3420606255531311
2798 2828 0.2511638104915619
2800 2786 0.3722989559173584
2802 2807 0.25993284583091736
2803 2853 0.28281256556510925
2804 2898 0.451087087392807
2805 2899 0.3339708149433136
2806 2902 0.3109760582447052
2807 2948 0.45595666766166687
2808 2955 0.34118422865867615
2814 2997 0.2761848270893097
2816 2843 0.2695406377315521
2821 3016 0.26810958981513977
2824 2819 0.4372819662094116
2826 2947 0.30687305331230164
2827 2934 0.31474921107292175
2828 2979 0.3605174124240875
2830 2864 0.30632829666137695
2833 2804 0.31607574224472046
2835 3038 0.26084718108177185
2840 2880 0.3325980603694916
2842 2844 0.25261738896369934
2843 2847 0.28578874468803406
2851 2797 0.3855196237564087
2852 2821 0.3897360563278198
2854 2935 0.30294057726860046
2855 3014 0.33809614181518555
2857 3050 0.5852082371711731
2860 2881 0.3742847144603729
2861 2889 0.44316327571868896
2864 2891 0.36583590507507324
2865 2892 0.38436874747276306
2867 2868 0.2833549380302429
2869 2870 0.26721540093421936
2871 2893 0.42112231254577637
2872 2875 0.3407306373119354
2873 3012 0.253854364156723
2876 3036 0.35128819942474365
2877 3037 0.3799055814743042
2883 2978 0.3895621597766876
2884 2966 0.6402838230133057
2885 2980 0.3325600028038025
2886 3054 0.35398125648498535
2891 2911 0.30439233779907227
2895 2883 0.3120098412036896
2899 2849 0.39023739099502563
2900 2850 0.3130640685558319
2902 2874 0.5352175235748291
2905 3073 0.3076038062572479
2907 3015 0.2980872392654419
2909 2923 0.3309931457042694
2913 3032 0.35470476746559143
2915 3013 0.4376875162124634
2916 3068 0.8197317123413086
2919 2925 0.3173055648803711
2921 3008 0.6108402013778687
2922 3009 0.36982080340385437
2925 2929 0.26585954427719116
2927 2960 0.26335275173187256
2933 2894 0.3696773052215576
2935 3007 0.45862871408462524
2936 3010 0.278308242559433
2937 3066 0.504119336605072
2938 3024 0.2923830449581146
2939 3026 0.36528053879737854
2940 3079 0.3709426522254944
2942 3091 0.3411478102207184
2943 3098 0.2964268624782562
2945 2951 0.34482434391975403
2947 2961 0.31897273659706116
2948 2941 0.35628631711006165
2950 2896 0.6004427671432495
2953 3033 0.3977903425693512
2954 3034 0.4205082952976227
2955 3035 0.2704516351222992
2956 3067 0.35723355412483215
2958 3105 0.3719298839569092
2959 3099 0.31337442994117737
2962 2962 0.3097687065601349
2967 3046 0.30764251947402954
2968 3047 0.40482333302497864
2969 3048 0.2934423089027405
2975 2972 0.3534172773361206
2977 2932 0.3129163384437561
2982 2933 0.3481000065803528
2986 3071 0.3717171251773834
2987 3088 0.4098781645298004
2988 3076 0.31253933906555176
2991 3136 0.34410491585731506
2994 2974 0.3154740333557129
2995 2945 0.5992825627326965
2996 2985 0.3495177626609802
2999 3116 0.40613308548927307
3000 3117 0.3199949562549591
3001 3125 0.25081169605255127
3002 3126 0.2817707061767578
3004 3128 0.25932028889656067
3005 3005 0.29534977674484253
3008 3123 0.3336986303329468
3010 3000 0.3982963562011719
3011 3056 0.47688519954681396
3012 2952 0.33434686064720154
3013 2976 0.5105293989181519
3014 2963 0.35286059975624084
3016 2944 0.3191501200199127
3018 3087 0.3166254162788391
3019 3072 0.28119757771492004
3021 3103 0.42737480998039246
3022 3115 0.3706558644771576
3023 3127 0.2721029818058014
3032 2984 0.308599591255188
3034 2989 0.319232314825058
3037 2991 0.3580487072467804
3038 3023 0.3555721342563629
3039 3147 0.41401734948158264
3040 3148 0.44624224305152893
3041 3163 0.32567423582077026
3045 3002 0.3586980700492859
3046 3004 0.29879137873649597
3049 2992 0.3229420483112335
3050 3006 0.4522121250629425
3052 3114 0.25825485587120056
3054 3157 0.2959497570991516
3060 3028 0.3249169886112213
3061 3021 0.25866055488586426
3065 3121 0.5360972285270691
3068 3173 0.39275869727134705
3070 3146 0.36657944321632385
3078 3001 0.39711451530456543
3079 3018 0.33024147152900696
3080 3027 0.3454984724521637
3081 3042 0.2804386019706726
3082 3064 0.2668675184249878
3083 3097 0.36182594299316406
3084 3159 0.43844953179359436
3085 3174 0.4443380534648895
3087 3184 0.2870783507823944
3089 3019 0.25396478176116943
3092 3029 0.2803311049938202
3096 3194 0.38894814252853394
3097 3181 0.4630071222782135
3098 3206 0.2690013647079468
3099 3207 0.28656983375549316
3100 3196 0.28461429476737976
3102 3222 0.43550240993499756
3103 3057 0.2516682744026184
3104 3060 0.40736934542655945
3106 3061 0.2646854519844055
3107 3030 0.30439871549606323
3108 3113 0.2853263020515442
3112 3220 0.37010061740875244
3113 3221 0.47246837615966797
3118 3058 0.3302704691886902
3119 3075 0.26275768876075745
3120 3134 0.5858973264694214
3121 3062 0.5148128271102905
3122 3044 0.5786342024803162
3125 3230 0.44110772013664246
3127 3251 0.26947587728500366
3136 3122 0.37836745381355286
3137 3235 0.2642539143562317
3138 3070 0.34775492548942566
3140 3260 0.3348881006240845
3141 3261 0.6494997143745422
3143 3095 0.5469701290130615
3145 3102 0.29131871461868286
3146 3083 0.40541407465934753
3149 3232 0.9670109152793884
3150 3183 0.5395670533180237
3151 3266 0.340568870306015
3153 3243 0.2836850583553314
3154 3093 0.43786200881004333
3159 3233 0.5298595428466797
3161 3262 0.35521525144577026
3162 3267 0.4384942650794983
3165 3084 0.35795584321022034
3167 3192 0.28137946128845215
3168 3258 0.5120375752449036
3171 3276 0.4969160556793213
3172 3101 0.3608754873275757
3173 3108 0.5341925621032715
3174 3110 0.34362316131591797
3176 3274 0.556452751159668
3177 3294 0.4067528545856476
3178 3129 0.5679068565368652
3179 3133 0.2868005931377411
3181 3275 0.4437312185764313
3182 3240 0.3855997920036316
3186 3109 0.2808992564678192
3187 3229 0.3708726167678833
3188 3259 0.3288617730140686
3191 3131 0.2672775685787201
3192 3132 0.3134264349937439
3193 3155 0.4012434184551239
3195 3273 0.36469507217407227
3196 3303 0.42249083518981934
3197 3320 0.49933740496635437
3198 3311 0.4544351398944855
3200 3321 0.34973716735839844
3204 3141 0.4249695837497711
3207 3272 0.5001733303070068
3208 3293 0.5833799242973328
3209 3302 0.5943054556846619
3211 3152 0.2577396333217621
3213 3166 0.297872394323349
3214 3168 0.3195817172527313
3217 3325 0.4951052963733673
3218 3333 0.37258949875831604
3220 3227 0.3011276423931122
3223 3301 0.30027878284454346
3225 3340 0.38480299711227417
3226 3359 0.3663645088672638
3227 3285 0.35585641860961914
3229 3140 0.37504398822784424
3230 3178 0.5524415373802185
3231 3218 0.3371807038784027
3232 3191 0.3552386164665222
3233 3300 0.2819279432296753
3234 3319 0.9687877893447876
3236 3371 0.2924533188343048
3238 3211 0.352022647857666
3239 3188 0.3492138981819153
3243 3372 0.3561725318431854
3244 3212 0.27025026082992554
3245 3213 0.2840169370174408
3246 3201 0.30006954073905945
3247 3205 0.29608556628227234
3249 3330 0.2816946804523468
3250 3331 0.35058704018592834
3251 3358 0.4065574109554291
3254 3210 0.26770639419555664
3257 3329 0.32645443081855774
3258 3356 0.41099098324775696
3259 3332 0.3139277994632721
3261 3380 0.29557180404663086
3263 3388 0.29247117042541504
3264 3364 0.28551384806632996
3265 3226 0.2994883060455322
3266 3244 0.2903496026992798
3267 3239 0.2958899438381195
3268 3265 0.2568834722042084
3269 3228 0.3375844955444336
3271 3354 0.25852394104003906
3273 3203 0.4266340732574463
3275 3393 0.4063569903373718
3276 3394 0.6279313564300537
3278 3387 0.3065907657146454
3279 3362 0.2917463183403015
3284 3217 0.35700875520706177
3285 3256 0.2628980278968811
3286 3249 0.3873889148235321
3288 3378 0.3385765850543976
3290 3357 0.31854015588760376
3291 3408 0.26423174142837524
3292 3381 0.26544609665870667
3294 3254 0.5827755331993103
3296 3171 0.46953073143959045
3297 3270 0.4976620674133301
3299 3377 0.4568437337875366
3300 3392 0.3376917243003845
3303 3238 0.38655194640159607
3304 3248 0.5958013534545898
3306 3204 0.5188535451889038
3307 3317 0.32853731513023376
3308 3310 0.3130333423614502
3309 3351 0.31068557500839233
3318 3416 0.283390074968338
3319 3439 0.2518668472766876
3322 3277 0.32351571321487427
3323 3289 0.2537306845188141
3328 3417 0.31907740235328674
3329 3438 0.3784002661705017
3330 3296 0.30530375242233276
3332 3264 0.500424325466156
3335 3376 0.3799889087677002
3336 3431 0.3896936774253845
3338 3395 0.3983723223209381
3340 3287 0.38834068179130554
3342 3297 0.34048929810523987
3345 3415 0.5831947326660156
3347 3418 0.5268710255622864
3355 3375 0.3339405655860901
3357 3457 0.4256315231323242
3358 3458 0.3307003378868103
3363 3312 0.30451369285583496
3376 3313 0.25262027978897095
3377 3314 0.419079065322876
3378 3304 0.39635100960731506
3383 3456 0.3553382456302643
3389 3385 0.26297828555107117
3391 3481 0.2959579527378082
3395 3335 0.3674807548522949
3396 3336 0.36621254682540894
3398 3337 0.32895901799201965
3399 3338 0.38864853978157043
3403 3373 0.44677621126174927
3405 3344 0.2964661419391632
3406 3327 0.26036006212234497
3409 3426 0.25155285000801086
3412 3480 0.3647173345088959
3413 3494 0.27873721718788147
3415 3495 0.39423274993896484
3418 3343 0.3798027038574219
3419 3398 0.4945654273033142
3424 3412 0.33255523443222046
3425 3425 0.38879647850990295
3430 3429 0.37401747703552246
3432 3455 0.39288270473480225
3433 3517 0.40749093890190125
3434 3467 0.6605235934257507
3435 3493 0.37248149514198303
3441 3369 0.31637367606163025
3444 3341 0.2543686032295227
3445 3347 0.31135591864585876
3446 3367 0.3805684447288513
3447 3374 0.278656929731369
3448 3349 0.3745821714401245
3450 3511 0.5305376052856445
3452 3389 0.43247857689857483
3453 3448 0.33059754967689514
3454 3477 0.40873992443084717
3455 3478 0.3642136752605438
3456 3479 0.4561963379383087
3463 3383 0.3538229763507843
3464 3390 0.2921505868434906
3467 3410 0.47991734743118286
3468 3568 0.25859272480010986
3472 3409 0.4525456130504608
3473 3396 0.36621639132499695
3477 3510 0.382586270570755
3481 3403 0.3565283417701721
3482 3491 0.5407420992851257
3484 3484 0.28315016627311707
3485 3516 0.2858470678329468
3486 3543 0.3951447904109955
3487 3554 0.5505560040473938
3488 3592 0.2895648181438446
3490 3593 0.33905479311943054
3492 3405 0.5727055668830872
3495 3509 0.2744898498058319
3496 3583 0.4297703206539154
3498 3567 0.37151476740837097
3504 3436 0.42593321204185486
3511 3442 0.44928818941116333
3515 3508 0.28183600306510925
3516 3591 0.3415925204753876
3521 3435 0.42551788687705994
3525 3419 0.5349541902542114
3526 3420 0.5209234952926636
3528 3451 0.544958233833313
3529 3452 0.5057522654533386
3530 3542 0.2538717985153198
3531 3581 0.49777692556381226
3532 3582 0.32989177107810974
3533 3623 0.29932156205177307
3535 3624 0.38264283537864685
3537 3643 0.6498355269432068
3539 3634 0.3668753206729889
3541 3685 0.28725141286849976
3542 3440 0.5225425958633423
3543 3441 0.4029167890548706
3544 3446 0.49529656767845154
3547 3551 0.3435697555541992
3548 3590 0.5308012962341309
3550 3672 0.5160530209541321
3557 3565 0.41115838289260864
3559 3464 0.47806593775749207
3560 3421 0.2850589454174042
3564 3576 0.31225839257240295
3565 3564 0.46524369716644287
3566 3577 0.3571936786174774
3567 3578 0.3507746756076813
3569 3615 0.558256208896637
3571 3656 0.3667794466018677
3572 3698 0.2914270758628845
3575 3562 0.28940609097480774
3578 3579 0.3200950622558594
3581 3709 0.26325204968452454
3584 3575 0.71144038438797
3585 3588 0.2976057827472687
3589 3667 0.3552182912826538
3591 3697 0.4107311964035034
3595 3621 0.3666206896305084
3596 3654 0.4483242928981781
3597 3732 0.3711772561073303
3603 3733 0.2748969495296478
3606 3474 0.34895822405815125
3607 3483 0.4626438617706299
3608 3475 0.30085521936416626
3609 3450 0.4989185035228729
3612 3718 0.33582228422164917
3613 3750 0.37854140996932983
3616 3769 0.25395315885543823
3620 3482 0.43793636560440063
3624 3696 0.36135315895080566
3626 3488 0.2984966039657593
3627 3500 0.25703930854797363
3628 3503 0.30522891879081726
3630 3706 0.2585720121860504
3631 3695 0.3882051408290863
3632 3783 0.3811430335044861
3634 3798 0.4490303099155426
3641 3498 0.30585891008377075
3646 3707 0.39363953471183777
3647 3731 0.7227638959884644
3650 3781 0.27072128653526306
3651 3782 0.38586097955703735
3653 3810 0.2822195589542389
3657 3487 0.2764683663845062
3662 3528 0.295281320810318
3663 3513 0.33268529176712036
3664 3537 0.31791284680366516
3666 3664 0.28683751821517944
3667 3683 0.518576979637146
3669 3796 0.47224944829940796
3670 3847 0.2502996325492859
3671 3831 0.39741456508636475
3674 3522 0.25819942355155945
3678 3574 0.40022262930870056
3683 3795 0.3201042115688324
3684 3809 0.28877583146095276
3689 3535 0.27140116691589355
3693 3703 0.36320987343788147
3695 3765 0.6298974752426147
3696 3829 0.28984084725379944
3698 3900 0.2670905590057373
3699 3558 0.2775748074054718
3706 3545 0.32084813714027405
3707 3536 0.35888728499412537
3708 3561 0.36623209714889526
3709 3612 0.4347156584262848
3710 3716 0.3802107572555542
3712 3717 0.30709290504455566
3717 3826 0.44610223174095154
3718 3828 0.3035441040992737
3720 3556 0.2870805263519287
3724 3610 0.35151171684265137
3732 3846 0.3182498812675476
3734 3869 0.49798583984375
3738 3546 0.45604103803634644
3739 3573 0.4516647458076477
3740 3600 0.5478377342224121
3748 3824 0.26277923583984375
3750 3825 0.40355363488197327
3751 3859 0.43896666169166565
3757 3603 0.2958950102329254
3759 3794 0.35112977027893066
3760 3766 0.4836597144603729
3761 3843 0.3169701397418976
3765 3641 0.30062606930732727
3766 3642 0.3303460478782654
3768 3914 0.27758458256721497
3770 3916 0.4519668221473694
3772 3627 0.3131408095359802
3773 3631 0.6403949856758118
3774 3649 0.43659108877182007
3775 3682 0.3006240725517273
3778 3777 0.4604729115962982
3784 3889 0.2792736291885376
3786 3937 0.42905160784721375
3787 3951 0.4860396385192871
3792 3699 0.2719011604785919
3793 3599 0.25517719984054565
3794 3648 0.29124677181243896
3797 3806 0.36239469051361084
3798 3808 0.30100303888320923
3799 3778 0.2682814598083496
3800 3886 0.4470541179180145
3801 3898 0.4498772919178009
3802 3888 0.3051448166370392
3803 3915 0.307339608669281
3804 3977 0.4099438488483429
3805 3963 0.33200258016586304
3806 3628 0.3095974028110504
3807 3678 0.4458491802215576
3810 3661 0.37285396456718445
3813 3950 0.33285921812057495
3815 3962 0.3529585301876068
3823 3928 0.3209895193576813
3825 3970 0.4962393343448639
3826 4012 0.32797476649284363
3827 3979 0.6522687673568726
3831 3737 0.28052687644958496
3832 3630 0.37908220291137695
3833 3640 0.6346610188484192
3836 3978 0.25594592094421387
3838 3636 0.685023844242096
3839 3637 0.3181876540184021
3840 3659 0.2668125331401825
3843 3688 0.49199923872947693
3846 3925 0.3330233693122864
3847 3949 0.3182868957519531
3848 3969 0.5054774284362793
3855 3647 0.2526337504386902
3856 3726 0.31572777032852173
3858 3999 0.38166099786758423
3861 4078 0.34093964099884033
3863 3645 0.29713359475135803
3867 3926 0.36579158902168274
3868 3935 0.4376048743724823
3869 3897 0.28136980533599854
3871 4057 0.3668200373649597
3873 3677 0.3114105463027954
3876 3723 0.4349914491176605
3877 3839 0.35968461632728577
3878 3793 0.440353661775589
3881 3993 0.3191108703613281
3882 3968 0.535270631313324
3884 4026 0.33908745646476746
3888 3639 0.32310807704925537
3889 3740 0.26338690519332886
3890 3702 0.3249417841434479
3891 3761 0.4191993772983551
3894 3994 0.30321863293647766
3895 4056 0.3503139913082123
3896 4090 0.3512466549873352
3897 4058 0.4020082950592041
3898 3686 0.3741680085659027
3899 3681 0.5384141206741333
3901 3714 0.30740994215011597
3902 3724 0.3295612633228302
3905 3837 0.3646070957183838
3906 3947 0.35956937074661255
3907 3960 0.3236156702041626
3910 3998 0.28122279047966003
3911 4000 0.35726386308670044
3916 3910 0.2605237364768982
3917 3911 0.2573331594467163
3919 3975 0.2711486518383026
3923 3736 0.4273087978363037
3925 3680 0.32652604579925537
3929 3792 0.29911068081855774
3930 3821 0.3661315143108368
3931 3855 0.4342876076698303
3933 4010 0.2839021384716034
3934 3719 0.3190138041973114
3936 3790 0.25082629919052124
3937 3802 0.3155185580253601
3940 3996 0.3583267629146576
3942 4040 0.27925950288772583
3944 4077 0.4090152084827423
3945 4104 0.3319949805736542
3946 4129 0.3391958177089691
3949 3739 0.4056929349899292
3951 3804 0.2779785096645355
3954 3835 0.26106294989585876
3955 3836 0.324522465467453
3957 3884 0.2844257056713104
3960 4023 0.3890809714794159
3961 3997 0.30031058192253113
3963 4112 0.33123376965522766
3964 3753 0.2803535759449005
3967 3785 0.4273674786090851
3968 3772 0.4377480447292328
3972 3851 0.3293803036212921
3973 3865 0.3849259614944458
3974 3852 0.34841188788414
3978 4143 0.28538239002227783
3980 3786 0.3498906195163727
3982 3819 0.29909300804138184
3986 3880 0.4266442656517029
3988 4038 0.32933852076530457
3989 4039 0.38005560636520386
3990 4069 0.32849156856536865
3991 4099 0.2520398497581482
3996 3713 0.2935842275619507
3997 3834 0.29819443821907043
4000 3882 0.29537004232406616
4001 3883 0.3141161799430847
4006 4076 0.4880364239215851
4007 4103 0.33763280510902405
4010 4160 0.28767937421798706
4015 3878 0.26739102602005005
4019 4101 0.2593148350715637
4020 3892 0.2594788372516632
4021 3875 0.34452521800994873
4024 3934 0.4131709039211273
4026 4142 0.3755146265029907
4027 4170 0.35785752534866333
4028 3784 0.2838991582393646
4029 3893 0.3256043791770935
4030 3816 0.44361233711242676
4031 3849 0.30323106050491333
4037 3908 0.3469923436641693
4043 3801 0.42037758231163025
4044 3818 0.5017542243003845
4045 3872 0.35543179512023926
4046 3943 0.2922380864620209
4048 3907 0.2765994369983673
4051 3933 0.2888477146625519
4055 4178 0.5924741625785828
4056 4195 0.5365298986434937
4059 3906 0.27131059765815735
4061 3974 0.5205932259559631
4065 4208 0.32230421900749207
4068 3863 0.7365651726722717
4069 3773 0.3556772768497467
4071 3944 0.286109983921051
4074 4111 0.2593618333339691
4075 4205 0.2585054337978363
4076 4220 0.36615946888923645
4081 3848 0.4349113702774048
4082 3905 0.43629059195518494
4083 3957 0.3564899265766144
4085 4075 0.2543911635875702
4089 4207 0.46116772294044495
4091 4221 0.4259137213230133
4092 4225 0.25329840183258057
4095 3891 0.2874501049518585
4096 3918 0.2771877944469452
4101 4097 0.3448046147823334
4103 4125 0.3343019187450409
4105 4126 0.3439631760120392
4106 4168 0.505957305431366
4107 4264 0.25682565569877625
4108 4222 0.3521643579006195
4111 3817 0.3078136146068573
4112 3942 0.403903990983963
4116 3987 0.41169828176498413
4118 3988 0.29024773836135864
4119 3989 0.2781461179256439
4120 3991 0.44677621126174927
4124 4159 0.28221791982650757
4136 3930 0.3497408330440521
4138 4007 0.5030239224433899
4147 4250 0.40285724401474
4148 4263 0.30142271518707275
4151 3955 0.4647204279899597
4152 4119 0.29144513607025146
4154 4155 0.36365628242492676
4158 4202 0.5921736359596252
4159 4249 0.5815818309783936
4162 3941 0.3230319917201996
4164 3986 0.5571563243865967
4166 4156 0.254024863243103
4168 4167 0.3010713458061218
4169 4203 0.29195451736450195
4171 4246 0.393835186958313
4174 3952 0.2836166322231293
4175 4006 0.3094005286693573
4177 4037 0.42299073934555054
4178 4145 0.29981350898742676
4183 4304 0.3282764256000519
4188 4052 0.4152795970439911
4189 4193 0.2954573929309845
4192 4302 0.3624506890773773
4200 3954 0.3633342385292053
4201 4085 0.43325796723365784
4206 4192 0.33959004282951355
4207 4177 0.3313797414302826
4208 4261 0.38433390855789185
4211 4283 0.4708319902420044
4212 4284 0.521307647228241
4215 3953 0.28485649824142456
4216 4083 0.6659943461418152
4217 4051 0.27818164229393005
4219 4138 0.3346087634563446
4220 4189 0.3246614336967468
4221 4200 0.6113903522491455
4222 4190 0.9340940117835999
4226 4201 0.25152552127838135
4228 3985 0.5884457230567932
4229 4084 0.26418888568878174
4232 4093 0.3874606192111969
4233 4324 0.3262813985347748
4241 4015 0.4347550570964813
4242 4016 0.49685871601104736
4243 4017 0.4583519399166107
4246 3984 0.3524734675884247
4247 4021 0.4353022575378418
4248 4004 0.3597889244556427
4249 4005 0.3369537591934204
4250 4074 0.31734973192214966
4251 4106 0.4156782031059265
4252 4107 0.40852245688438416
4257 4260 0.3603833317756653
4260 3983 0.3755321800708771
4261 4118 0.36874422430992126
4265 4300 0.2886869013309479
4270 4003 0.30668962001800537
4271 4014 0.4113380014896393
4276 4242 0.6527373790740967
4280 4355 0.48563235998153687
4284 4031 0.2557711899280548
4285 4042 0.330465167760849
4286 4044 0.30231860280036926
4287 4064 0.4485449492931366
4290 4045 0.35113680362701416
4293 4048 0.2848179340362549
4294 4067 0.5609250664710999
4295 4134 0.3113372027873993
4296 4217 0.42155107855796814
4297 4218 0.32404372096061707
4298 4269 0.5959382653236389
4299 4219 0.41413384675979614
4302 4322 0.49366116523742676
4304 4372 0.579528272151947
4305 4381 0.3468305468559265
4306 4028 0.39336296916007996
4308 4063 0.2808261215686798
4309 4032 0.4980722963809967
4310 4049 0.37260016798973083
4311 4131 0.41867560148239136
4312 4165 0.31086575984954834
4313 4232 0.41224557161331177
4314 4259 0.3035765290260315
4315 4321 0.5183688402175903
4317 4371 0.3081948757171631
4318 4380 0.45545387268066406
4320 4062 0.26399749517440796
4321 4082 0.2934095561504364
4323 4229 0.3658906817436218
4324 4279 0.2672918438911438
4325 4295 0.37995919585227966
4326 4299 0.4542574882507324
4327 4354 0.397034227848053
4333 4066 0.283534973859787
4334 4046 0.3156747817993164
4335 4117 0.5437828898429871
4336 4230 0.3393436670303345
4337 4231 0.3951553404331207
4340 4301 0.2775096893310547
4342 4413 0.27811455726623535
4343 4414 0.3402007520198822
4347 4113 0.3663627505302429
4349 4353 0.39720502495765686
4352 4116 0.3542636036872864
4353 4153 0.38981151580810547
4357 4379 0.5698757767677307
4358 4386 0.40798985958099365
4360 4151 0.48809459805488586
4361 4175 0.5017097592353821
4362 4275 0.2767683267593384
4363 4278 0.2755620777606964
4366 4346 0.4161938726902008
4367 4347 0.27907925844192505
4368 4348 0.2685597240924835
4369 4408 0.6440581679344177
4370 4409 0.3306013345718384
4371 4442 0.3135433495044708
4374 4130 0.42967361211776733
4376 4114 0.522107720375061
4377 4079 0.28318148851394653
4379 4152 0.33851945400238037
4380 4174 0.3924936056137085
4381 4309 0.4854406714439392
4384 4345 0.4607672393321991
4385 4429 0.28491735458374023
4395 4344 0.4392857551574707
4396 4360 0.34036755561828613
4399 4424 0.37203913927078247
4404 4370 0.2633110582828522
4405 4412 0.3299776613712311
4407 4180 0.32373976707458496
4409 4115 0.26372218132019043
4410 4150 0.3254845440387726
4411 4162 0.3973168134689331
4413 4333 0.3283791244029999
4414 4368 0.5098166465759277
4415 4359 0.4549355208873749
4416 4369 0.4151097238063812
4418 4432 0.42341089248657227
4423 4147 0.41070103645324707
4424 4148 0.26605409383773804
4426 4163 0.4081295430660248
4427 4185 0.3456991910934448
4428 4228 0.30502697825431824
4430 4343 0.38825660943984985
4431 4384 0.3916773200035095
4432 4375 0.3064308762550354
4433 4385 0.2908506691455841
4436 4439 0.3435307741165161
4437 4440 0.32375243306159973
4438 4461 0.2968636453151703
4444 4216 0.35339099168777466
4445 4342 0.35197365283966064
4446 4390 0.41741180419921875
4448 4397 0.44364744424819946
4450 4476 0.4311525523662567
4451 4484 0.9092382788658142
4453 4444 0.2695794701576233
4455 4310 0.3317161798477173
4456 4330 0.38219133019447327
4460 4367 0.33648204803466797
4461 4394 0.26403021812438965
4462 4396 0.3448411226272583
4463 4378 0.2973251938819885
4464 4438 0.3312830626964569
4465 4161 0.34889301657676697
4466 4197 0.32438352704048157
4468 4286 0.2641710042953491
4469 4183 0.31036752462387085
4471 4186 0.3149131238460541
4473 4268 0.2794625163078308
4474 4240 0.29241788387298584
4475 4392 0.42186033725738525
4476 4393 0.2511482238769531
4478 4422 0.3417147099971771
4480 4485 0.3896234631538391
4483 4184 0.2885308265686035
4484 4227 0.3053552806377411
4485 4274 0.2802696228027344
4487 4457 0.2713579535484314
4488 4491 0.4602051079273224
4491 4236 0.3208009898662567
4494 4212 0.36071687936782837
4495 4365 0.27228936553001404
4496 4366 0.29502883553504944
4498 4427 0.3363889753818512
4501 4407 0.29264917969703674
4502 4428 0.2681819498538971
4503 4508 0.4276740849018097
4504 4237 0.29235124588012695
4506 4421 0.29369568824768066
4507 4458 0.3015891909599304
4509 4509 0.5289068818092346
4510 4520 0.39588066935539246
4512 4513 0.27367329597473145
4513 4265 0.3052784204483032
4520 4272 0.3364178538322449
4522 4252 0.33169370889663696
4524 4253 0.3492482304573059
4525 4254 0.37172988057136536
4526 4287 0.40720346570014954
4527 4288 0.41084325313568115
4528 4255 0.2562558352947235
4529 4256 0.28491300344467163
4532 4291 0.31432414054870605
4533 4292 0.7945930361747742
4534 4308 0.28842437267303467
4536 4293 0.416767418384552
4537 4388 0.3035198152065277
4538 4389 0.2575118839740753
4540 4404 0.4471368193626404
4541 4452 0.2560049891471863
4542 4468 0.2720697522163391
4545 4471 0.3377703130245209
4546 4472 0.2778772711753845
4551 4273 0.29354363679885864
4553 4453 0.29269158840179443
4555 4469 0.30704399943351746
4558 4266 0.2546948492527008
4559 4326 0.41747191548347473
4560 4327 0.29639068245887756
4561 4319 0.3661339581012726
4569 4289 0.27157047390937805
4570 4290 0.35115957260131836
4572 4307 0.5093433260917664
4573 4340 0.2660573720932007
4574 4341 0.2637833058834076
4575 4328 0.28476226329803467
4576 4426 0.3347622752189636
4577 4403 0.35280370712280273
4578 4436 0.5105513334274292
4579 4482 0.3495011031627655
4580 4470 0.33247438073158264
4586 4496 0.32519039511680603
4587 4483 0.4483824372291565
4589 4516 0.5440022945404053
4591 4318 0.43513956665992737
4592 4356 0.4112999737262726
4595 4306 0.4591516852378845
4600 4317 0.2918417453765869
4602 4481 0.43241339921951294
4604 4504 0.4156322181224823
4605 4505 0.3689623177051544
4606 4526 0.42704564332962036
4607 4517 0.2549305558204651
4608 4580 0.34030264616012573
4610 4335 0.450483500957489
4611 4314 0.401419460773468
4612 4315 0.2723695933818817
4613 4339 0.4352150857448578
4614 4478 0.3976480960845947
4615 4503 0.44431939721107483
4619 4583 0.28849369287490845
4622 4337 0.3678566515445709
4623 4316 0.37059155106544495
4624 4338 0.4822825491428375
4626 4480 0.8603406548500061
4627 4502 0.8293114304542542
4631 4352 0.39324331283569336
4632 4525 0.41044458746910095
4637 4362 0.3760529160499573
4639 4364 0.3192746341228485
4642 4605 0.3089556097984314
4643 4606 0.28197580575942993
4649 4363 0.2872316837310791
4650 4501 0.25917959213256836
4651 4512 0.2505907714366913
4657 4402 0.5711837410926819
4658 4551 0.3752940893173218
4662 4383 0.43417373299598694
4673 4417 0.3302799165248871
4675 4538 0.3690069913864136
4676 4569 0.41219839453697205
4678 4563 0.38158857822418213
4683 4559 0.2640276849269867
4684 4589 0.3088969886302948
4688 4447 0.2825567126274109
4690 4588 0.29920539259910583
4695 4604 0.2848157584667206
4701 4603 0.27382445335388184
4702 4573 0.2801362872123718
4703 4574 0.25086623430252075
4704 4614 0.2593845725059509
4707 4464 0.36935240030288696
4708 4465 0.4311944842338562
4712 4449 0.32168516516685486
4713 4450 0.3105436861515045
4714 4575 0.27312836050987244
4717 4577 0.2822774350643158
4721 4634 0.26194554567337036
4722 4463 0.38289397954940796
4723 4466 0.4331803023815155
4724 4591 0.27799972891807556
4726 4615 0.2588769793510437
4728 4467 0.6633946895599365
4731 4656 0.2840253412723541
4734 4631 0.28064435720443726
4735 4623 0.25240352749824524
4742 4622 0.39264073967933655
4744 4650 0.2788946330547333
4745 4651 0.26773014664649963
4746 4514 0.3259256184101105
4752 4659 0.37770262360572815
4753 4660 0.32802513241767883
4754 4500 0.7812272906303406
4759 4669 0.33352968096733093
4761 4511 0.3834431767463684
4762 4683 0.3796114921569824
4763 4531 0.4430263638496399
4767 4530 0.3016337752342224
4768 4543 0.6059553623199463
4769 4532 0.3081543445587158
4770 4533 0.34673231840133667
4771 4689 0.34768396615982056
4772 4537 0.2988058924674988
4773 4572 0.2804305851459503
4776 4542 0.42761293053627014
4777 4561 0.374019593000412
4778 4548 0.25429195165634155
4779 4613 0.7520172595977783
4780 4554 0.2954421639442444
4785 4701 0.2980886399745941
4786 4703 0.3135639727115631
4787 4553 0.2537727952003479
4788 4586 0.348338782787323
4789 4587 0.3016910254955292
4791 4570 0.27617350220680237
4792 4597 0.5517418384552002
4793 4590 0.6168640851974487
4795 4598 0.2910654544830322
4796 4699 0.4663987159729004
4798 4571 0.3088436722755432
4799 4567 0.44733473658561707
4800 4611 0.3264787197113037
4801 4646 0.2881104052066803
4804 4726 0.42179515957832336
4806 4596 0.48692622780799866
4808 4619 0.3917692303657532
4809 4620 0.3930753469467163
4810 4621 0.452795147895813
4811 4612 0.6370126008987427
4812 4629 0.2896847128868103
4813 4727 0.4501931667327881
4815 4655 0.416257381439209
4817 4735 0.3460993468761444
4820 4742 0.39021843671798706
4822 4749 0.3791238069534302
4823 4754 0.3861517906188965
4824 4755 0.3664347231388092
4826 4748 0.2716178894042969
4831 4664 0.35261568427085876
4832 4741 0.414164274930954
4833 4777 0.35252928733825684
4835 4677 0.25042927265167236
4838 4776 0.3262645900249481
4841 4663 0.4008972644805908
4844 4763 0.2830581068992615
4846 4769 0.2622534930706024
4847 4668 0.26424333453178406
4848 4657 0.3415449559688568
4851 4759 0.40059036016464233
4852 4760 0.3546300232410431
4853 4775 0.2567056715488434
4854 4772 0.3875293433666229
4855 4773 0.27095091342926025
4856 4774 0.28605541586875916
4857 4783 0.2866430878639221
4859 4679 0.36506950855255127
4860 4673 0.280745267868042
4861 4676 0.5842552185058594
4862 4681 0.27989462018013
4863 4714 0.38693514466285706
4864 4780 0.3692636489868164
4865 4662 0.3249417841434479
4866 4791 0.30343499779701233
4868 4799 0.3560730218887329
4869 4803 0.26423802971839905
4870 4675 0.8696390390396118
4873 4672 0.3830755054950714
4875 4695 0.2949683666229248
4877 4794 0.3164491355419159
4878 4691 0.445095956325531
4879 4685 0.36768442392349243
4880 4802 0.3874964416027069
4883 4684 0.473799467086792
4884 4692 0.36571556329727173
4885 4693 0.383271723985672
4887 4694 0.43364569544792175
4893 4708 0.39190638065338135
4894 4834 0.3532141149044037
4896 4825 0.25426915287971497
4898 4702 0.3686795234680176
4899 4828 0.30545517802238464
4900 4807 0.26878851652145386
4902 4829 0.30194979906082153
4903 4687 0.5708826184272766
4904 4705 0.25464966893196106
4906 4832 0.25480636954307556
4911 4824 0.3738452196121216
4913 4725 0.3152448534965515
4914 4820 0.3361446261405945
4915 4822 0.2970304489135742
4916 4823 0.3328341245651245
4919 4706 0.29427632689476013
4922 4711 0.4068906009197235
4925 4751 0.3528117835521698
4926 4710 0.4256623685359955
4927 4722 0.34381985664367676
4928 4730 0.3565908968448639
4929 4733 0.35470646619796753
4930 4732 0.3206498920917511
4931 4712 0.3516911268234253
4935 4721 0.3302953243255615
4936 4724 0.27649685740470886
4939 4857 0.2673749625682831
4941 4739 0.3171110451221466
4942 4856 0.25639787316322327
4943 4859 0.4171547293663025
4946 4744 0.46389150619506836
4947 4745 0.3310575485229492
4949 4779 0.49544113874435425
4951 4864 0.2608897089958191
4956 4865 0.27057674527168274
4961 4753 0.38518226146698
4965 4770 0.3677047789096832
4968 4869 0.2883756756782532
4970 4870 0.2795846164226532
4979 4771 0.2635255753993988
4984 4875 0.27587947249412537
4987 4792 0.46020862460136414
4988 4787 0.41394156217575073
4989 4788 0.46642717719078064
4990 4789 0.5831379890441895
4991 4798 0.2684096693992615
4992 4882 0.2551348805427551
4999 4797 0.3533225953578949
5000 4819 0.2525427043437958
5005 4804 0.36004120111465454
5009 4813 0.2716207504272461
5013 4852 0.39957430958747864
5016 4826 0.30633971095085144
5017 4808 0.2884661853313446
5018 4817 0.332612007856369
5019 4839 0.2591153383255005
5021 4831 0.34639519453048706
5023 4868 0.3225772976875305
5027 4840 0.31526681780815125
5028 4854 0.3158961236476898
5029 4850 0.26651373505592346
5031 4843 0.30627164244651794
5032 4844 0.31869634985923767
5033 4845 0.2978127598762512
5037 4849 0.2525422275066376
5039 4895 0.43515118956565857
5040 4879 0.32504838705062866
5043 4881 0.3209846317768097
5044 4874 0.6755918860435486
5048 4888 0.3023010194301605
5049 4878 0.35950833559036255
5051 4887 0.3470532298088074
5055 4894 0.37180647253990173
5056 4900 0.4368855655193329
5057 4898 0.4296969473361969
5058 4899 0.3013514280319214
5059 4901 0.497819185256958
5061 4905 0.8687545657157898
5062 4906 0.3367292284965515
5063 4907 0.4069395065307617
5064 4909 0.33049288392066956
5066 4908 0.3176579773426056
