1404
13 80 0.33004438877105713
32 95 0.272491455078125
42 102 0.25516748428344727
48 109 0.25363463163375854
176 296 0.2541176378726959
211 295 0.37382134795188904
227 339 0.3176907002925873
236 369 0.26189881563186646
243 323 0.2936175465583801
246 370 0.2686406672000885
249 351 0.2813950181007385
250 392 0.4016982614994049
254 347 0.2549067437648773
263 361 0.3346167206764221
266 390 0.2626449465751648
270 389 0.3123838007450104
287 374 0.2677551805973053
296 423 0.26905396580696106
310 400 0.27014875411987305
312 421 0.3049781024456024
325 335 0.46488311886787415
328 446 0.33567947149276733
341 366 0.552147626876831
360 411 0.29254090785980225
361 409 0.5601665377616882
367 353 0.5121660232543945
375 466 0.5653427839279175
377 424 0.2959534525871277
382 449 0.2687472701072693
388 435 0.35860708355903625
390 480 0.3107798099517822
396 542 0.38332033157348633
399 520 0.2765941619873047
415 574 0.2831731140613556
422 483 0.38115394115448
423 476 0.7411834597587585
426 467 0.3292926549911499
427 501 0.3296508491039276
432 495 0.3450101912021637
436 506 0.34035682678222656
438 488 0.4705716371536255
452 498 0.3630252778530121
453 494 0.3138161599636078
458 509 0.42140838503837585
462 539 0.28038352727890015
467 516 0.45352205634117126
474 540 0.3347696363925934
478 517 0.36505627632141113
481 515 0.341935396194458
491 638 0.45919153094291687
496 551 0.32638999819755554
497 603 0.5265475511550903
505 558 0.3484058976173401
508 601 0.3146831691265106
515 554 0.3847101628780365
518 618 0.29052576422691345
523 544 0.2501416504383087
524 556 0.30688154697418213
530 684 0.26785528659820557
541 628 0.29409059882164
558 565 0.2864345908164978
559 597 0.3132931590080261
566 669 0.32065173983573914
572 668 0.41580745577812195
573 689 0.36617448925971985
575 690 0.2637825608253479
578 624 0.26742061972618103
579 625 0.3338049352169037
580 644 0.43292009830474854
581 667 0.37841254472732544
587 594 0.2910807132720947
588 622 0.3823750615119934
592 724 0.6376361846923828
594 631 0.41596293449401855
595 623 0.3010067641735077
599 708 0.39077815413475037
602 719 0.3744718134403229
604 640 0.2940056324005127
605 632 0.37910500168800354
606 658 0.2820979356765747
611 740 0.3059009313583374
613 746 0.26528361439704895
614 712 0.9037694334983826
615 649 0.34875595569610596
623 656 0.26311951875686646
626 784 0.3724161386489868
627 655 0.3135053515434265
628 663 0.364554226398468
629 664 0.35477039217948914
630 657 0.37906306982040405
638 717 0.3351599872112274
639 674 0.5494188666343689
640 679 0.3374396562576294
645 738 0.3004973530769348
648 781 0.2887147068977356
649 782 0.3277827799320221
650 793 0.4407351613044739
658 783 0.3003675639629364
660 678 0.30819666385650635
668 694 0.41081464290618896
669 688 0.3693636655807495
670 376 0.37525972723960876
675 715 0.4102035164833069
676 728 0.44580963253974915
680 702 0.37738436460494995
682 743 0.32965871691703796
688 686 0.51105797290802
690 378 0.27422481775283813
691 737 0.5718775987625122
692 767 0.28152573108673096
696 779 0.2601657211780548
702 403 0.2692192494869232
703 387 0.2768559753894806
708 809 0.5714567303657532
710 726 0.611962616443634
716 830 0.3112606108188629
728 843 0.41171321272850037
730 734 0.29784995317459106
732 455 0.2729663848876953
737 755 0.4090464115142822
738 478 0.2748602628707886
753 889 0.2994565963745117
756 756 0.25932547450065613
757 787 0.3245880603790283
759 900 0.27405279874801636
762 769 0.4598839581012726
774 788 0.37670618295669556
791 901 0.2622329890727997
794 798 0.44280630350112915
795 795 0.29457733035087585
796 801 0.37720516324043274
798 470 0.29264190793037415
805 460 0.30632978677749634
810 895 0.4208308458328247
811 902 0.40945467352867126
812 903 0.5159910321235657
820 925 0.31088948249816895
836 825 0.36634597182273865
840 834 0.3301498293876648
842 977 0.2630031108856201
852 985 0.32445716857910156
853 1000 0.3810187578201294
865 965 0.5717445611953735
870 952 0.556624174118042
871 953 0.6620870232582092
873 841 0.3207624554634094
879 1052 0.2947453558444977
882 966 0.3415130376815796
897 1001 0.42880454659461975
900 867 0.3416762351989746
902 570 0.26832112669944763
904 1007 0.30187320709228516
914 1030 0.5252971649169922
920 1031 0.47513338923454285
921 986 0.3165849447250366
923 865 0.6250086426734924
929 1038 0.37155622243881226
932 580 0.26389452815055847
942 1067 0.33671990036964417
943 1032 0.29622650146484375
946 958 0.35528743267059326
957 926 0.33104050159454346
959 838 0.26034143567085266
961 1156 0.39543014764785767
962 1134 0.3363690972328186
968 1132 0.3297857642173767
969 1157 0.25281742215156555
970 1113 0.5301572680473328
971 1069 0.40342509746551514
974 904 0.32606053352355957
977 626 0.3511163890361786
982 1081 0.31994184851646423
983 905 0.2848260700702667
984 933 0.8076543211936951
1002 1158 0.4921625554561615
1003 1159 0.3246537148952484
1010 969 0.26041021943092346
1011 937 0.27489301562309265
1015 643 0.594413697719574
1020 989 0.25557491183280945
1039 967 0.2816213369369507
1041 1021 0.48021677136421204
1042 936 0.3159642219543457
1046 1205 0.37529802322387695
1050 1043 0.2673007845878601
1062 1259 0.2806529104709625
1063 1249 0.3314492702484131
1064 1240 0.4766901433467865
1065 1042 0.2966992259025574
1067 1024 0.6027272939682007
1075 1260 0.405914306640625
1076 1261 0.47417736053466797
1083 1046 0.31083789467811584
1093 1312 0.3246085047721863
1094 1295 0.3395625054836273
1095 1296 0.5169352293014526
1096 1297 0.3864767253398895
1097 1269 0.2920656204223633
1100 1058 0.3849410116672516
1101 1073 0.7854421138763428
1110 1057 0.27944839000701904
1115 1025 0.3164267838001251
1120 1331 0.2740645408630371
1123 1139 0.3566898703575134
1124 1126 0.2963361144065857
1125 1115 0.4124787747859955
1126 1128 0.27612030506134033
1127 1085 0.46916550397872925
1129 699 0.4700656831264496
1130 1026 0.33327943086624146
1131 1037 0.4761776328086853
1137 1141 0.30353832244873047
1148 1333 0.3807365298271179
1149 1334 0.3100719451904297
1151 1176 0.359421968460083
1174 1160 0.25896120071411133
1185 1404 0.2619020640850067
1187 1177 0.3082548677921295
1189 757 0.652513325214386
1195 1418 0.2604678273200989
1196 1419 0.5724461674690247
1199 1108 0.2683149576187134
1203 1439 0.2641019821166992
1205 1452 0.41989558935165405
1206 1421 0.34762099385261536
1214 1350 0.370692640542984
1217 1143 0.600400984287262
1221 1423 0.4019373655319214
1226 1180 0.29623666405677795
1227 1181 0.3227699398994446
1230 1459 0.32743003964424133
1231 1422 0.3559630215167999
1232 1390 0.4384010136127472
1241 1251 0.287749320268631
1243 842 0.26215794682502747
1244 826 0.31517091393470764
1248 1484 0.37145206332206726
1249 1485 0.38805893063545227
1253 837 0.25446176528930664
1260 1486 0.390399694442749
1261 1487 0.28468024730682373
1262 1424 0.35931330919265747
1271 1516 0.3478919267654419
1272 1467 0.3343070149421692
1286 847 0.371969610452652
1292 1270 0.25828438997268677
1293 1244 0.2664804458618164
1310 868 0.3299764096736908
1312 870 0.26858505606651306
1318 1515 0.7588194608688354
1321 1469 0.30183231830596924
1322 1478 0.4214537739753723
1323 1470 0.49387118220329285
1330 1307 0.37696853280067444
1337 1546 0.5049286484718323
1339 1533 0.25426432490348816
1340 1471 0.3953664302825928
1343 1383 0.4599892199039459
1349 1570 0.5125573873519897
1350 1370 0.28476929664611816
1351 918 0.26146334409713745
1359 1581 0.685823917388916
1361 1274 0.26857227087020874
1362 920 0.5575469732284546
1376 1429 0.433169960975647
1381 1545 0.29455626010894775
1382 1428 0.46158573031425476
1384 917 0.34075403213500977
1388 1359 0.2504211664199829
1391 1371 0.3397267460823059
1400 1568 0.4189104437828064
1401 1571 0.28031986951828003
1415 1450 0.3606305420398712
1418 1441 0.2554771900177002
1423 1373 0.2617899477481842
1424 1360 0.28425106406211853
1426 1449 0.2663259506225586
1428 1560 0.8408349752426147
1430 1355 0.5463314652442932
1432 1582 0.32961785793304443
1433 1583 0.32622289657592773
1434 1585 0.3178313076496124
1443 1540 0.4444105327129364
1444 1584 0.5079627633094788
1447 1534 0.2882637679576874
1460 1463 0.4116723835468292
1462 1634 0.3795691430568695
1464 1541 0.36136969923973083
1467 1445 0.2583632469177246
1478 1612 0.33633124828338623
1479 1587 0.3201723098754883
1485 992 0.35884520411491394
1494 1644 0.35780805349349976
1495 1657 0.35068702697753906
1496 1645 0.40472257137298584
1500 1510 0.29417699575424194
1511 1633 0.30057820677757263
1516 1573 0.3147335946559906
1518 1527 0.3707619309425354
1520 980 0.34004634618759155
1533 1697 0.29660558700561523
1538 1491 0.2997749149799347
1539 1444 0.33034226298332214
1542 1521 0.3612136244773865
1556 1699 0.25032445788383484
1557 1684 0.42561283707618713
1562 1483 0.29418399930000305
1564 1446 0.34280097484588623
1565 1538 0.3567337691783905
1576 1700 0.4520689845085144
1577 1672 0.3509637117385864
1578 1498 0.2848065197467804
1581 1552 0.5091422200202942
1582 1553 0.47242510318756104
1583 1482 0.3422721028327942
1584 1511 0.3219785690307617
1591 1730 0.2553381025791168
1592 1731 0.387582927942276
1593 1732 0.31367582082748413
1594 1733 0.38220006227493286
1598 1574 0.2814280390739441
1599 1502 0.29192861914634705
1602 1544 0.4111654460430145
1605 1734 0.2812914550304413
1606 1575 0.5057686567306519
1628 1744 0.5663103461265564
1629 1756 0.5969940423965454
1633 1621 0.287202388048172
1649 1536 0.309438019990921
1651 1757 0.28142133355140686
1652 1758 0.2688903212547302
1656 1565 0.32040902972221375
1657 1595 0.5043876767158508
1658 1604 0.2955571413040161
1664 1659 0.3361888527870178
1665 1660 0.383225679397583
1666 1661 0.3152947723865509
1667 1677 0.28351494669914246
1676 1662 0.33738625049591064
1681 1809 0.4055652618408203
1683 1787 0.3124985098838806
1689 1853 0.3668294847011566
1690 1828 0.381647527217865
1697 1564 0.27395033836364746
1703 1786 0.25219035148620605
1706 1704 0.2880145311355591
1708 1557 0.29045790433883667
1711 1631 0.45998308062553406
1714 1816 0.48005789518356323
1715 1842 0.3340960144996643
1719 1763 0.3100222945213318
1720 1679 0.2508147954940796
1722 1558 0.3545421063899994
1727 1642 0.4144538938999176
1728 1624 0.2686765193939209
1730 1852 0.9240447878837585
1742 1773 0.40663573145866394
1746 1193 0.5471965670585632
1754 1740 0.2553822100162506
1757 1652 0.27055197954177856
1764 1715 0.3487705886363983
1774 1762 0.2796264886856079
1775 1772 0.38805708289146423
1780 1609 0.28252628445625305
1784 1790 0.3123849928379059
1786 1689 0.38695913553237915
1790 2395 0.6759656667709351
1793 1881 0.8760602474212646
1794 1882 0.41831082105636597
1797 1819 0.2891404330730438
1798 1750 0.3618566393852234
1806 1789 0.25407886505126953
1810 1693 0.2944408357143402
1817 1801 0.25889724493026733
1818 1802 0.3601219058036804
1835 1847 0.40957340598106384
1836 1742 0.2921859622001648
1845 1846 0.38621070981025696
1847 1856 0.34535419940948486
1851 1666 0.3888213038444519
1852 1667 0.2771666347980499
1859 1909 0.4475088119506836
1865 1668 0.3495357632637024
1868 1937 0.28369101881980896
1871 1858 0.2786141633987427
1872 1691 0.31164199113845825
1874 1968 0.2602890431880951
1875 1931 0.4010578691959381
1878 1855 0.33200132846832275
1879 1803 0.3648366630077362
1882 1812 0.35291746258735657
1885 1706 0.2848714292049408
1886 1777 0.3426431119441986
1895 1992 0.2688572406768799
1909 1885 0.2881615161895752
1910 1837 0.414852499961853
1914 1784 0.48169049620628357
1918 1775 0.3469443619251251
1922 2005 0.2869458496570587
1925 2041 0.4012487530708313
1926 2000 0.27861201763153076
1927 1877 0.25819575786590576
1930 1395 0.33262088894844055
1933 1990 0.2616092562675476
1936 2038 0.2985017001628876
1937 2039 0.31823015213012695
1945 1767 0.4533841013908386
1949 2061 0.303285151720047
1950 2040 0.29747268557548523
1952 2028 0.2843988537788391
1953 1887 0.3370440602302551
1955 1394 0.41079702973365784
1962 2120 0.31035685539245605
1963 2049 0.2855933904647827
1964 1932 0.37961873412132263
1967 1396 0.29063549637794495
1969 1398 0.257318913936615
1983 1792 0.29079964756965637
1989 2062 0.40656206011772156
1990 1868 0.2849763333797455
1992 1904 0.4082249402999878
1994 1821 0.2518269717693329
1999 1841 0.3154529929161072
2002 2059 0.2881653904914856
2005 1976 0.526391863822937
2006 1977 0.3024766445159912
2015 2156 0.2560271918773651
2016 2106 0.30356350541114807
2020 2011 0.26577994227409363
2022 2050 0.4702436923980713
2024 1782 0.25871163606643677
2025 1839 0.6242294907569885
2031 1827 0.3412926197052002
2034 2103 0.3399905562400818
2036 1905 0.4199135899543762
2041 1850 0.2833665609359741
2042 1794 0.2581157386302948
2043 1826 0.3472558259963989
2048 2098 0.25146985054016113
2052 1978 0.32686254382133484
2055 2180 0.32877081632614136
2056 2116 0.2768535912036896
2057 2146 0.2727457284927368
2070 2145 0.2782493233680725
2071 2134 0.40753448009490967
2074 1860 0.2823035418987274
2076 1880 0.28603631258010864
2079 1898 0.35237061977386475
2084 2117 0.2644888758659363
2092 2182 0.2661629617214203
2093 2169 0.3083745241165161
2100 2166 0.8132858276367188
2101 2275 0.3190777003765106
2104 2187 0.2567886710166931
2105 2219 0.45397165417671204
2106 2220 0.40256690979003906
2107 2075 0.27512645721435547
2110 1878 0.2620994746685028
2120 2216 0.2623680531978607
2122 2043 0.38297322392463684
2131 2168 0.2712640166282654
2132 2221 0.47433021664619446
2133 2222 0.30976930260658264
2145 2214 0.2759797275066376
2147 2246 0.3124246299266815
2151 2076 0.33450600504875183
2162 2708 0.3693791627883911
2163 2685 0.30794987082481384
2168 2244 0.3375619649887085
2173 1916 0.27729037404060364
2175 2242 0.3423328101634979
2176 2199 0.477012574672699
2177 2200 0.36340320110321045
2178 2201 0.3782108724117279
2188 2223 0.3084595203399658
2191 2108 0.30368685722351074
2193 1924 0.29029563069343567
2194 1939 0.2730054557323456
2206 2268 0.3267291486263275
2208 2135 0.4152114987373352
2215 2277 0.3064989745616913
2216 2269 0.2681816816329956
2218 2085 0.262472927570343
2221 2350 0.2729133069515228
2224 2288 0.4343874454498291
2225 2289 0.42068520188331604
2237 2014 0.4170902669429779
2238 1989 0.2967173159122467
2240 1999 0.30817607045173645
2245 2327 0.5806685090065002
2247 2171 0.31774917244911194
2253 2836 0.30245617032051086
2254 2820 0.2694915533065796
2256 2325 0.5033526420593262
2257 2364 0.2696380913257599
2263 2791 0.2850779891014099
2264 2837 0.3176955580711365
2265 2838 0.28693243861198425
2266 2839 0.2918751537799835
2268 2303 0.2754979729652405
2269 2329 0.3946634829044342
2272 2052 0.26954808831214905
2273 2087 0.2897697985172272
2278 2032 0.27818670868873596
2283 2363 0.3808269500732422
2285 2290 0.7291102409362793
2286 2351 0.3688472807407379
2287 2202 0.3263968527317047
2296 2389 0.43727195262908936
2297 2280 0.33734893798828125
2311 2055 0.3821960687637329
2320 2375 0.31217801570892334
2322 2378 0.30282849073410034
2323 2387 0.43060436844825745
2324 2306 0.3482995927333832
2325 2237 0.30537161231040955
2332 2070 0.26155486702919006
2341 2095 0.3632129728794098
2342 2046 0.4222109019756317
2346 2377 0.26038092374801636
2350 2147 0.25170356035232544
2362 2374 0.3182990550994873
2363 2423 0.4270945191383362
2366 2292 0.28356632590293884
2383 2413 0.3511311113834381
2385 2470 0.36933690309524536
2386 2471 0.3963710367679596
2387 2459 0.3525312840938568
2388 2460 0.35103604197502136
2399 2396 0.34655314683914185
2400 2458 0.3629636764526367
2404 2400 0.30139511823654175
2405 2401 0.27888426184654236
2407 2331 0.298987478017807
2415 2151 0.40148991346359253
2419 2129 0.27849993109703064
2429 2185 0.2921781539916992
2432 2414 0.2730819880962372
2433 2402 0.5520849823951721
2438 2090 0.2507361173629761
2441 2138 0.278230220079422
2442 2190 0.27848291397094727
2443 2139 0.4533434510231018
2448 2456 0.6917258501052856
2449 2520 0.5148540735244751
2450 2435 0.3017764985561371
2452 2438 0.2880612313747406
2453 2462 0.26864781975746155
2454 2473 0.2525906264781952
2455 2365 0.34102484583854675
2464 2513 0.3068748116493225
2470 2191 0.2701703906059265
2472 2467 0.5202760696411133
2473 2500 0.35678616166114807
2475 2511 0.2616910934448242
2476 2403 0.31229859590530396
2484 2512 0.30775609612464905
2486 2238 0.27431321144104004
2490 2208 0.3626021146774292
2492 2228 0.2782381772994995
2496 2195 0.46432968974113464
2498 2541 0.26910144090652466
2499 2543 0.37273237109184265
2503 2239 0.37513020634651184
2509 2542 0.3317130208015442
2510 2563 0.6173778176307678
2520 2580 0.27172747254371643
2528 2148 0.4140967130661011
2529 2255 0.33748987317085266
2530 2231 0.36051294207572937
2531 2553 0.2534228265285492
2533 2600 0.351954847574234
2534 2514 0.5182813405990601
2538 2579 0.26892876625061035
2539 2581 0.2847663164138794
2540 2562 0.4263160228729248
2541 2601 0.6850800514221191
2542 2544 0.2572968304157257
2543 2554 0.2595389783382416
2544 2523 0.48240765929222107
2548 2352 0.3062000870704651
2550 2188 0.2856225371360779
2552 2189 0.3092730939388275
2554 2618 0.25662145018577576
2566 2617 0.2966598868370056
2567 2590 0.37984687089920044
2570 2284 0.3096083402633667
2572 2644 0.3529511094093323
2575 2406 0.30896472930908203
2576 2367 0.42927098274230957
2577 2308 0.3044358789920807
2578 2250 0.3414016664028168
2579 2251 0.3571534752845764
2580 2296 0.29762762784957886
2581 2252 0.4272892475128174
2588 2282 0.34319937229156494
2589 2149 0.3798479735851288
2590 2150 0.2799373269081116
2592 3057 0.25857940316200256
2595 2441 0.29746532440185547
2596 2125 0.2737025320529938
2597 2259 0.28719690442085266
2598 2359 0.48519444465637207
2600 2318 0.29393890500068665
2603 2320 0.270711213350296
2604 2273 0.5880849957466125
2606 2689 0.3122137486934662
2608 2440 0.3034772574901581
2609 2442 0.3323764204978943
2610 2407 0.33762893080711365
2612 2281 0.2989392876625061
2613 2283 0.43454694747924805
2614 2297 0.3033386468887329
2616 3092 0.40456900000572205
2619 2690 0.8838849663734436
2620 2700 0.2929241955280304
2621 2645 0.2958250343799591
2622 2443 0.40082499384880066
2623 2444 0.5768072009086609
2624 2479 0.2522408664226532
2626 2160 0.283738374710083
2629 2372 0.33452197909355164
2633 2699 0.5556079745292664
2647 2723 0.29852333664894104
2650 2313 0.39073529839515686
2656 2643 0.34193408489227295
2657 2745 0.39915725588798523
2659 2701 0.29243016242980957
2663 2335 0.25818121433258057
2672 3103 0.2937379777431488
2673 2307 0.3379916846752167
2682 3104 0.268135666847229
2683 3078 0.29652976989746094
2688 2757 0.28322848677635193
2689 2736 0.2978868782520294
2692 2503 0.41271406412124634
2694 2312 0.37268972396850586
2695 2347 0.35295987129211426
2696 2371 0.31788283586502075
2704 2356 0.4908285439014435
2707 2450 0.25578582286834717
2708 3176 0.29188016057014465
2711 2659 0.30530694127082825
2715 2370 0.29567331075668335
2716 2316 0.4371527135372162
2720 2781 0.30630552768707275
2727 2355 0.35956868529319763
2728 2418 0.262520968914032
2740 2732 0.258902907371521
2742 2756 0.3580343723297119
2745 2796 0.35290130972862244
2749 2564 0.28851571679115295
2751 2425 0.3621421456336975
2754 2455 0.398688942193985
2755 3188 0.2980855405330658
2757 2815 0.33348292112350464
2761 2484 0.3310360908508301
2763 2496 0.6748242974281311
2765 2419 0.3019258975982666
2766 3215 0.29203081130981445
2772 2822 0.29006123542785645
2774 2449 0.46025338768959045
2782 2744 0.3181312382221222
2783 2840 0.29338160157203674
2786 2556 0.35237565636634827
2787 2447 0.3124895691871643
2788 2431 0.27262377738952637
2789 2432 0.369721382856369
2795 2445 0.560603678226471
2796 2424 0.27415263652801514
2799 2774 0.38115358352661133
2800 2853 0.34586969017982483
2801 2841 0.32521334290504456
2807 2508 0.3571579158306122
2811 2780 0.4262530207633972
2812 2871 0.37604859471321106
2815 3255 0.2572592794895172
2817 3266 0.26132774353027344
2821 2516 0.40572619438171387
2829 3256 0.2648998498916626
2833 2852 0.3763901889324188
2836 3293 0.32722151279449463
2845 2856 0.33873450756073
2846 2860 0.3282667398452759
2847 2885 0.27002382278442383
2855 2509 0.4792550802230835
2857 2573 0.3980521857738495
2859 3355 0.3081907629966736
2860 3343 0.324351966381073
2861 3328 0.3884543776512146
2865 3267 0.282792866230011
2873 2526 0.3543889820575714
2875 2560 0.3144593834877014
2876 2530 0.2599276304244995
2877 2510 0.3057737648487091
2886 2532 0.3119562864303589
2887 3342 0.31034591794013977
2895 2942 0.2783820331096649
2903 2536 0.26818808913230896
2904 2527 0.26971009373664856
2906 2609 0.32868367433547974
2907 2550 0.40662798285484314
2909 3344 0.2629040479660034
2913 2567 0.28403618931770325
2915 2559 0.32066610455513
2916 2606 0.3872659206390381
2922 2547 0.42580446600914
2926 3430 0.2730679214000702
2930 2930 0.2648129463195801
2931 2943 0.2992410659790039
2933 2782 0.391011506319046
2937 2585 0.3916485607624054
2938 2557 0.2645554840564728
2939 2571 0.2785721719264984
2940 2587 0.48004233837127686
2943 2574 0.30183231830596924
2948 3346 0.2790380120277405
2950 2816 0.383097767829895
2951 2767 0.29261988401412964
2954 2569 0.25575217604637146
2956 2605 0.290820449590683
2957 2638 0.39859539270401
2968 2626 0.2630201578140259
2974 3463 0.32714197039604187
2977 3385 0.29976406693458557
2979 2895 0.571800172328949
2980 2896 0.26444801688194275
2984 2828 0.34625911712646484
2985 2603 0.31518295407295227
2988 2639 0.35378891229629517
2995 2854 0.4241335093975067
2997 2650 0.25713592767715454
2998 2668 0.3742561638355255
3000 2669 0.3231487572193146
3009 2632 0.28116270899772644
3010 3511 0.26238682866096497
3013 2940 0.3894351124763489
3016 2861 0.317192405462265
3019 2667 0.30964523553848267
3022 2705 0.26103082299232483
3036 3003 0.29970401525497437
3038 2865 0.41521820425987244
3043 2671 0.3656252324581146
3048 2964 0.37127357721328735
3049 2887 0.28055042028427124
3050 2808 0.3383425772190094
3052 2649 0.26889491081237793
3053 2676 0.383758544921875
3055 2716 0.26838868856430054
3065 2677 0.503523051738739
3067 2678 0.3019751310348511
3068 2729 0.32560500502586365
3085 2747 0.36436551809310913
3088 2750 0.2875208258628845
3093 2915 0.3023393750190735
3096 2768 0.32169803977012634
3098 2741 0.3009728789329529
3099 2761 0.2715246379375458
3100 2777 0.30911946296691895
3101 2752 0.34064942598342896
3102 2719 0.2570858895778656
3113 2753 0.4629289507865906
3120 2986 0.4490285813808441
3121 3027 0.3589116036891937
3123 2898 0.26329272985458374
3125 2728 0.3558523654937744
3128 2789 0.27414950728416443
3134 2923 0.25008177757263184
3137 2788 0.31216251850128174
3138 2931 0.33508968353271484
3140 2763 0.2845209240913391
3141 2771 0.494564950466156
3142 3268 0.7927296161651611
3144 3241 0.5201535820960999
3149 2785 0.5292888879776001
3150 2787 0.46650370955467224
3151 2770 0.25388777256011963
3154 3639 0.3962844908237457
3156 2949 0.45077186822891235
3157 2872 0.33039426803588867
3159 2786 0.521934449672699
3160 2802 0.45135560631752014
3165 2965 0.4044096767902374
3168 2784 0.6457938551902771
3172 3606 0.26235929131507874
3173 3059 0.36592626571655273
3174 2950 0.2870047092437744
3176 2819 0.4537556767463684
3178 3670 0.3273816406726837
3180 2832 0.329319030046463
3181 2833 0.32274314761161804
3182 2834 0.48257607221603394
3183 2855 0.2736211121082306
3185 2988 0.32441723346710205
3186 2989 0.3027346432209015
3188 2800 0.4876381754875183
3198 2707 0.3667241930961609
3200 2878 0.2643844783306122
3201 2870 0.31026628613471985
3202 2848 0.31796228885650635
3206 3014 0.29582759737968445
3207 2810 0.36328503489494324
3209 2868 0.5718328952789307
3215 3004 0.5914044380187988
3216 2866 0.41245636343955994
3217 2867 0.5257521867752075
3218 2869 0.3853711187839508
3219 3028 0.3519864082336426
3223 2846 0.3033224642276764
3225 2893 0.37423866987228394
3226 2894 0.29444026947021484
3227 2880 0.2700485289096832
3230 3392 0.43308693170547485
3231 3032 0.4232861399650574
3234 2876 0.6317082047462463
3235 2862 0.5349358320236206
3242 2877 0.29376402497291565
3243 2890 0.36362817883491516
3247 3061 0.2877649664878845
3251 2916 0.30566003918647766
3253 2918 0.3953664302825928
3258 2902 0.2788238823413849
3260 2947 0.4015381634235382
3263 2919 0.2803177535533905
3267 3096 0.2889232039451599
3270 2955 0.2639964818954468
3271 2946 0.35201895236968994
3277 2971 0.39577385783195496
3278 2935 0.2895112633705139
3285 3095 0.4150230288505554
3287 2954 0.26564058661460876
3288 2933 0.2599159777164459
3289 2934 0.254852294921875
3290 2956 0.3351053297519684
3293 3708 0.32233157753944397
3294 3709 0.4452657699584961
3297 3125 0.3339737057685852
3299 2974 0.2744288742542267
3300 2961 0.2788422405719757
3306 3060 0.8800151348114014
3307 3064 0.3130118250846863
3314 3191 0.3227502405643463
3315 3159 0.2855410873889923
3316 3110 0.36578285694122314
3317 2982 0.6216440796852112
3335 2968 0.3882206976413727
3336 2993 0.388317346572876
3339 3785 0.36804085969924927
3340 3781 0.32429537177085876
3343 3233 0.2902527153491974
3344 3135 0.2927142083644867
3347 3022 0.29122287034988403
3355 2927 0.28860238194465637
3357 3018 0.49922311305999756
3361 2996 0.25942540168762207
3363 3829 0.4844948351383209
3371 2991 0.3817789554595947
3374 3825 0.3307763636112213
3383 3017 0.3590420186519623
3395 3894 0.5102174282073975
3396 3830 0.2825639843940735
3397 3843 0.3433224856853485
3401 3201 0.27015674114227295
3412 3041 0.3418232202529907
3415 3073 0.2503199279308319
3419 3111 0.463826060295105
3430 3000 0.37835806608200073
3432 3055 0.46423274278640747
3433 3084 0.41490352153778076
3434 3051 0.44991204142570496
3435 3056 0.27023428678512573
3441 3242 0.2748786211013794
3449 3069 0.34211739897727966
3455 3006 0.26159003376960754
3456 3046 0.36813387274742126
3458 3070 0.3138616681098938
3460 3282 0.29410237073898315
3465 3433 0.2887873947620392
3467 3258 0.4999501705169678
3472 3813 0.28730595111846924
3475 3083 0.29659709334373474
3477 3120 0.3552488088607788
3480 4002 0.6049091815948486
3483 3438 0.3793085813522339
3484 3113 0.3739985525608063
3485 3099 0.3527754545211792
3486 3072 0.29295995831489563
3487 3100 0.396255761384964
3488 3101 0.26034367084503174
3492 3416 0.5423182845115662
3493 3434 0.38452455401420593
3494 3296 0.5286451578140259
3495 3119 0.3041326105594635
3496 3121 0.4641866981983185
3498 3146 0.31795620918273926
3503 3331 0.5969308614730835
3506 3144 0.340678334236145
3516 3129 0.3203228712081909
3521 3456 0.5009782314300537
3522 3156 0.5357338190078735
3526 3901 0.5024543404579163
3528 3320 0.4305969774723053
3531 3150 0.32948458194732666
3533 3173 0.332089364528656
3536 3157 0.35424602031707764
3537 3186 0.35276973247528076
3538 3194 0.33703088760375977
3542 4004 0.5705348253250122
3543 4005 0.4565414786338806
3548 3226 0.32844364643096924
3562 3283 0.45586320757865906
3563 3284 0.5747502446174622
3565 3457 0.34813088178634644
3566 3532 0.3959558308124542
3567 3523 0.2856415808200836
3569 3172 0.39193105697631836
3571 3209 0.359747052192688
3572 3238 0.27530649304389954
3584 3419 0.5952821969985962
3587 3171 0.2776325047016144
3588 3193 0.3295389711856842
3589 3184 0.3148990273475647
3590 3237 0.27617719769477844
3591 3210 0.3623563349246979
3595 3550 0.3239782154560089
3596 3236 0.3739265203475952
3597 3275 0.3025842607021332
3600 3580 0.37691354751586914
3608 3571 0.3068189024925232
3609 3615 0.5058636665344238
3613 3250 0.32740318775177
3621 3568 0.36669132113456726
3623 3593 0.2591847777366638
3624 3274 0.40075963735580444
3627 3612 0.25094330310821533
3628 3573 0.2717590928077698
3631 3273 0.5249050259590149
3632 3302 0.28930673003196716
3635 3279 0.3082960247993469
3641 3610 0.38795459270477295
3643 3435 0.2536830008029938
3647 3309 0.5201604962348938
3648 3310 0.37285858392715454
3653 3313 0.26165542006492615
3655 3280 0.4035924971103668
3657 4083 0.2594543397426605
3673 4138 0.28047338128089905
3678 3530 0.30388733744621277
3679 3698 0.3295895755290985
3689 3645 0.29523542523384094
3695 3307 0.4986797273159027
3696 3379 0.26443517208099365
3707 3622 0.333844393491745
3708 3557 0.519188642501831
3717 3351 0.33061522245407104
3718 3366 0.28343331813812256
3725 3448 0.27213308215141296
3726 3449 0.34244775772094727
3727 3437 0.39515420794487
3730 3322 0.263177752494812
3732 3364 0.26151371002197266
3734 3378 0.40598320960998535
3738 3674 0.3438149392604828
3739 3675 0.3762265145778656
3740 3574 0.5137950778007507
3745 3204 0.2545345723628998
3747 3247 0.27759280800819397
3749 3377 0.296527236700058
3750 3339 0.3250378668308258
3760 3337 0.3649793267250061
3766 3560 0.278296560049057
3768 3362 0.3079022765159607
3770 3367 0.3614051938056946
3772 4260 0.3402523398399353
3773 3738 0.35154658555984497
3774 3545 0.4847065210342407
3778 3756 0.27092456817626953
3781 3422 0.38858702778816223
3785 3326 0.2697198688983917
3790 4259 0.2721538543701172
3794 3654 0.29182812571525574
3795 3648 0.28685858845710754
3797 3771 0.2701819837093353
3798 3772 0.30033549666404724
3800 3423 0.36032596230506897
3801 3424 0.3273676037788391
3804 3428 0.5443821549415588
3806 4213 0.36609452962875366
3810 3589 0.2804848849773407
3813 3408 0.30426549911499023
3815 3396 0.3431781232357025
3817 3590 0.3122628629207611
3824 3429 0.33837032318115234
3826 3409 0.36922067403793335
3827 3368 0.349358469247818
3831 4202 0.3169940114021301
3833 3788 0.5027356743812561
3834 3575 0.27576687932014465
3838 4332 0.43291640281677246
3840 4236 0.27865880727767944
3843 3653 0.27141204476356506
3844 3713 0.25027742981910706
3846 3450 0.2611545920372009
3849 3471 0.3823728859424591
3858 3472 0.4487049877643585
3860 3397 0.33430126309394836
3861 3410 0.2898416519165039
3864 3791 0.2556599974632263
3866 3617 0.2800174355506897
3867 3466 0.36413344740867615
3868 3486 0.4745922088623047
3872 4368 0.32306525111198425
3873 4268 0.3080124258995056
3876 3722 0.31028228998184204
3877 3656 0.6564235687255859
3878 3624 0.5024840235710144
3881 3420 0.29511579871177673
3883 3501 0.27400311827659607
3885 3490 0.2551667392253876
3889 3799 0.26226773858070374
3891 3687 0.41728919744491577
3892 3726 0.2560582160949707
3895 3476 0.3535763919353485
3897 3445 0.2629138231277466
3899 3845 0.2652760148048401
3904 3688 0.3009169101715088
3905 3689 0.7756816744804382
3906 3500 0.4796089828014374
3907 3516 0.2586978077888489
3908 3425 0.3021681606769562
3909 3458 0.27905187010765076
3912 3452 0.3146117627620697
3915 3676 0.3082648515701294
3919 3526 0.2808815836906433
3922 4374 0.2875915765762329
3923 4303 0.3695588707923889
3926 3846 0.2608630955219269
3928 3817 0.27616745233535767
3929 3724 0.3230489194393158
3930 3718 0.33142557740211487
3931 3690 0.6768274307250977
3934 4403 0.25561636686325073
3936 3862 0.26211094856262207
3940 3534 0.296432226896286
3944 3505 0.3107335567474365
3945 3507 0.27250030636787415
3946 3510 0.2727067172527313
3949 3815 0.634955883026123
3955 3730 0.26393604278564453
3956 3767 0.3114185631275177
3960 3552 0.3672666847705841
3961 3541 0.30333346128463745
3963 3508 0.26476776599884033
3968 4304 0.3253045380115509
3970 3878 0.2820912003517151
3974 3743 0.29439055919647217
3976 3488 0.2737119197845459
3978 3509 0.2632904648780823
3980 4305 0.3762430250644684
3981 4306 0.27018892765045166
3982 3904 0.25841671228408813
3986 3751 0.2678964138031006
3987 3742 0.27162230014801025
3988 3533 0.4150123596191406
3993 4413 0.3395647704601288
4000 3768 0.3788173198699951
4001 3769 0.37080010771751404
4005 3485 0.5224688053131104
4006 3564 0.35248255729675293
4007 3595 0.31022900342941284
4008 3596 0.32370829582214355
4013 3956 0.3802259862422943
4014 3903 0.3772839605808258
4023 3782 0.25162675976753235
4024 3783 0.3629387617111206
4035 3805 0.4415837526321411
4036 3792 0.3008604049682617
4037 3818 0.30933326482772827
4040 3620 0.32973670959472656
4043 3994 0.40246862173080444
4044 3995 0.40604400634765625
4045 3949 0.4858779013156891
4046 3834 0.27865615487098694
4048 3835 0.4889299273490906
4050 3850 0.26575967669487
4051 3819 0.4162609577178955
4052 3770 0.2741604745388031
4053 3745 0.270659863948822
4055 3583 0.4281548261642456
4065 3585 0.27065005898475647
4068 4414 0.5857319235801697
4069 4068 0.2651037871837616
4075 3597 0.2689990699291229
4078 4506 0.31584611535072327
4082 3957 0.640140950679779
4084 3836 0.3574785888195038
4090 3638 0.3882214426994324
4093 4521 0.2735222280025482
4095 4444 0.2842925488948822
4097 4027 0.4091993570327759
4103 3629 0.32483023405075073
4105 3630 0.2816973626613617
4106 3662 0.438224196434021
4112 4016 0.551213800907135
4113 4036 0.375186026096344
4114 3880 0.28498420119285583
4115 3881 0.3804951310157776
4116 3882 0.2794385254383087
4117 3883 0.29033520817756653
4118 3884 0.2885046899318695
4119 3870 0.3228684365749359
4120 3863 0.5959615707397461
4126 3683 0.2836761474609375
4129 3637 0.27569350600242615
4134 4035 0.6248793005943298
4135 4026 0.39883267879486084
4137 3950 0.2544132471084595
4138 3936 0.448570191860199
4146 3665 0.27831485867500305
4147 3707 0.3104042112827301
4151 4045 0.5509410500526428
4152 4056 0.257568359375
4158 3699 0.4599883556365967
4159 3706 0.4619129002094269
4164 3906 0.5251483917236328
4168 3682 0.294670045375824
4170 3702 0.2884884774684906
4171 3664 0.31388530135154724
4172 3703 0.2681233882904053
4174 4436 0.2973688840866089
4177 3907 0.3457588851451874
4188 3926 0.40461260080337524
4201 3960 0.2702080011367798
4208 3734 0.26211047172546387
4211 3757 0.43866869807243347
4212 3758 0.4093632996082306
4216 4046 0.42817360162734985
4217 3952 0.2989558279514313
4220 4092 0.28129467368125916
4222 4105 0.7900563478469849
4229 3958 0.2731721103191376
4231 3962 0.4653981328010559
4232 3971 0.37056466937065125
4233 3777 0.3681251108646393
4234 3778 0.3361071050167084
4242 4427 0.4601147174835205
4243 4437 0.33834192156791687
4244 4418 0.3016306161880493
4247 4129 0.3825235068798065
4249 4148 0.276093453168869
4250 3970 0.2582605183124542
4251 3972 0.34747979044914246
4257 3733 0.2825825810432434
4260 4471 0.290737509727478
4261 3973 0.44984468817710876
4262 4159 0.2907153367996216
4268 4499 0.25233396887779236
4270 4486 0.25360342860221863
4273 3985 0.4783482551574707
4276 4185 0.4901283383369446
4286 4500 0.28009381890296936
4287 4438 0.2642357647418976
4289 4167 0.30403345823287964
4290 4186 0.28543245792388916
4293 4189 0.2906482517719269
4294 4191 0.7261014580726624
4295 3996 0.40527066588401794
4296 4090 0.2774922251701355
4298 4161 0.30979618430137634
4299 4162 0.27525660395622253
4300 4174 0.27476274967193604
4304 3759 0.42614978551864624
4308 4510 0.26638084650039673
4309 4463 0.4436800181865692
4310 4190 0.49666640162467957
4311 4088 0.3765316307544708
4313 4204 0.2728019058704376
4315 3807 0.4308212697505951
4316 3822 0.329588919878006
4317 3823 0.3553446829319
4321 4151 0.3481006920337677
4322 4130 0.2750627100467682
4333 4459 0.32785093784332275
4334 4216 0.28738677501678467
4335 4052 0.3345034718513489
4337 4133 0.2567034661769867
4338 4134 0.39533740282058716
4341 3821 0.36726388335227966
4342 3802 0.30836600065231323
4343 3784 0.47628253698349
4347 4492 0.31963077187538147
4350 3824 0.26015403866767883
4352 4192 0.48094412684440613
4357 3841 0.41427725553512573
4358 3856 0.49226489663124084
4360 4209 0.4702140986919403
4361 4132 0.2673068940639496
4362 4170 0.28473103046417236
4364 4224 0.2784624695777893
4366 4015 0.2922821044921875
4375 4493 0.35754096508026123
4376 4472 0.2980394661426544
4378 4238 0.2644021213054657
4380 4183 0.410516619682312
4381 4194 0.26824793219566345
4385 3839 0.4868435859680176
4389 4566 0.3362100422382355
4401 4255 0.3034723401069641
4402 4256 0.30127212405204773
4407 4527 0.32988736033439636
4410 4271 0.2511005699634552
4411 4272 0.2735167443752289
4414 4266 0.4735311269760132
4415 4225 0.3212152123451233
4416 4227 0.26238155364990234
4419 3919 0.25920578837394714
4421 4570 0.3349970281124115
4422 4567 0.28536495566368103
4424 4547 0.26515284180641174
4426 4289 0.4141002893447876
4427 4309 0.2645711302757263
4428 4184 0.3497464954853058
4430 4294 0.26574498414993286
4436 3913 0.31195271015167236
4437 3914 0.3463767170906067
4441 4262 0.32077622413635254
4443 4239 0.2624656558036804
4444 4223 0.3396030068397522
4446 4275 0.29646557569503784
4450 3955 0.4763747453689575
4451 3873 0.46078261733055115
4452 3891 0.4067171812057495
4453 3875 0.2959630489349365
4457 4244 0.3495171070098877
4458 4245 0.4781457483768463
4459 4295 0.3082360327243805
4460 4296 0.2839825451374054
4464 3911 0.40136587619781494
4468 4558 0.34659677743911743
4472 4310 0.33619046211242676
4474 4218 0.28875353932380676
4475 4277 0.2841266691684723
4479 3946 0.26331859827041626
4484 4273 0.30190834403038025
4485 4240 0.3211490511894226
4486 4276 0.3438850939273834
4491 4602 0.540313184261322
4499 4313 0.2574431300163269
4505 4232 0.3170430064201355
4509 3981 0.3648829460144043
4520 4631 0.2549704313278198
4521 4613 0.3071424067020416
4524 4591 0.4327690303325653
4527 4563 0.3344269096851349
4540 4371 0.2885454297065735
4541 4328 0.3504987955093384
4554 4349 0.35464152693748474
4559 4321 0.3455413281917572
4560 4336 0.30078408122062683
4563 3990 0.2907305955886841
4566 4639 0.44292116165161133
4573 4338 0.26659151911735535
4575 4322 0.2758205235004425
4578 4391 0.32756778597831726
4579 4380 0.29694774746894836
4587 4375 0.4018312096595764
4589 4372 0.642956018447876
4595 4663 0.2950080335140228
4600 4641 0.33632194995880127
4602 4379 0.4387812316417694
4603 4408 0.34426409006118774
4613 4640 0.29336339235305786
4614 4406 0.2865692973136902
4615 4407 0.4091747999191284
4620 4031 0.2610303461551666
4624 4649 0.2912575900554657
4625 4363 0.28814834356307983
4626 4430 0.5498130321502686
4627 4431 0.6614022850990295
4632 4409 0.33801618218421936
4637 4701 0.40753331780433655
4639 4625 0.27817264199256897
4640 4626 0.27710533142089844
4641 4411 0.4692997336387634
4645 4060 0.27341869473457336
4647 4679 0.5030608773231506
4649 4633 0.27989301085472107
4656 4650 0.42374616861343384
4658 4424 0.36388280987739563
4661 4097 0.35141485929489136
4665 4093 0.3735130727291107
4669 4725 0.3005993962287903
4673 4709 0.28260496258735657
4678 4433 0.33508872985839844
4681 4112 0.3419458270072937
4682 4120 0.3064425587654114
4684 4425 0.25595566630363464
4698 4727 0.36097222566604614
4708 4759 0.3091636896133423
4709 4757 0.4245782494544983
4710 4766 0.2964712381362915
4712 4747 0.2749360203742981
4714 4530 0.28825992345809937
4721 4461 0.2576754689216614
4722 4765 0.3427489995956421
4723 4753 0.32048970460891724
4725 4483 0.2565867006778717
4728 4681 0.3670334815979004
4730 4511 0.26812925934791565
4741 4553 0.45567283034324646
4742 4529 0.37473830580711365
4746 4785 0.3546580970287323
4751 4514 0.2501108944416046
4754 4778 0.34380969405174255
4755 4611 0.5469049215316772
4756 4596 0.2651834487915039
4760 4595 0.25969743728637695
4770 4732 0.25660139322280884
4771 4588 0.3932403326034546
4775 4618 0.34284770488739014
4776 4817 0.3606511652469635
4779 4634 0.5672253966331482
4780 4614 0.41975265741348267
4785 4568 0.30029910802841187
4787 4823 0.2530188262462616
4792 4792 0.4184887707233429
4793 4787 0.48079830408096313
4796 4607 0.432439386844635
4804 4589 0.3634541630744934
4807 4808 0.3969755470752716
4809 4810 0.3213386833667755
4810 4811 0.4128994941711426
4811 4812 0.4004169702529907
4813 4582 0.2740906774997711
4817 4565 0.2641077935695648
4822 4608 0.2595446705818176
4823 4598 0.30110180377960205
4824 4599 0.37957891821861267
4826 4606 0.2801453769207001
4827 4620 0.2916205823421478
4829 4609 0.30647528171539307
4831 4819 0.26278021931648254
4832 4635 0.4345593750476837
4835 4815 0.2734348475933075
4838 4621 0.37303999066352844
4841 4816 0.3863978683948517
4844 4655 0.30398648977279663
4845 4628 0.3011394143104553
4850 4651 0.32222339510917664
4851 4652 0.3604256212711334
4854 4627 0.3456309735774994
4855 4658 0.2511705160140991
4856 4660 0.2753322422504425
4861 4822 0.4100677967071533
4863 4763 0.5255070924758911
4866 4671 0.29383155703544617
4867 4644 0.25144922733306885
4871 4665 0.28025519847869873
4873 4860 0.25399237871170044
4875 4820 0.2781360447406769
4876 4793 0.48522961139678955
4877 4669 0.328656405210495
4878 4864 0.346876859664917
4880 4683 0.3012324869632721
4883 4880 0.3167540729045868
4887 4833 0.31170204281806946
4891 4682 0.3000500798225403
4893 4825 0.2597678005695343
4895 4693 0.29530638456344604
4900 4697 0.25568974018096924
4901 4684 0.26543647050857544
4905 4841 0.30513930320739746
4908 4713 0.28341248631477356
4909 4714 0.2770043909549713
4910 4715 0.27478843927383423
4911 4702 0.31369826197624207
4913 4850 0.2927505075931549
4915 4716 0.3321726620197296
4918 4886 0.2934758961200714
4922 4888 0.2631699740886688
4925 4885 0.28497931361198425
4929 4854 0.38168975710868835
4930 4859 0.2880043685436249
4931 4852 0.42507699131965637
4932 4853 0.3693069517612457
4949 4830 0.2698454260826111
4963 4770 0.2533310055732727
4972 4773 0.27218031883239746
4977 4903 0.2563347816467285
4987 4910 0.5087888836860657
4989 4914 0.3461739420890808
4990 4911 0.3688722550868988
4992 4788 0.2961573004722595
4998 4913 0.43459129333496094
5003 4916 0.2571670711040497
5018 4925 0.2899276316165924
5027 4938 0.25882020592689514
5032 4939 0.33682429790496826
5033 4940 0.2986677289009094
5038 4915 0.26880261301994324
5044 4945 0.36629846692085266
5048 4931 0.29502660036087036
5049 4943 0.2995048761367798
5052 4949 0.5490700602531433
