3420
1 59 0.39272835850715637
3 58 0.30184242129325867
4 60 0.3056390583515167
7 61 0.3393310606479645
11 63 0.3628200590610504
12 69 0.33970731496810913
13 64 0.44770348072052
15 68 0.34061628580093384
18 67 0.29908129572868347
19 71 0.28086069226264954
20 72 0.31335440278053284
22 80 0.26026126742362976
26 79 0.2631707191467285
29 89 0.28563860058784485
30 85 0.3008081912994385
31 81 0.365815669298172
32 82 0.3774286210536957
33 84 0.253255158662796
34 88 0.25005125999450684
39 93 0.27351075410842896
40 96 0.3913726508617401
42 94 0.29129257798194885
45 97 0.264763206243515
46 98 0.5368452072143555
48 99 0.3958972990512848
52 108 0.2983872890472412
53 106 0.25404495000839233
55 107 0.44124487042427063
56 109 0.2788906395435333
59 113 0.2584204077720642
60 111 0.25390109419822693
64 125 0.3270346522331238
68 121 0.401523232460022
69 118 0.251834899187088
70 101 0.751706063747406
71 124 0.31940802931785583
78 120 0.32301443815231323
83 151 0.27063611149787903
85 140 0.5755658745765686
86 148 0.3465478718280792
90 141 0.4563024938106537
91 142 0.3869384825229645
94 139 0.41312283277511597
95 147 0.4105346202850342
97 152 0.38068315386772156
98 154 0.2916205823421478
100 164 0.3281668722629547
101 167 0.3069904148578644
105 169 0.29796102643013
108 177 0.3730168640613556
113 183 0.30231860280036926
114 180 0.2891313135623932
116 168 0.2701953649520874
119 186 0.47827526926994324
120 181 0.3654857873916626
121 178 0.366008996963501
125 189 0.2625715732574463
127 190 0.5651158690452576
131 195 0.2785607576370239
132 197 0.6668752431869507
133 192 0.7421071529388428
135 202 0.25795528292655945
137 204 0.4335559904575348
138 208 0.2872259318828583
139 207 0.6301870346069336
140 209 0.2934579849243164
143 211 0.40768101811408997
145 212 0.41772520542144775
146 220 0.4913680851459503
148 217 0.4614343047142029
149 218 0.3304664194583893
150 226 0.4277153015136719
151 223 0.3552559018135071
152 221 0.3862243592739105
153 214 0.28153273463249207
154 232 0.3698730170726776
155 233 0.39417749643325806
156 227 0.5967578291893005
157 228 0.6399859189987183
159 230 0.368075966835022
160 231 0.2751091420650482
162 239 0.4376678764820099
163 240 0.29063883423805237
164 241 0.25782740116119385
166 222 0.356303334236145
169 242 0.3532966375350952
170 249 0.32817721366882324
172 245 0.2773810923099518
173 244 0.4266825020313263
175 238 0.26254802942276
176 253 0.6742460131645203
177 255 0.43089890480041504
178 236 0.3095844089984894
180 256 0.26975613832473755
182 254 0.4336366057395935
183 257 0.33731159567832947
184 246 0.47873249650001526
186 259 0.4997199475765228
187 260 0.4942278563976288
188 264 0.2974315583705902
191 262 0.34764716029167175
192 263 0.5025511384010315
193 276 0.32952168583869934
195 268 0.45603758096694946
196 273 0.40849363803863525
199 271 0.36581113934516907
200 272 0.5166705250740051
201 265 0.3363424837589264
203 261 0.3221060335636139
206 281 0.35832640528678894
209 278 0.9115051627159119
210 277 0.4564461410045624
212 282 0.25764426589012146
213 288 0.4735722243785858
214 275 0.2613982856273651
216 285 0.315093070268631
218 280 0.44403815269470215
220 295 0.4699007570743561
221 287 0.3333573341369629
222 335 0.30332303047180176
224 293 0.40569254755973816
225 294 0.4712057411670685
227 297 0.48023509979248047
229 299 0.27512750029563904
230 304 0.4410399794578552
231 290 0.31738483905792236
232 284 0.5798782110214233
233 283 0.4987429678440094
234 300 0.5917569994926453
235 301 0.41764235496520996
236 302 0.4711064398288727
237 292 0.35325857996940613
242 309 0.44770774245262146
243 324 0.3286338448524475
244 311 0.3356586694717407
245 320 0.29119592905044556
246 303 0.44828709959983826
247 308 0.3785410523414612
249 310 0.5672524571418762
250 318 0.5471678376197815
251 319 0.32657837867736816
254 306 0.5046383738517761
255 328 0.3503277003765106
258 314 0.3295065760612488
259 315 0.520588755607605
261 323 0.5467578172683716
263 334 0.5494036674499512
265 327 0.2965150773525238
266 329 0.4151885211467743
270 326 0.4008678197860718
271 337 0.2719198167324066
273 355 0.28378087282180786
282 366 0.25487270951271057
285 347 0.4212769865989685
287 350 0.38097986578941345
289 343 0.3294283449649811
290 353 0.2851361632347107
293 365 0.3251938223838806
294 361 0.4602336287498474
295 370 0.27237245440483093
296 371 0.40664932131767273
297 378 0.25974154472351074
298 372 0.3087429404258728
302 369 0.25649961829185486
307 364 0.39904725551605225
311 376 0.5440090298652649
312 377 0.613083004951477
319 367 0.5523303747177124
320 381 0.5413711071014404
322 374 0.7493155002593994
324 375 0.43979883193969727
325 386 0.5644258856773376
328 390 0.5815718173980713
329 393 0.46583905816078186
332 384 0.37981101870536804
333 392 0.5838452577590942
335 389 0.42154181003570557
337 404 0.3272402584552765
338 398 0.28251388669013977
339 405 0.37282446026802063
340 399 0.4399276375770569
341 402 0.5233879685401917
343 396 0.33858272433280945
344 410 0.8040215969085693
345 411 0.2827451527118683
347 417 0.32810649275779724
350 401 0.3697541654109955
351 415 0.5120922327041626
354 397 0.42852941155433655
355 421 0.2997097373008728
357 409 0.2641775608062744
358 439 0.28972476720809937
359 431 0.2745618522167206
360 432 0.45866501331329346
361 433 0.5012291073799133
362 434 0.46731722354888916
363 408 0.3796856999397278
364 395 0.5581779479980469
365 416 0.3047434985637665
367 407 0.3288319706916809
369 394 0.27089253067970276
370 420 0.6161614656448364
372 423 0.6792244911193848
374 414 0.3389413356781006
375 427 0.9036073684692383
377 440 0.34378936886787415
378 419 0.32435229420661926
379 437 0.37783342599868774
381 457 0.2986457943916321
385 438 0.3155730366706848
387 444 0.34683749079704285
388 454 0.34845972061157227
390 429 0.4228302240371704
391 446 0.41971421241760254
392 447 0.3571970760822296
393 443 0.40040284395217896
394 426 0.26032009720802307
396 464 0.8878251910209656
397 436 0.312578409910202
398 451 0.42820748686790466
399 456 0.4270753562450409
400 448 0.312648743391037
403 477 0.2624050974845886
406 486 0.2818593978881836
407 462 0.3481192886829376
409 450 0.41999971866607666
410 442 0.3402779698371887
414 452 0.38945332169532776
415 469 0.39804914593696594
419 496 0.29962342977523804
420 497 0.25766295194625854
421 498 0.2613376975059509
423 479 0.8331910967826843
425 460 0.34482860565185547
427 467 0.45354193449020386
428 472 0.3791809380054474
430 510 0.2932020127773285
431 478 0.3257494270801544
432 501 0.4213107228279114
433 481 0.3144950568675995
434 473 0.33971312642097473
435 518 0.33220022916793823
437 466 0.6058785319328308
438 471 0.6301059126853943
440 468 0.502406895160675
441 506 0.2774297595024109
444 528 0.39853838086128235
447 449 0.36277714371681213
449 483 0.3263501524925232
450 543 0.3835730254650116
451 499 0.2523917257785797
452 519 0.3479357361793518
453 500 0.33656129240989685
456 520 0.27480101585388184
457 521 0.35073819756507874
458 522 0.5777618288993835
459 491 0.46131375432014465
464 535 0.2629052996635437
465 504 0.2530021667480469
466 493 0.3472740650177002
467 530 0.4204982817173004
468 532 0.2904168963432312
469 458 0.2698160707950592
472 465 0.43603435158729553
473 482 0.255521297454834
474 487 0.42032507061958313
476 508 0.3891024887561798
477 538 0.2806863784790039
478 531 0.34276270866394043
479 492 0.33384695649147034
480 515 0.3915615677833557
481 539 0.6269410848617554
483 524 0.3555799424648285
485 526 0.42838722467422485
486 534 0.314685583114624
488 488 0.38541707396507263
490 548 0.26992058753967285
491 564 0.5405302047729492
492 578 0.486643522977829
493 537 0.3011988699436188
495 502 0.30995842814445496
496 533 0.5674402117729187
497 542 0.88177090883255
498 550 0.3061577379703522
499 511 0.2719641923904419
500 514 0.34078457951545715
504 566 0.3121015131473541
505 582 0.4258393943309784
506 544 0.2701021134853363
507 525 0.3561188578605652
508 547 0.3272293210029602
517 541 0.2748018205165863
518 513 0.5829467177391052
519 554 0.4413551390171051
521 617 0.44548535346984863
522 618 0.3598911762237549
524 567 0.42617863416671753
527 552 0.41996127367019653
528 553 0.3923996686935425
530 619 0.3388860523700714
532 586 0.5444610714912415
533 605 0.47355687618255615
535 621 0.5050596594810486
539 568 0.30480626225471497
541 562 0.386014461517334
542 571 0.4004345238208771
544 580 0.2747153341770172
550 569 0.4503163993358612
551 572 0.3741273283958435
552 573 0.35499241948127747
553 574 0.2927689254283905
554 575 0.2916809320449829
555 563 0.2588611841201782
557 606 0.26925545930862427
558 594 0.3800189793109894
559 610 0.2924463450908661
564 651 0.29845985770225525
566 589 0.68855220079422
567 703 0.25473931431770325
568 622 0.35759347677230835
570 583 0.288159042596817
571 588 0.32403722405433655
574 584 0.3596153259277344
575 598 0.2624053359031677
576 576 0.421362966299057
578 608 0.43116405606269836
579 644 0.35041022300720215
580 595 0.6087443232536316
581 631 0.6072095632553101
582 601 0.28822940587997437
586 681 0.41051816940307617
587 630 0.441973477602005
592 666 0.8781288266181946
593 634 0.29782894253730774
594 642 0.4335799515247345
595 643 0.5120952129364014
597 611 0.316554456949234
598 597 0.3506181538105011
599 626 0.4686811864376068
600 612 0.3577084243297577
601 599 0.25736236572265625
602 716 0.49933645129203796
604 652 0.4127168357372284
605 654 0.5575363636016846
606 691 0.3878210484981537
608 632 0.4400719702243805
611 700 0.4745098352432251
612 701 0.41510260105133057
614 689 0.8740599155426025
615 669 0.6144298315048218
618 627 0.5110360383987427
622 685 0.4101867079734802
623 668 0.4809436798095703
624 633 0.2596561014652252
625 638 0.2602371871471405
626 748 0.4557832181453705
628 683 0.4842042922973633
629 667 0.5127226114273071
630 686 0.4529964327812195
632 660 0.26678022742271423
633 661 0.35474738478660583
634 650 0.3725060224533081
636 657 0.40981602668762207
637 658 0.29194197058677673
638 659 0.512102484703064
639 690 0.847549319267273
640 704 0.38619929552078247
641 655 0.34724920988082886
643 678 0.7110286951065063
648 738 0.4683268666267395
649 734 0.45091891288757324
650 736 0.8867395520210266
653 702 0.28386640548706055
654 727 0.2659870982170105
658 735 0.4776330292224884
659 717 0.36480674147605896
660 718 0.4544290602207184
662 649 0.30447623133659363
665 662 0.3725067377090454
666 688 0.33523863554000854
667 728 0.3241831362247467
668 719 0.5446958541870117
672 635 0.34722504019737244
674 693 0.26543721556663513
675 694 0.8432931303977966
676 695 0.5749010443687439
678 741 0.3258264660835266
679 742 0.37430721521377563
680 729 0.6494414806365967
682 733 0.5759162306785583
683 697 0.7400568723678589
686 715 0.39883649349212646
691 721 0.8417785167694092
692 713 0.4251037538051605
693 714 0.4349375069141388
696 722 0.3471548557281494
698 725 0.44402289390563965
702 675 0.3467511832714081
704 762 0.3548729419708252
705 749 0.41577890515327454
706 760 0.2964463531970978
707 775 0.2551368176937103
708 763 0.893426775932312
710 750 0.7872096300125122
711 751 0.7107663154602051
715 737 0.3355949819087982
716 774 0.3411543071269989
719 765 0.32386547327041626
720 740 0.29166480898857117
725 724 0.3150227665901184
726 712 0.5670279860496521
727 790 0.3578042984008789
728 791 0.36484360694885254
730 764 0.31078216433525085
733 788 0.27573162317276
737 755 0.6527796983718872
738 671 0.29978376626968384
739 708 0.31231796741485596
740 833 0.3436172604560852
741 806 0.3692069351673126
748 745 0.4885929226875305
749 746 0.4148426055908203
750 787 0.30892908573150635
752 820 0.3124907612800598
753 821 0.5746828317642212
754 776 0.5770437717437744
755 777 0.5593097805976868
757 794 0.3827150762081146
759 819 0.3071983754634857
760 840 0.2629198431968689
762 782 0.5949292182922363
764 778 0.31551194190979004
766 796 0.2666309177875519
768 770 0.2520795166492462
769 771 0.37056079506874084
773 781 0.31788012385368347
775 766 0.39327743649482727
776 767 0.2613658607006073
778 769 0.3812357485294342
779 756 0.35517358779907227
780 757 0.5010470151901245
781 772 0.3867119550704956
782 759 0.33629050850868225
783 793 0.34232041239738464
784 768 0.25912103056907654
785 783 0.36535683274269104
786 784 0.47259679436683655
787 785 0.35222581028938293
788 786 0.40647172927856445
791 848 0.25456443428993225
792 834 0.5450367331504822
794 807 0.46982860565185547
795 792 0.517841637134552
796 800 0.38983380794525146
798 731 0.28072652220726013
799 795 0.8630780577659607
804 844 0.4879167973995209
805 732 0.4731018543243408
806 797 0.3055833876132965
808 877 0.29324787855148315
809 849 0.7585480809211731
810 850 0.5056635141372681
811 851 0.4749045968055725
812 860 0.47065556049346924
813 870 0.38357704877853394
815 802 0.29328423738479614
816 829 0.38974571228027344
817 817 0.27249640226364136
820 880 0.31840258836746216
821 861 0.37726345658302307
822 835 0.5762931108474731
823 841 0.4137919545173645
824 822 0.27565065026283264
825 827 0.39693164825439453
827 804 0.33892226219177246
828 809 0.3425140380859375
829 805 0.4959157407283783
830 810 0.27076002955436707
832 813 0.3329487442970276
833 816 0.3030954599380493
834 878 0.48791447281837463
836 842 0.3247227668762207
837 812 0.30278199911117554
839 886 0.295281320810318
840 823 0.37904027104377747
842 905 0.36592069268226624
843 887 0.289276659488678
845 888 0.35434165596961975
847 836 0.413387268781662
850 914 0.25117170810699463
852 916 0.4012923836708069
853 917 0.7311545610427856
856 871 0.48289602994918823
857 824 0.41656437516212463
858 830 0.2802501320838928
863 919 0.447959303855896
864 920 0.6766628623008728
865 909 0.4923151135444641
868 832 0.6468978524208069
870 910 0.5781471133232117
871 938 0.5223109126091003
873 881 0.4362751841545105
874 744 0.4795147776603699
880 937 0.2877463102340698
881 939 0.4713432490825653
884 845 0.4043009281158447
885 902 0.4128376841545105
888 839 0.30246829986572266
892 898 0.43956947326660156
893 828 0.2863925099372864
894 874 0.46373316645622253
895 865 0.3055099546909332
896 847 0.5954133868217468
899 950 0.3700924813747406
900 911 0.41932493448257446
902 779 0.4608946740627289
903 876 0.2908759117126465
904 962 0.3716494143009186
905 956 0.4308602809906006
906 951 0.37166041135787964
910 896 0.25225722789764404
913 990 0.3433123230934143
914 975 0.6085121035575867
918 986 0.36030498147010803
920 976 0.6148172616958618
921 977 0.48811599612236023
923 922 0.8166838884353638
926 864 0.30789023637771606
927 872 0.3459429144859314
929 991 0.5417109131813049
930 882 0.33393388986587524
931 1000 0.2836734354496002
933 862 0.36027613282203674
934 890 0.2916097342967987
935 892 0.29122427105903625
939 1018 0.43158531188964844
940 1024 0.30549657344818115
942 1001 0.29069289565086365
943 1002 0.3393770158290863
947 899 0.2776145040988922
950 924 0.3799631893634796
951 900 0.3882184624671936
952 903 0.3180714547634125
953 904 0.276587575674057
956 1016 0.2832717001438141
957 940 0.5545979142189026
958 963 0.30531132221221924
959 925 0.607908308506012
960 913 0.3118527829647064
961 1040 0.40131038427352905
962 1025 0.42468151450157166
963 978 0.5433210134506226
964 923 0.2692069411277771
966 926 0.3262344002723694
968 1051 0.3297539949417114
969 1026 0.39685216546058655
970 1046 0.6050799489021301
971 1027 0.5427342653274536
972 1028 0.43262583017349243
974 992 0.48283109068870544
977 930 0.30688709020614624
979 933 0.34814882278442383
980 960 0.398956298828125
982 1029 0.6322609186172485
983 1003 0.6670698523521423
985 979 0.2998598515987396
986 942 0.30713069438934326
987 943 0.45419684052467346
988 952 0.37029972672462463
989 966 0.49459704756736755
990 1004 0.3078456223011017
991 1005 0.28807249665260315
993 944 0.32846808433532715
994 968 0.321475088596344
997 981 0.5100038647651672
998 945 0.31036752462387085
999 954 0.31244128942489624
1000 1063 0.2933231294155121
1001 1050 0.2709181010723114
1002 1064 0.5184024572372437
1003 1059 0.40364331007003784
1006 957 0.30041685700416565
1009 1081 0.25552812218666077
1010 1033 0.4512006640434265
1011 993 0.42507943511009216
1013 1006 0.30379635095596313
1016 931 0.3087429404258728
1017 932 0.260601282119751
1018 980 0.49458664655685425
1019 982 0.6736019849777222
1020 1030 0.5050370097160339
1021 1031 0.277992844581604
1022 1032 0.28044500946998596
1023 1041 0.3184569478034973
1024 1042 0.4046631455421448
1026 1034 0.529761016368866
1027 1012 0.5573880076408386
1028 964 0.2704603970050812
1030 971 0.34566426277160645
1031 999 0.3724179267883301
1033 1082 0.28309670090675354
1034 1008 0.5352925658226013
1036 998 0.4473048746585846
1037 989 0.3977743983268738
1038 1083 0.43008193373680115
1039 1052 0.5466379523277283
1040 1047 0.5682238340377808
1041 1054 0.6501188278198242
1044 1035 0.2585729956626892
1046 1084 0.36867353320121765
1048 1055 0.30815815925598145
1049 1075 0.32135555148124695
1050 1076 0.32798290252685547
1051 958 0.2700197100639343
1053 1007 0.30658286809921265
1055 1013 0.608089804649353
1056 994 0.3035241365432739
1058 997 0.3938036262989044
1059 1108 0.2572372257709503
1061 1022 0.3357185423374176
1062 1118 0.3584795594215393
1063 1109 0.4541201591491699
1064 1110 0.7928187847137451
1065 1070 0.33392560482025146
1066 1072 0.3977789580821991
1067 1061 0.5105147957801819
1069 1056 0.3391961455345154
1076 1128 0.5613499879837036
1079 1137 0.3501386344432831
1080 1101 0.34241411089897156
1082 1102 0.41171279549598694
1083 1095 0.3715268075466156
1084 1096 0.4873085618019104
1085 1121 0.26594704389572144
1087 1036 0.5754506587982178
1089 1037 0.4588513970375061
1091 1164 0.4184979498386383
1092 1136 0.37216514348983765
1094 1150 0.4193277359008789
1095 1151 0.4747488498687744
1097 1152 0.4881862998008728
1099 1066 0.31644126772880554
1100 1097 0.5683809518814087
1101 1098 0.6917219161987305
1103 1078 0.4726986587047577
1105 1021 0.3116544783115387
1109 1014 0.3435130715370178
1110 1112 0.5557590126991272
1112 1057 0.26326584815979004
1113 1173 0.3413075804710388
1114 1120 0.629483699798584
1115 1085 0.614090621471405
1116 1086 0.45969322323799133
1119 1068 0.2902347147464752
1120 1179 0.29420533776283264
1121 1180 0.44390350580215454
1123 1139 0.43756648898124695
1124 1143 0.339347243309021
1125 1144 0.4262005686759949
1126 1119 0.49646511673927307
1127 1122 0.4425673484802246
1128 1123 0.32007795572280884
1129 1044 0.6186414957046509
1131 1087 0.8742082715034485
1133 1067 0.3647475838661194
1134 1091 0.3297596573829651
1136 1140 0.42980432510375977
1137 1141 0.43629974126815796
1138 1142 0.3638887107372284
1139 1145 0.532043993473053
1140 1130 0.47935566306114197
1141 1131 0.3386595845222473
1142 1088 0.3944516181945801
1144 1089 0.3229512870311737
1145 1090 0.3535393178462982
1146 1079 0.30168068408966064
1147 1080 0.29949459433555603
1148 1244 0.5629862546920776
1149 1181 0.40609318017959595
1150 1175 0.49987390637397766
1152 1043 0.5527097582817078
1153 1099 0.276008665561676
1154 1104 0.4520193934440613
1156 1092 0.3697770833969116
1157 1182 0.3794258236885071
1158 1174 0.4796501398086548
1159 1168 0.45146021246910095
1160 1125 0.26920974254608154
1163 1100 0.3289423882961273
1164 1226 0.4011760652065277
1167 1169 0.4858357310295105
1168 1155 0.3788855969905853
1169 1115 0.31994184851646423
1171 1105 0.4209749698638916
1172 1200 0.29483562707901
1173 1215 0.37387195229530334
1174 1165 0.48058146238327026
1175 1113 0.299304723739624
1176 1124 0.31394878029823303
1177 1126 0.2615603506565094
1178 1148 0.44265809655189514
1179 1106 0.46579018235206604
1180 1242 0.5069068074226379
1181 1134 0.7867833375930786
1183 1147 0.39495453238487244
1184 1257 0.3050808012485504
1185 1243 0.38497036695480347
1187 1190 0.5054509043693542
1190 1133 0.4884345233440399
1191 1162 0.34148600697517395
1192 1178 0.41696420311927795
1195 1251 0.3419347405433655
1196 1252 0.9498567581176758
1197 1132 0.5041078329086304
1201 1160 0.4291899502277374
1202 1287 0.292276531457901
1203 1258 0.33675843477249146
1204 1270 0.36259451508522034
1205 1259 0.5234014391899109
1206 1271 0.49717915058135986
1207 1229 0.33947184681892395
1208 1202 0.3314669728279114
1210 1170 0.34749534726142883
1211 1177 0.42883479595184326
1213 1189 0.3799747824668884
1214 1277 0.4769798219203949
1216 1146 0.2798954248428345
1217 1176 0.6226189136505127
1218 1171 0.49251705408096313
1219 1193 0.4781530201435089
1221 1227 0.40810269117355347
1222 1156 0.32487577199935913
1223 1195 0.442945659160614
1224 1188 0.2710336148738861
1226 1192 0.5742588043212891
1227 1196 0.39071106910705566
1230 1300 0.45514339208602905
1233 1231 0.31214943528175354
1234 1187 0.34620463848114014
1236 1161 0.2504856586456299
1239 1213 0.3513156771659851
1240 1304 0.2783889174461365
1241 1230 0.45865145325660706
1242 1216 0.42721590399742126
1244 1184 0.27060073614120483
1245 1210 0.4534416198730469
1246 1211 0.47575047612190247
1247 1194 0.790675163269043
1248 1299 0.5361002683639526
1249 1312 0.44827383756637573
1250 1261 0.279316782951355
1253 1157 0.33510246872901917
1254 1222 0.44339028000831604
1255 1217 0.4835245907306671
1256 1218 0.3590790033340454
1258 1214 0.31341657042503357
1259 1356 0.36982962489128113
1260 1329 0.5633874535560608
1261 1335 0.4568262994289398
1262 1260 0.28729772567749023
1263 1276 0.457278311252594
1264 1262 0.4616971015930176
1265 1237 0.3057740330696106
1268 1224 0.3767015039920807
1269 1225 0.46071141958236694
1270 1197 0.42004698514938354
1272 1301 0.3181303143501282
1275 1289 0.40627020597457886
1276 1290 0.3935141861438751
1277 1205 0.26358112692832947
1280 1240 0.5070562362670898
1281 1241 0.25401514768600464
1283 1303 0.30914807319641113
1284 1291 0.381120502948761
1285 1293 0.29253003001213074
1286 1236 0.3975919783115387
1287 1208 0.345443457365036
1290 1247 0.3350462317466736
1291 1265 0.33535662293434143
1292 1282 0.3772159516811371
1293 1238 0.4265250563621521
1294 1248 0.2803279161453247
1295 1249 0.38372451066970825
1298 1315 0.4756978452205658
1299 1305 0.39397716522216797
1300 1292 0.3755500912666321
1301 1320 0.28370752930641174
1303 1239 0.3392449915409088
1304 1254 0.32094788551330566
1306 1255 0.30937841534614563
1308 1345 0.28548282384872437
1310 1204 0.3496797978878021
1313 1274 0.3433411419391632
1315 1266 0.3914797902107239
1316 1268 0.28089120984077454
1318 1376 0.5044843554496765
1319 1342 0.3035988211631775
1321 1357 0.3220212757587433
1322 1343 0.45122089982032776
1323 1386 0.48214226961135864
1326 1332 0.3423821032047272
1327 1333 0.28659334778785706
1329 1273 0.41326114535331726
1330 1264 0.5598573088645935
1331 1275 0.3192155659198761
1334 1269 0.35391849279403687
1336 1381 0.5868031978607178
1337 1382 0.43917182087898254
1339 1384 0.33640822768211365
1340 1358 0.49667397141456604
1341 1344 0.31638243794441223
1344 1295 0.6192943453788757
1346 1283 0.3669193983078003
1347 1267 0.3874798119068146
1348 1285 0.2868156433105469
1349 1426 0.5693004727363586
1350 1331 0.46239110827445984
1351 1245 0.3189462721347809
1352 1281 0.37617164850234985
1355 1298 0.3439844846725464
1358 1256 0.46483078598976135
1359 1417 0.43750178813934326
1360 1387 0.40557533502578735
1361 1346 0.6712818145751953
1362 1246 0.7603196501731873
1365 1308 0.30678585171699524
1366 1318 0.378984272480011
1367 1309 0.37626850605010986
1368 1297 0.33500149846076965
1371 1419 0.2891550362110138
1372 1427 0.29858341813087463
1373 1388 0.26179295778274536
1374 1377 0.342801958322525
1375 1399 0.32392290234565735
1376 1367 0.4947932958602905
1377 1310 0.4398961663246155
1378 1311 0.4293680191040039
1379 1324 0.5630689263343811
1380 1326 0.383222371339798
1381 1450 0.7603051066398621
1382 1402 0.5215269923210144
1383 1403 0.3106076419353485
1384 1279 0.4389922022819519
1387 1294 0.430801123380661
1388 1319 0.37273913621902466
1389 1321 0.25795650482177734
1390 1286 0.4532448947429657
1391 1378 0.47540488839149475
1393 1280 0.41538217663764954
1395 1340 0.30052000284194946
1396 1334 0.3404727280139923
1400 1451 0.7721404433250427
1401 1452 0.4181700348854065
1402 1453 0.31498610973358154
1403 1466 0.3576630651950836
1405 1438 0.2994283437728882
1407 1316 0.5292474627494812
1411 1352 0.2533017694950104
1412 1353 0.2635401785373688
1413 1354 0.282866507768631
1415 1366 0.5930575728416443
1416 1400 0.637462317943573
1417 1401 0.5084876418113708
1418 1389 0.349326491355896
1421 1317 0.30484288930892944
1422 1337 0.4285261332988739
1423 1349 0.5630372762680054
1424 1363 0.33792173862457275
1425 1350 0.29818475246429443
1426 1365 0.43404415249824524
1427 1327 0.44597166776657104
1428 1468 0.694088876247406
1429 1481 0.4113525152206421
1430 1404 0.9772254228591919
1431 1493 0.37782981991767883
1432 1494 0.40735769271850586
1434 1477 0.3814281225204468
1435 1479 0.3454464375972748
1436 1480 0.2575371563434601
1437 1372 0.30116382241249084
1438 1379 0.2633283734321594
1441 1380 0.2784016728401184
1443 1507 0.4205399751663208
1444 1495 0.5370075106620789
1446 1469 0.5413535237312317
1447 1478 0.4894416928291321
1449 1430 0.3196548521518707
1452 1362 0.313643217086792
1453 1392 0.3391113877296448
1457 1440 0.33833128213882446
1458 1454 0.9076563119888306
1459 1472 0.3088124394416809
1460 1421 0.4547494351863861
1462 1531 0.42214807868003845
1464 1527 0.561548113822937
1465 1455 0.326822966337204
1467 1409 0.41975465416908264
1468 1410 0.3042260408401489
1472 1413 0.2743200361728668
1476 1544 0.31119590997695923
1478 1533 0.37460681796073914
1479 1546 0.47234809398651123
1480 1521 0.4373149275779724
1481 1470 0.36922207474708557
1482 1509 0.3936173915863037
1483 1484 0.3707856237888336
1485 1370 0.6362384557723999
1486 1408 0.516369104385376
1487 1411 0.5170791745185852
1488 1412 0.4111787676811218
1489 1396 0.2791290283203125
1490 1397 0.3462502062320709
1495 1542 0.3816690146923065
1496 1543 0.5784642696380615
1498 1567 0.4464503824710846
1500 1512 0.41262000799179077
1501 1422 0.3774113357067108
1504 1423 0.33450251817703247
1505 1443 0.3317886292934418
1506 1425 0.6277176141738892
1507 1395 0.7465308308601379
1511 1581 0.459973007440567
1513 1532 0.4071432948112488
1514 1523 0.3360257148742676
1516 1570 0.3754218816757202
1518 1528 0.6826877593994141
1520 1406 0.3771083950996399
1522 1441 0.4485248625278473
1524 1445 0.3696381747722626
1525 1446 0.4241023659706116
1527 1436 0.34933581948280334
1533 1580 0.4322662055492401
1534 1566 0.38643693923950195
1535 1525 0.5946143865585327
1536 1526 0.32541996240615845
1539 1458 0.3533630073070526
1540 1459 0.4375309944152832
1541 1475 0.27974143624305725
1542 1442 0.5887466073036194
1543 1461 0.517632782459259
1544 1435 0.3247552812099457
1545 1448 0.34759214520454407
1547 1437 0.34593433141708374
1552 1538 0.29337263107299805
1553 1539 0.260695219039917
1556 1599 0.3619539737701416
1557 1584 0.4126936197280884
1559 1549 0.26052024960517883
1561 1457 0.32368481159210205
1562 1486 0.5473170876502991
1563 1474 0.403539776802063
1564 1460 0.7413601875305176
1567 1462 0.4340279996395111
1576 1583 0.33882367610931396
1577 1600 0.31176355481147766
1578 1568 0.37926843762397766
1579 1547 0.32783937454223633
1581 1550 0.49492260813713074
1582 1551 0.4675953984260559
1583 1473 0.5143010020256042
1584 1485 0.6693040132522583
1586 1463 0.38517969846725464
1587 1464 0.44704899191856384
1588 1465 0.6069328188896179
1591 1598 0.3930074870586395
1592 1622 0.5821150541305542
1593 1623 0.3835090100765228
1594 1607 0.4735026955604553
1595 1637 0.28981155157089233
1596 1601 0.39731186628341675
1597 1569 0.3834066390991211
1598 1602 0.3726353347301483
1599 1499 0.3420260548591614
1600 1500 0.4388791620731354
1601 1501 0.3192119300365448
1602 1487 0.6022636294364929
1604 1636 0.26774877309799194
1606 1571 0.5930926203727722
1607 1575 0.5085429549217224
1612 1431 0.8015578985214233
1613 1530 0.31844478845596313
1614 1513 0.5407121777534485
1615 1447 0.3028033673763275
1617 1597 0.485691636800766
1620 1502 0.4793154299259186
1621 1503 0.4127947688102722
1622 1517 0.44917207956314087
1627 1697 0.315328449010849
1629 1663 0.5497412085533142
1634 1611 0.5157485008239746
1637 1576 0.42581623792648315
1641 1555 0.46570801734924316
1642 1672 0.2877219021320343
1643 1608 0.4907124936580658
1644 1585 0.3516431748867035
1648 1553 0.39822837710380554
1649 1554 0.5910801887512207
1650 1710 0.33932167291641235
1651 1673 0.3034989535808563
1654 1639 0.45871180295944214
1655 1556 0.36291036009788513
1656 1557 0.3339020311832428
1659 1558 0.3668319284915924
1661 1727 0.2980178892612457
1663 1641 0.38153326511383057
1664 1647 0.5389905571937561
1665 1648 0.4562916159629822
1666 1649 0.3581863343715668
1669 1578 0.43327367305755615
1670 1616 0.32019978761672974
1673 1560 0.2974863052368164
1675 1610 0.446980357170105
1676 1650 0.3906317353248596
1679 1579 0.5047404170036316
1680 1587 0.6558929681777954
1683 1711 0.3375297784805298
1684 1728 0.4140307903289795
1685 1618 0.2979331910610199
1686 1619 0.28400719165802
1687 1589 0.347004234790802
1688 1772 0.35010358691215515
1689 1774 0.3195640444755554
1691 1699 0.37750673294067383
1692 1701 0.5447831153869629
1693 1677 0.4028157591819763
1694 1651 0.27419185638427734
1697 1615 0.36434847116470337
1700 1559 0.2964641749858856
1701 1590 0.3616703450679779
1703 1745 0.7379249930381775
1705 1703 0.5923018455505371
1706 1686 0.3925916850566864
1707 1719 0.3600126802921295
1708 1613 0.6064444780349731
1709 1614 0.7035811543464661
1711 1628 0.5197603106498718
1712 1604 0.4035416841506958
1713 1605 0.40085291862487793
1715 1754 0.36522167921066284
1718 1684 0.4006442427635193
1719 1715 0.36030808091163635
1720 1687 0.34612080454826355
1721 1642 0.6158959269523621
1724 1624 0.5207461714744568
1725 1625 0.41906827688217163
1727 1629 0.521854817867279
1728 1631 0.4803331196308136
1729 1816 0.2829344868659973
1732 1755 0.3592420518398285
1733 1775 0.34404945373535156
1734 1746 0.31871548295021057
1735 1756 0.4526405930519104
1736 1747 0.4600006341934204
1737 1712 0.37061840295791626
1738 1748 0.44598910212516785
1740 1702 0.31157779693603516
1741 1713 0.46685129404067993
1742 1714 0.480596125125885
1743 1716 0.33460238575935364
1744 1717 0.2839089035987854
1747 1643 0.37363672256469727
1748 1665 0.2791285216808319
1749 1630 0.6256378293037415
1753 1729 0.2887202203273773
1754 1730 0.34607788920402527
1756 1644 0.41250237822532654
1757 1659 0.5302887558937073
1758 1844 0.28906211256980896
1760 1788 0.3907211422920227
1764 1732 0.5000498294830322
1765 1680 0.5566602349281311
1766 1691 0.3203112483024597
1768 1661 0.35243144631385803
1769 1785 0.4238286316394806
1770 1786 0.44405677914619446
1773 1787 0.2734479010105133
1774 1761 0.3657221794128418
1776 1790 0.3463555574417114
1778 1763 0.3422691524028778
1780 1679 0.5072109699249268
1781 1656 0.35886332392692566
1782 1666 0.25769907236099243
1784 1789 0.39378973841667175
1785 1777 0.38325709104537964
1786 1733 0.5016748309135437
1787 1750 0.310784250497818
1788 1657 0.38023069500923157
1790 1921 0.9839923977851868
1793 1827 0.9001746773719788
1794 1896 0.41474252939224243
1795 1801 0.3426368832588196
1796 1759 0.4454488158226013
1797 1760 0.5720892548561096
1798 1778 0.5873703360557556
1799 1682 0.8583614826202393
1801 1683 0.5551376938819885
1802 1693 0.36600828170776367
1803 1694 0.25820115208625793
1806 1796 0.2917782962322235
1807 1751 0.35914716124534607
1808 1723 0.46707841753959656
1809 1688 0.3464100658893585
1810 1705 0.49220010638237
1812 1695 0.2581794857978821
1814 1906 0.27937859296798706
1815 1757 0.48583200573921204
1816 1828 0.56465744972229
1817 1795 0.3338625431060791
1818 1819 0.42792296409606934
1820 1720 0.3094722628593445
1821 1689 0.3634163737297058
1822 1724 0.518876314163208
1824 1907 0.29967543482780457
1826 1773 0.2659343481063843
1827 1829 0.5899758338928223
1828 1846 0.3949974775314331
1830 1802 0.3584207594394684
1831 1739 0.38253700733184814
1832 1741 0.2791178524494171
1833 1742 0.26376646757125854
1834 1799 0.2769164443016052
1835 1833 0.5303570032119751
1836 1791 0.3632337749004364
1837 1765 0.4014585316181183
1838 1766 0.2954261004924774
1839 1769 0.661887526512146
1840 1736 0.32784000039100647
1841 1894 0.4168815016746521
1842 1910 0.49509018659591675
1844 1897 0.3593599200248718
1845 1847 0.5616573691368103
1846 1830 0.30858075618743896
1847 1831 0.4646889567375183
1849 1768 0.35693830251693726
1851 1779 0.48212525248527527
1852 1752 0.38200220465660095
1853 1737 0.5323297381401062
1854 1770 0.376455157995224
1857 1994 0.34351208806037903
1859 1893 0.434408962726593
1861 1849 0.3210972845554352
1865 1825 0.5330048203468323
1867 1783 0.27386701107025146
1868 1922 0.5719916224479675
1871 1869 0.4170035719871521
1872 1792 0.7029761672019958
1873 1780 0.42659178376197815
1875 1936 0.43209558725357056
1877 1937 0.4668334722518921
1878 1886 0.422432005405426
1879 1820 0.6583859324455261
1880 1797 0.36820128560066223
1882 1809 0.6813244819641113
1883 2038 0.34728530049324036
1884 1878 0.3040079176425934
1885 1839 0.31184354424476624
1886 1810 0.9817081093788147
1888 1811 0.36094847321510315
1889 1814 0.28127214312553406
1892 1962 0.33595970273017883
1894 1938 0.38313284516334534
1895 1923 0.3029443323612213
1897 1925 0.5570691823959351
1902 1840 0.4580124020576477
1903 1935 0.2842223346233368
1905 1978 0.4296891689300537
1906 1999 0.31682145595550537
1907 1924 0.3591495454311371
1908 1926 0.4294736683368683
1912 1803 0.32484447956085205
1913 1823 0.34402549266815186
1914 1841 0.7653926014900208
1915 1911 0.3383035361766815
1916 1879 0.3545123338699341
1917 1807 0.5868574976921082
1918 1864 0.5417284965515137
1919 1865 0.33832159638404846
1920 2086 0.40579161047935486
1921 1995 0.2787154018878937
1922 1976 0.40202170610427856
1924 2025 0.49257105588912964
1925 1987 0.5061426162719727
1926 1939 0.30419644713401794
1927 1927 0.47514697909355164
1928 1821 0.4552662670612335
1929 1834 0.49474895000457764
1930 1808 0.41893240809440613
1932 1874 0.5322393774986267
1935 2076 0.30479755997657776
1936 1979 0.4638715982437134
1937 1980 0.4248318076133728
1940 1836 0.3452228009700775
1942 1837 0.5451297760009766
1944 1881 0.577873706817627
1945 1872 0.5427414774894714
1946 1873 0.3536590337753296
1947 1862 0.34330642223358154
1948 1857 0.3996032774448395
1949 2026 0.3963305950164795
1950 1986 0.4315536320209503
1951 2000 0.4205736815929413
1952 1964 0.3819825351238251
1955 1852 0.6316841244697571
1956 1853 0.3700794279575348
1958 2042 0.37679386138916016
1963 2002 0.42701876163482666
1964 1965 0.34504637122154236
1965 1966 0.3529076874256134
1967 1854 0.29544582962989807
1968 1855 0.35461851954460144
1969 1856 0.677008867263794
1970 1902 0.33932265639305115
1971 1883 0.40904369950294495
1972 1884 0.6529428362846375
1974 2119 0.4211813807487488
1975 2087 0.4054867625236511
1976 2055 0.34645599126815796
1977 2040 0.46157339215278625
1978 2003 0.6282272934913635
1979 1861 0.5427948236465454
1980 1870 0.34904709458351135
1981 1871 0.4956410229206085
1982 1880 0.3970319628715515
1986 1859 0.3799671530723572
1987 2039 0.32339540123939514
1988 1997 0.42936885356903076
1989 2001 0.4119677245616913
1990 2004 0.3598458766937256
1992 1981 0.5014337301254272
1994 1928 0.4250859022140503
1995 1929 0.5550974607467651
1997 1918 0.4990346133708954
1998 1889 0.33128589391708374
1999 1882 0.37392258644104004
2000 2043 0.35355955362319946
2002 2053 0.3885103166103363
2003 2054 0.2619282901287079
2004 2044 0.38459131121635437
2006 2005 0.30741551518440247
2007 2006 0.34644442796707153
2010 1988 0.3032880425453186
2011 1915 0.4623875916004181
2012 1901 0.47226521372795105
2013 1919 0.4368159770965576
2015 2088 0.40049755573272705
2016 2027 0.444254994392395
2017 2067 0.356678307056427
2019 2045 0.4805777966976166
2021 2029 0.3383754789829254
2023 2010 0.3171406686306
2024 1899 0.3454088568687439
2026 1952 0.3094719648361206
2028 1916 0.29396021366119385
2030 1942 0.38579806685447693
2031 1931 0.4534606337547302
2032 1904 0.5096246004104614
2034 2065 0.375323086977005
2035 2008 0.5337200164794922
2037 2030 0.39593014121055603
2038 1967 0.42319047451019287
2039 1968 0.4061477780342102
2041 1970 0.4287996292114258
2042 1971 0.3456457853317261
2043 1888 0.8036291003227234
2044 1958 0.4141251742839813
2047 2160 0.4832009971141815
2048 2102 0.370451956987381
2050 2066 0.38874492049217224
2051 2028 0.3016588091850281
2052 2046 0.3738452196121216
2054 1957 0.5285337567329407
2056 2106 0.33710387349128723
2058 1940 0.5812862515449524
2059 2012 0.37309157848358154
2062 1955 0.2888317406177521
2063 1932 0.2651437520980835
2065 2169 0.29067403078079224
2070 2095 0.44147175550460815
2071 2104 0.5293741822242737
2072 2121 0.4245620667934418
2073 2047 0.3446267545223236
2074 2011 0.37415018677711487
2075 1982 0.3766030967235565
2076 1969 0.33762216567993164
2077 2031 0.3993053734302521
2078 1991 0.26940056681632996
2079 1993 0.5552737712860107
2080 1960 0.25518086552619934
2085 2080 0.5506899356842041
2086 1990 0.39031556248664856
2088 1973 0.2837381064891815
2092 2130 0.32676810026168823
2093 2107 0.470049113035202
2094 2108 0.6322307586669922
2095 2013 0.32808396220207214
2096 2016 0.35930371284484863
2099 2214 0.26343387365341187
2100 2148 0.8975019454956055
2101 2290 0.3460419178009033
2103 2217 0.3643818497657776
2104 2149 0.4395594298839569
2105 2131 0.6647126078605652
2106 2132 0.5250992774963379
2107 2079 0.3772490620613098
2109 2097 0.48982366919517517
2111 2041 0.3503570854663849
2112 2033 0.3925654888153076
2113 2015 0.32732701301574707
2114 1992 0.5043083429336548
2115 2035 0.30777838826179504
2117 2213 0.3472409248352051
2118 2259 0.32118427753448486
2119 2278 0.38301849365234375
2120 2162 0.38319826126098633
2121 2139 0.5307486653327942
2122 2109 0.4884335696697235
2124 2032 0.31293630599975586
2127 2020 0.3363909125328064
2128 2215 0.2519773542881012
2130 2219 0.5067303776741028
2131 2136 0.3346221446990967
2132 2140 0.5213643312454224
2133 2122 0.4262440800666809
2135 2141 0.43618282675743103
2137 2058 0.41547688841819763
2138 2049 0.5609250664710999
2139 2050 0.5086491703987122
2140 2037 0.8338739275932312
2141 2288 0.31620144844055176
2142 2261 0.3202972114086151
2143 2238 0.46844881772994995
2144 2161 0.4474072754383087
2145 2178 0.27563488483428955
2147 2195 0.5083290934562683
2148 2222 0.5309324264526367
2151 2123 0.46142464876174927
2152 2069 0.47333428263664246
2153 2081 0.2919503152370453
2154 2082 0.3069749176502228
2155 2071 0.4035967290401459
2157 2059 0.3069989085197449
2158 2074 0.5459330677986145
2159 2060 0.37241366505622864
2160 2061 0.310350626707077
2162 2257 0.4118746221065521
2163 2258 0.2763234078884125
2166 2260 0.2909460961818695
2168 2194 0.4762316644191742
2169 2142 0.5641589760780334
2171 2073 0.29582956433296204
2173 2036 0.4428725838661194
2176 2172 0.5603337287902832
2177 2173 0.41708511114120483
2178 2174 0.5006372332572937
2179 2316 0.26081010699272156
2180 2048 0.510259747505188
2181 2084 0.43426647782325745
2182 2085 0.4605568051338196
2183 2091 0.3122354745864868
2184 2062 0.4627687335014343
2186 2289 0.2935805916786194
2188 2198 0.3239964544773102
2189 2199 0.25164955854415894
2190 2200 0.3244441747665405
2191 2151 0.40813112258911133
2192 2143 0.3574533462524414
2193 2098 0.540779709815979
2195 2113 0.3408590257167816
2197 2114 0.36399978399276733
2201 2092 0.41888606548309326
2203 2305 0.3301026225090027
2204 2327 0.26305603981018066
2205 2307 0.27847468852996826
2206 2231 0.4146954417228699
2207 2220 0.39368608593940735
2208 2165 0.6851859092712402
2210 2124 0.37382063269615173
2212 2116 0.30723702907562256
2214 2328 0.2914406955242157
2215 2268 0.257087379693985
2216 2221 0.3557780385017395
2217 2271 0.39695245027542114
2218 2202 0.3886263072490692
2220 2264 0.3601978123188019
2221 2310 0.43288296461105347
2222 2240 0.3490334451198578
2223 2241 0.8428324460983276
2225 2242 0.5309972167015076
2229 2180 0.34600991010665894
2230 2175 0.3396911025047302
2231 2099 0.5917897820472717
2232 2110 0.44261419773101807
2233 2111 0.5310969948768616
2234 2112 0.4196009635925293
2235 2134 0.4733193814754486
2236 2127 0.4886725842952728
2237 2128 0.5934038162231445
2239 2100 0.36739876866340637
2240 2117 0.5372247099876404
2241 2075 0.3349960446357727
2242 2384 0.36657559871673584
2243 2369 0.3670191466808319
2244 2263 0.3598266541957855
2246 2280 0.2689562141895294
2247 2201 0.47871971130371094
2249 2203 0.5851686000823975
2250 2204 0.44483962655067444
2251 2125 0.5761744379997253
2252 2157 0.4478648900985718
2253 2392 0.39837196469306946
2254 2383 0.4815724492073059
2255 2351 0.38108816742897034
2256 2279 0.5423312187194824
2257 2267 0.3380838930606842
2258 2269 0.3384329378604889
2259 2244 0.34336110949516296
2263 2409 0.482013076543808
2264 2393 0.3002375662326813
2265 2394 0.27665063738822937
2266 2395 0.3303363025188446
2267 2332 0.2883245348930359
2268 2291 0.4359050393104553
2269 2270 0.32567456364631653
2271 2246 0.2864395081996918
2273 2223 0.40154772996902466
2275 2154 0.43720483779907227
2276 2166 0.4298305809497833
2278 2146 0.3458189070224762
2279 2129 0.45191335678100586
2281 2308 0.27684512734413147
2282 2329 0.32118090987205505
2283 2312 0.48351120948791504
2284 2331 0.2916887104511261
2286 2356 0.6088818907737732
2287 2245 0.4217967689037323
2288 2247 0.35100892186164856
2290 2153 0.6682433485984802
2291 2156 0.3793165683746338
2294 2421 0.34183984994888306
2295 2292 0.3781888782978058
2296 2294 0.4210018515586853
2297 2295 0.36258724331855774
2298 2296 0.358121782541275
2299 2232 0.3440714478492737
2300 2205 0.3599011301994324
2302 2315 0.3342050015926361
2305 2249 0.3637915551662445
2307 2182 0.5646897554397583
2308 2206 0.4885500371456146
2310 2210 0.5236051082611084
2311 2176 0.4536137580871582
2312 2186 0.4285236895084381
2313 2189 0.3361769914627075
2314 2158 0.45015496015548706
2316 2466 0.3377239406108856
2317 2352 0.3942481577396393
2318 2370 0.25549083948135376
2319 2371 0.3156515955924988
2320 2397 0.3036176562309265
2321 2372 0.4630768895149231
2322 2374 0.3552142381668091
2323 2375 0.487820029258728
2325 2297 0.3472849726676941
2326 2272 0.5269705057144165
2327 2233 0.4153342545032501
2328 2234 0.6898956894874573
2329 2185 0.571171760559082
2330 2224 0.5335240960121155
2333 2187 0.45954638719558716
2334 2211 0.43636882305145264
2335 2422 0.3424278199672699
2336 2440 0.28867560625076294
2337 2385 0.35807499289512634
2338 2386 0.35837119817733765
2339 2373 0.3659304678440094
2340 2341 0.31791165471076965
2341 2226 0.6230590343475342
2342 2212 0.6859809160232544
2344 2491 0.5422970652580261
2346 2387 0.287496417760849
2347 2344 0.31142479181289673
2351 2299 0.27238935232162476
2352 2300 0.281108558177948
2353 2251 0.40644457936286926
2354 2207 0.6343445777893066
2355 2252 0.4304356276988983
2361 2411 0.28074365854263306
2362 2353 0.40590617060661316
2363 2398 0.45645615458488464
2365 2376 0.29910239577293396
2366 2342 0.368381142616272
2368 2343 0.43285199999809265
2369 2335 0.7181720733642578
2371 2298 0.40914472937583923
2373 2225 0.44897422194480896
2374 2227 0.3131727874279022
2375 2190 0.3390897214412689
2378 2485 0.2974760830402374
2379 2441 0.3150726556777954
2380 2426 0.268869549036026
2381 2250 0.4296104907989502
2384 2427 0.3657713532447815
2385 2445 0.5074722766876221
2386 2428 0.5967862606048584
2387 2412 0.5003179311752319
2388 2413 0.4959985017776489
2389 2358 0.3307735323905945
2390 2401 0.4320737421512604
2391 2345 0.41847240924835205
2393 2302 0.5391885042190552
2394 2273 0.4192497730255127
2395 2256 0.2772113084793091
2399 2424 0.3759503662586212
2400 2429 0.4327327013015747
2403 2414 0.32054534554481506
2406 2400 0.3287821114063263
2408 2337 0.3034648001194
2409 2301 0.4571954607963562
2410 2284 0.6125698685646057
2412 2285 0.42850327491760254
2413 2286 0.504121720790863
2415 2303 0.5757668614387512
2417 2287 0.4559853971004486
2418 2274 0.3411012887954712
2420 2275 0.4424803853034973
2421 2276 0.4224614202976227
2422 2255 0.25884193181991577
2423 2517 0.43818366527557373
2424 2467 0.36066046357154846
2425 2425 0.274473637342453
2426 2430 0.32931748032569885
2428 2318 0.4410299062728882
2429 2323 0.6594409942626953
2430 2479 0.3512587249279022
2431 2444 0.38038158416748047
2433 2431 0.8005968332290649
2434 2449 0.4274355471134186
2435 2432 0.293674111366272
2437 2336 0.2705076038837433
2438 2319 0.36075127124786377
2439 2320 0.49269649386405945
2440 2321 0.33644482493400574
2441 2322 0.567113995552063
2442 2324 0.4629497230052948
2443 2254 0.5971893668174744
2445 2277 0.2639451324939728
2447 2522 0.46914535760879517
2448 2480 0.6835679411888123
2450 2457 0.49529609084129333
2451 2448 0.32469117641448975
2452 2458 0.36410844326019287
2453 2459 0.4359990060329437
2455 2450 0.40678080916404724
2458 2346 0.3671535849571228
2459 2347 0.6685786247253418
2460 2349 0.3755296766757965
2461 2600 0.4697313904762268
2462 2338 0.4403599798679352
2464 2469 0.3449230194091797
2465 2482 0.2869102954864502
2467 2361 0.4268839657306671
2470 2367 0.3184353709220886
2471 2368 0.37195757031440735
2472 2636 0.3866208791732788
2473 2486 0.5229633450508118
2474 2487 0.40445056557655334
2475 2492 0.37600162625312805
2476 2481 0.41037294268608093
2477 2359 0.3643095791339874
2479 2360 0.5097981691360474
2480 2380 0.47675514221191406
2481 2362 0.42742985486984253
2482 2365 0.2763969302177429
2484 2524 0.2847139239311218
2485 2510 0.35182228684425354
2486 2417 0.44698846340179443
2487 2381 0.37988200783729553
2489 2418 0.3010684847831726
2490 2364 0.5467385649681091
2492 2389 0.4854235351085663
2493 2382 0.47301343083381653
2495 2408 0.30600857734680176
2496 2390 0.5929829478263855
2497 2518 0.39742517471313477
2498 2523 0.38085854053497314
2499 2495 0.43292877078056335
2500 2511 0.43036380410194397
2501 2402 0.33081263303756714
2502 2419 0.4666603207588196
2503 2405 0.6316124200820923
2504 2406 0.29565611481666565
2505 2407 0.2581479847431183
2506 2420 0.30617380142211914
2507 2437 0.44293341040611267
2510 2564 0.5448833703994751
2511 2526 0.3244726359844208
2512 2538 0.2975623607635498
2513 2509 0.5174649357795715
2514 2552 0.3403221070766449
2515 2498 0.7649014592170715
2516 2499 0.33056193590164185
2518 2403 0.4934559464454651
2519 2454 0.3729257881641388
2524 2542 0.29143431782722473
2525 2512 0.2826566994190216
2528 2435 0.97684246301651
2529 2464 0.6520510911941528
2530 2456 0.5697643756866455
2531 2581 0.4145989716053009
2534 2540 0.8132866024971008
2535 2527 0.2802584171295166
2536 2632 0.26435548067092896
2537 2668 0.30761581659317017
2538 2560 0.37156471610069275
2539 2562 0.30066218972206116
2540 2563 0.4685596227645874
2541 2575 0.5372482538223267
2543 2602 0.37133944034576416
2544 2588 0.5208321213722229
2545 2541 0.3084256947040558
2546 2577 0.2644818127155304
2547 2543 0.2833581864833832
2548 2565 0.45533183217048645
2549 2528 0.2793668508529663
2550 2451 0.367816299200058
2551 2453 0.5555947422981262
2552 2474 0.4502446949481964
2554 2574 0.29964372515678406
2556 2583 0.37814342975616455
2558 2554 0.3283487558364868
2559 2555 0.390258252620697
2560 2556 0.28384825587272644
2562 2473 0.35806578397750854
2563 2476 0.4842250943183899
2564 2462 0.37872880697250366
2565 2612 0.2904722988605499
2566 2644 0.4624127149581909
2567 2582 0.4821717143058777
2569 2475 0.5036633014678955
2570 2507 0.4021896719932556
2572 2621 0.4674794673919678
2576 2557 0.5987970232963562
2577 2500 0.7522575259208679
2578 2483 0.4185227155685425
2580 2530 0.5575161576271057
2581 2501 0.4435294270515442
2582 2502 0.46454983949661255
2584 2633 0.3496347963809967
2585 2634 0.41295304894447327
2586 2576 0.42009666562080383
2589 2505 0.5318882465362549
2590 2506 0.3714878559112549
2591 2514 0.41126778721809387
2593 2643 0.33917155861854553
2594 2614 0.607668936252594
2595 2584 0.39129093289375305
2596 2488 0.5144393444061279
2597 2503 0.37619566917419434
2599 2534 0.256590873003006
2600 2515 0.3909231424331665
2601 2465 0.32236233353614807
2602 2477 0.3492182493209839
2604 2508 0.9567644596099854
2606 2659 0.3117579221725464
2607 2603 0.483732134103775
2608 2589 0.4357803463935852
2609 2590 0.4442702531814575
2610 2585 0.5159644484519958
2611 2489 0.4801815152168274
2612 2544 0.3688317835330963
2613 2529 0.6229366660118103
2614 2531 0.43452125787734985
2617 2669 0.384819895029068
2619 2637 0.8979026079177856
2621 2622 0.4414561688899994
2622 2604 0.4734841585159302
2623 2605 0.6183724999427795
2624 2592 0.2957773804664612
2625 2594 0.2991255223751068
2626 2519 0.5321444272994995
2628 2545 0.3798772990703583
2629 2546 0.4419102370738983
2630 2727 0.4027012884616852
2631 2728 0.34766706824302673
2632 2670 0.4770316779613495
2633 2645 0.6077240109443665
2634 2646 0.5347149968147278
2635 2648 0.5147308707237244
2636 2651 0.5429226756095886
2637 2579 0.39462810754776
2639 2533 0.40917128324508667
2640 2548 0.31810876727104187
2641 2550 0.4125562906265259
2642 2535 0.3675459325313568
2643 2521 0.5206617712974548
2644 2729 0.5148255825042725
2646 2683 0.4921756982803345
2647 2658 0.35033270716667175
2648 2673 0.6952442526817322
2649 2567 0.3982807695865631
2652 2558 0.5111013650894165
2653 2549 0.5541321635246277
2654 2551 0.27298644185066223
2655 2684 0.4052463173866272
2656 2671 0.39564743638038635
2657 2685 0.5063902735710144
2658 2695 0.9454816579818726
2659 2660 0.49073636531829834
2660 2650 0.40247246623039246
2662 2624 0.27175572514533997
2663 2569 0.4932418465614319
2666 2661 0.3949695825576782
2668 2638 0.303514301776886
2670 2580 0.5280073285102844
2671 2763 0.3694584369659424
2672 2765 0.37280312180519104
2673 2595 0.5851797461509705
2674 2586 0.4367105960845947
2675 2597 0.3179950416088104
2676 2598 0.3764386475086212
2678 2537 0.2517683804035187
2679 2572 0.2847486734390259
2681 2764 0.4524998664855957
2682 2766 0.37749090790748596
2683 2777 0.38907837867736816
2686 2694 0.29158079624176025
2687 2711 0.5038761496543884
2688 2707 0.37820905447006226
2690 2674 0.334943026304245
2691 2676 0.3966849148273468
2692 2623 0.5127465724945068
2694 2578 0.7159987092018127
2695 2615 0.4285036623477936
2696 2616 0.3462214767932892
2697 2599 0.6208963394165039
2699 2712 0.5179038643836975
2700 2687 0.3692668080329895
2702 2677 0.49174124002456665
2704 2606 0.5576916337013245
2705 2617 0.2720378339290619
2706 2608 0.4945305287837982
2708 2802 0.477579265832901
2709 2740 0.31962376832962036
2710 2741 0.42814910411834717
2711 2730 0.32460975646972656
2712 2696 0.38458579778671265
2713 2722 0.5658082962036133
2714 2678 0.3034402132034302
2715 2625 0.4116040766239166
2716 2628 0.6591008901596069
2718 2804 0.2708609998226166
2719 2731 0.3488271236419678
2720 2744 0.37730732560157776
2721 2782 0.5415182709693909
2722 2734 0.693449079990387
2723 2708 0.2984220087528229
2724 2714 0.3031810224056244
2725 2662 0.3676398992538452
2727 2627 0.5450741648674011
2728 2631 0.5049483776092529
2730 2748 0.3588578701019287
2731 2735 0.36348778009414673
2732 2713 0.38840919733047485
2733 2639 0.31293004751205444
2735 2640 0.40543264150619507
2736 2629 0.38924166560173035
2737 2618 0.337832510471344
2739 2843 0.46299827098846436
2741 2779 0.44253313541412354
2743 2750 0.28807690739631653
2744 2742 0.30543917417526245
2745 2733 0.4579818546772003
2746 2717 0.5934564471244812
2747 2718 0.40612921118736267
2748 2719 0.42751628160476685
2749 2721 0.28239911794662476
2750 2709 0.31396734714508057
2752 2609 0.33186838030815125
2753 2610 0.3856755495071411
2754 2642 0.9641672968864441
2755 2848 0.4442770481109619
2756 2756 0.35356998443603516
2757 2769 0.39473235607147217
2758 2720 0.30140891671180725
2761 2664 0.6694163680076599
2763 2654 0.6757838726043701
2764 2665 0.6760210990905762
2765 2641 0.7059436440467834
2766 2859 0.45602625608444214
2769 2860 0.4000245928764343
2771 2812 0.370654821395874
2773 2770 0.31255632638931274
2774 2689 0.8063928484916687
2775 2680 0.37477797269821167
2777 2692 0.33884307742118835
2778 2656 0.27352744340896606
2779 2619 0.25240209698677063
2781 2780 0.3822011649608612
2782 2767 0.3853788375854492
2783 2781 0.31770583987236023
2784 2757 0.7073864936828613
2785 2752 0.2846050560474396
2787 2688 0.7677019238471985
2789 2655 0.44984039664268494
2791 2667 0.2911514937877655
2792 2844 0.36465126276016235
2794 2807 0.46886134147644043
2795 2710 0.7490682601928711
2796 2698 0.47616761922836304
2797 2873 0.2717142701148987
2798 2861 0.4834752678871155
2799 2813 0.45831695199012756
2800 2805 0.4602898359298706
2801 2806 0.5615277290344238
2802 2736 0.3137928247451782
2803 2697 0.45964545011520386
2804 2690 0.4665406346321106
2806 2691 0.3010765314102173
2807 2699 0.6490093469619751
2809 2702 0.355096697807312
2811 2829 0.6384552121162415
2812 2831 0.4487113952636719
2813 2815 0.3928385078907013
2816 2871 0.272186815738678
2819 2863 0.30606696009635925
2820 2832 0.3299943506717682
2823 2936 0.4133056700229645
2825 2785 0.4734213948249817
2826 2726 0.3344310522079468
2827 2737 0.5162666440010071
2828 2739 0.5829139351844788
2829 2923 0.3422642648220062
2830 2924 0.44333574175834656
2831 2887 0.32966533303260803
2832 2888 0.26690059900283813
2833 2814 0.5550921559333801
2834 2786 0.33698397874832153
2835 2703 0.29364219307899475
2836 2978 0.43878373503685
2837 2965 0.3271148204803467
2838 2993 0.4082852602005005
2840 2967 0.44125330448150635
2843 2889 0.3008253872394562
2844 2900 0.29022088646888733
2845 2849 0.4268774688243866
2846 2850 0.40984025597572327
2847 2875 0.4295191466808319
2849 2864 0.2900852859020233
2851 2783 0.27304553985595703
2852 2845 0.39182713627815247
2853 2820 0.30792197585105896
2855 2745 0.5158891677856445
2856 2746 0.5024059414863586
2859 2979 0.3407459259033203
2860 2968 0.4427805244922638
2861 2969 0.6055983901023865
2863 2970 0.2563438415527344
2864 2972 0.2594773769378662
2865 2981 0.5613660216331482
2867 2899 0.42310410737991333
2868 2862 0.3594874441623688
2869 2890 0.378030925989151
2871 2816 0.48956120014190674
2872 2846 0.42267099022865295
2873 2724 0.33380526304244995
2875 2762 0.5268745422363281
2877 2747 0.5233005881309509
2879 2951 0.3440307378768921
2881 2911 0.35435178875923157
2882 2847 0.35828131437301636
2883 2723 0.40906786918640137
2885 2773 0.5479035973548889
2887 3012 0.3340109586715698
2895 2903 0.4769061207771301
2897 2914 0.2982524335384369
2898 2905 0.2937931716442108
2899 2865 0.43292340636253357
2900 2877 0.3773494362831116
2901 2878 0.40415096282958984
2902 2851 0.39138346910476685
2903 2794 0.3270692825317383
2904 2760 0.44653087854385376
2905 2774 0.5506300926208496
2906 2775 0.7193154096603394
2908 2753 0.5857347249984741
2909 2994 0.4367181062698364
2912 2880 0.3922455310821533
2914 2796 0.4846945106983185
2915 2761 0.394371896982193
2916 2798 0.8523398041725159
2917 2776 0.41774868965148926
2919 2910 0.3094569146633148
2920 2901 0.2846294939517975
2921 2808 0.47954311966896057
2922 2809 0.36131078004837036
2923 3036 0.3057909607887268
2924 3028 0.31711405515670776
2925 3049 0.31081122159957886
2926 3029 0.29856976866722107
2927 3005 0.28973859548568726
2928 2995 0.3313860595226288
2930 2938 0.3079087436199188
2931 2955 0.3150404989719391
2933 2892 0.5325973033905029
2935 2818 0.6620377898216248
2936 2819 0.3987067937850952
2937 2836 0.62578284740448
2938 2787 0.4419696629047394
2939 2824 0.4848220944404602
2940 2789 0.5998595356941223
2942 2884 0.3769300580024719
2943 2801 0.5290289521217346
2944 2791 0.47234582901000977
2946 3023 0.36245208978652954
2947 3024 0.37893691658973694
2949 2973 0.32728707790374756
2950 2915 0.5189999938011169
2951 2916 0.45441651344299316
2952 2758 0.32831117510795593
2953 2834 0.34737807512283325
2954 2835 0.4846547544002533
2955 2821 0.386440247297287
2956 2822 0.40828293561935425
2957 2823 0.6825608015060425
2958 2800 0.5689574480056763
2965 2891 0.5544852614402771
2966 2881 0.33270180225372314
2968 2837 0.4872927665710449
2969 2795 0.34601518511772156
2970 2838 0.39295652508735657
2971 3059 0.3496054410934448
2972 3070 0.4600010812282562
2973 3071 0.4027996063232422
2975 3006 0.3079877495765686
2976 3038 0.3096000850200653
2977 3040 0.5526049137115479
2980 2952 0.4593592882156372
2981 2983 0.2641269266605377
2984 2956 0.4185083508491516
2985 2853 0.4940468966960907
2987 2855 0.39135250449180603
2990 2826 0.3622896671295166
2992 2827 0.4876600205898285
2993 3050 0.4336692690849304
2994 3039 0.3586573600769043
2995 2957 0.5341895222663879
2996 2997 0.4673885405063629
2997 2854 0.40860623121261597
2998 2839 0.5391689538955688
2999 2825 0.49740442633628845
3000 2856 0.5028454661369324
3001 2841 0.3572849929332733
3002 2810 0.3413788676261902
3003 2828 0.6106858253479004
3005 2982 0.39543089270591736
3006 2996 0.35606011748313904
3010 3069 0.4134862422943115
3011 3060 0.5036441087722778
3012 3051 0.4763524830341339
3013 3008 0.44153448939323425
3014 3146 0.3213374614715576
3017 2917 0.2920483350753784
3018 2906 0.4119791090488434
3019 2866 0.3949703574180603
3021 2867 0.4622253179550171
3022 2869 0.4220542907714844
3023 2920 0.38148233294487
3024 3061 0.5044410824775696
3025 3085 0.4571950435638428
3026 2893 0.4159855544567108
3027 2894 0.41856780648231506
3029 2870 0.36649030447006226
3031 2858 0.33873289823532104
3033 3072 0.3181215226650238
3034 3073 0.3912207782268524
3036 3025 0.6304233074188232
3037 3062 0.7460262775421143
3038 3026 0.40226027369499207
3039 2799 0.5108191967010498
3041 2895 0.45912978053092957
3042 2885 0.38774338364601135
3044 3093 0.26914840936660767
3045 3082 0.4367872476577759
3046 3074 0.42627131938934326
3048 3053 0.5620383024215698
3049 3013 0.3246763050556183
3050 3031 0.3738912045955658
3051 2958 0.29238638281822205
3053 2926 0.46823710203170776
3055 2919 0.31667646765708923
3057 2930 0.33419862389564514
3059 2886 0.3398524820804596
3060 3083 0.37585893273353577
3063 3052 0.3046952486038208
3065 2927 0.6508023738861084
3070 2944 0.505240797996521
3072 2932 0.2924943268299103
3073 2896 0.30577754974365234
3074 2897 0.3364354968070984
3075 2963 0.3495604395866394
3076 2898 0.2622307240962982
3078 3112 0.3095531165599823
3079 3125 0.2886238694190979
3081 3084 0.26792246103286743
3083 2882 0.539775013923645
3085 2928 0.5042251348495483
3086 2947 0.28492578864097595
3088 2933 0.398380309343338
3090 3134 0.2713579535484314
3092 3094 0.5869520902633667
3093 3042 0.31605613231658936
3096 2960 0.40089190006256104
3097 2961 0.44299763441085815
3098 2945 0.45458555221557617
3099 2946 0.33783474564552307
3102 2934 0.5400958061218262
3103 3126 0.26893672347068787
3104 3113 0.44517362117767334
3105 3114 0.4369814097881317
3107 3041 0.2700415849685669
3108 2985 0.4707210958003998
3109 2959 0.4252116084098816
3110 2962 0.3396998643875122
3111 2977 0.32081812620162964
3112 2948 0.39716866612434387
3113 2949 0.5434775352478027
3114 2950 0.30626434087753296
3116 2935 0.30165937542915344
3117 3154 0.36220431327819824
3118 3142 0.32550036907196045
3121 3117 0.33818289637565613
3122 3086 0.3960525095462799
3123 3055 0.3100728392601013
3124 3121 0.2785748243331909
3125 3045 0.4224485158920288
3126 2987 0.3271494507789612
3128 2976 0.2999393343925476
3130 3155 0.2986828088760376
3131 3133 0.29344257712364197
3134 3056 0.4485706388950348
3137 2986 0.4868839681148529
3138 3075 0.4336237907409668
3140 2988 0.4332939088344574
3141 2990 0.5282158255577087
3142 3156 0.7208577990531921
3143 3136 0.45424795150756836
3144 3143 0.6083618402481079
3145 3144 0.2932780981063843
3146 3118 0.34004828333854675
3147 3087 0.3585975170135498
3148 3043 0.3852219581604004
3149 3016 0.7649707794189453
3151 2989 0.2911490201950073
3152 2999 0.3158123791217804
3153 2991 0.4440537989139557
3154 3197 0.5189030170440674
3155 3163 0.3097701966762543
3156 3119 0.36426788568496704
3157 3095 0.2765846848487854
3158 3065 0.5428962707519531
3159 3017 0.5642951130867004
3160 3018 0.49129217863082886
3161 3010 0.5460059642791748
3163 3196 0.6175291538238525
3164 3165 0.3252722918987274
3165 3127 0.47417283058166504
3167 3032 0.37967920303344727
3168 3044 0.7520222663879395
3169 3000 0.5566830635070801
3170 3011 0.43663689494132996
3171 3002 0.5299429297447205
3172 3184 0.37861865758895874
3173 3145 0.4330233335494995
3174 3120 0.4450632631778717
3176 3033 0.7210620045661926
3177 3027 0.40221115946769714
3178 3223 0.3931930661201477
3179 3166 0.3449670970439911
3180 3034 0.39969244599342346
3181 3046 0.4056093692779541
3182 3035 0.6528014540672302
3183 3047 0.35553112626075745
3184 3205 0.4168552756309509
3186 3157 0.3654802143573761
3189 3221 0.4274257719516754
3192 3186 0.42331236600875854
3193 3147 0.4258105754852295
3195 3096 0.4080069661140442
3196 3091 0.7406654953956604
3198 3048 0.5243136882781982
3199 3149 0.2779175639152527
3200 3080 0.39379236102104187
3202 3068 0.5633938908576965
3203 3244 0.2862633466720581
3204 3208 0.5872896909713745
3205 3187 0.3300381004810333
3206 3175 0.35456305742263794
3207 3077 0.45656585693359375
3208 3078 0.5600035786628723
3209 3089 0.5794326663017273
3210 3098 0.3858536183834076
3211 3237 0.38331595063209534
3212 3248 0.5345319509506226
3213 3245 0.25637856125831604
3214 3215 0.5386102795600891
3215 3168 0.792858898639679
3216 3097 0.3848250210285187
3217 3105 0.6206849813461304
3218 3079 0.36619821190834045
3219 3174 0.37320688366889954
3220 3188 0.25319936871528625
3221 3170 0.46925634145736694
3222 3103 0.5048872232437134
3223 3076 0.4704083204269409
3224 3128 0.5618341565132141
3226 3110 0.3871603012084961
3227 3101 0.4992155134677887
3228 3081 0.4360381066799164
3229 3239 0.369861364364624
3230 3230 0.5541596412658691
3231 3199 0.5522814393043518
3232 3190 0.4386138916015625
3233 3122 0.4196585714817047
3234 3106 0.9651323556900024
3235 3099 0.577016294002533
3236 3067 0.40717318654060364
3237 3256 0.44798365235328674
3238 3257 0.3171089291572571
3239 3273 0.48445141315460205
3241 3216 0.3028455376625061
3242 3123 0.48836463689804077
3243 3100 0.4330625832080841
3244 3270 0.3026503622531891
3245 3271 0.30395981669425964
3246 3272 0.34167590737342834
3247 3198 0.3329436480998993
3249 3158 0.27295753359794617
3253 3140 0.591953456401825
3255 3249 0.25756147503852844
3256 3233 0.32620298862457275
3258 3150 0.4248042702674866
3259 3151 0.3865759074687958
3260 3173 0.400007426738739
3263 3129 0.34574535489082336
3264 3141 0.4029579162597656
3265 3306 0.4178503155708313
3266 3276 0.47786402702331543
3268 3217 0.2796323299407959
3271 3178 0.5350700616836548
3272 3277 0.30221542716026306
3273 3250 0.571967601776123
3274 3171 0.3830360472202301
3275 3139 0.3254503905773163
3276 3185 0.4506502151489258
3278 3124 0.3127814829349518
3279 3152 0.42439326643943787
3280 3161 0.36761221289634705
3281 3132 0.4910832643508911
3285 3258 0.3449305593967438
3286 3236 0.4442901611328125
3287 3176 0.3275640308856964
3288 3172 0.48230093717575073
3290 3138 0.42392241954803467
3292 3153 0.34161466360092163
3293 3317 0.3393711745738983
3294 3332 0.5650528073310852
3295 3307 0.3999204635620117
3297 3241 0.4126054644584656
3298 3234 0.47450578212738037
3299 3177 0.3176201283931732
3300 3179 0.40724387764930725
3301 3366 0.44788026809692383
3303 3278 0.45138099789619446
3304 3279 0.5796515345573425
3306 3167 0.6451136469841003
3307 3235 0.5663070678710938
3308 3261 0.36994075775146484
3309 3200 0.40904682874679565
3310 3209 0.3867798149585724
3311 3181 0.3302534520626068
3312 3246 0.31286320090293884
3314 3291 0.34901612997055054
3316 3251 0.451179563999176
3317 3201 0.4638317823410034
3318 3191 0.5153000950813293
3319 3193 0.2812911868095398
3320 3194 0.29353272914886475
3321 3162 0.30185189843177795
3322 3352 0.4197498559951782
3324 3334 0.3128521740436554
3325 3319 0.29881131649017334
3327 3203 0.3284527361392975
3328 3210 0.3464754819869995
3329 3192 0.49815258383750916
3332 3310 0.5902464985847473
3334 3253 0.30070263147354126
3335 3226 0.5254870653152466
3336 3211 0.5150235295295715
3337 3195 0.6041228175163269
3338 3214 0.5107095837593079
3339 3388 0.4286822974681854
3340 3379 0.33741873502731323
3342 3354 0.3129679560661316
3343 3320 0.3129088580608368
3348 3183 0.26158905029296875
3351 3355 0.3186243176460266
3355 3262 0.42158806324005127
3356 3202 0.4011358916759491
3358 3231 0.47813570499420166
3359 3220 0.2654848098754883
3360 3212 0.2867691218852997
3361 3213 0.34706082940101624
3363 3412 0.46325886249542236
3365 3372 0.3143361508846283
3366 3356 0.28243738412857056
3367 3282 0.42540183663368225
3368 3283 0.3642546832561493
3369 3284 0.4139932692050934
3370 3285 0.548337459564209
3371 3242 0.5043016076087952
3374 3410 0.37997913360595703
3375 3413 0.2768704891204834
3376 3414 0.2688731253147125
3377 3415 0.3990076780319214
3378 3421 0.43292465806007385
3380 3321 0.2780880331993103
3383 3274 0.5880048274993896
3388 3293 0.44434016942977905
3389 3312 0.5485074520111084
3390 3295 0.3220363259315491
3391 3232 0.36243340373039246
3394 3444 0.31030476093292236
3395 3449 0.5446434020996094
3397 3445 0.48855796456336975
3399 3400 0.6515202522277832
3402 3303 0.542770504951477
3404 3401 0.35437679290771484
3407 3337 0.6106561422348022
3408 3311 0.6021544933319092
3409 3313 0.4548552632331848
3410 3314 0.5630748271942139
3411 3287 0.596113920211792
3412 3316 0.3648669123649597
3413 3265 0.4354970157146454
3414 3266 0.4237639605998993
3415 3267 0.4872291088104248
3416 3243 0.2703031003475189
3419 3322 0.9475984573364258
3420 3336 0.5793884992599487
3421 3357 0.41742175817489624
3422 3323 0.47604459524154663
3423 3358 0.7424172163009644
3424 3325 0.5923154354095459
3425 3326 0.4795079231262207
3426 3327 0.4081069827079773
3427 3328 0.31342464685440063
3428 3329 0.5150863528251648
3429 3297 0.385356068611145
3431 3286 0.4010525047779083
3433 3288 0.4817750155925751
3434 3289 0.6833573579788208
3435 3264 0.6552039980888367
3437 3468 0.36137107014656067
3438 3469 0.3086310923099518
3441 3374 0.30153629183769226
3442 3382 0.40894579887390137
3443 3255 0.36146000027656555
3444 3470 0.43397462368011475
3445 3448 0.5816095471382141
3448 3373 0.4050199091434479
3450 3305 0.4080478250980377
3451 3254 0.36428698897361755
3455 3340 0.5155301690101624
3456 3330 0.6340844631195068
3457 3315 0.3470618426799774
3458 3299 0.4860975742340088
3460 3405 0.3468758761882782
3461 3390 0.6255483031272888
3463 3522 0.4366064965724945
3465 3434 0.26733750104904175
3468 3300 0.3261379599571228
3469 3301 0.2923520803451538
3470 3302 0.3300528824329376
3471 3523 0.30905285477638245
3472 3484 0.4735351800918579
3474 3435 0.3194223642349243
3475 3368 0.4634462296962738
3476 3341 0.6152302026748657
3477 3360 0.3804570436477661
3478 3363 0.4513642191886902
3480 3532 0.6863899230957031
3482 3423 0.5586945414543152
3484 3369 0.47216567397117615
3485 3359 0.5189648866653442
3486 3343 0.6182528138160706
3487 3344 0.6159399747848511
3488 3346 0.329492449760437
3490 3347 0.41760092973709106
3491 3457 0.4796849191188812
3492 3452 0.598899245262146
3495 3393 0.4327743947505951
3496 3376 0.8958079814910889
3497 3365 0.44439610838890076
3498 3348 0.3068183362483978
3499 3533 0.2919166386127472
3500 3534 0.43642374873161316
3501 3506 0.45071640610694885
3502 3524 0.397636741399765
3503 3485 0.9835401773452759
3504 3459 0.4877656102180481
3505 3406 0.41882774233818054
3506 3394 0.38973644375801086
3507 3349 0.33828482031822205
3509 3350 0.305427223443985
3510 3589 0.47332072257995605
3511 3514 0.5382333993911743
3512 3515 0.33718907833099365
3514 3383 0.3704342842102051
3517 3370 0.3369222581386566
3518 3364 0.3259395956993103
3521 3476 0.48503437638282776
3522 3487 0.42577889561653137
3523 3377 0.38196760416030884
3524 3565 0.38342052698135376
3526 3545 0.7475952506065369
3528 3436 0.5980374217033386
3529 3486 0.38055863976478577
3530 3425 0.34583935141563416
3532 3385 0.5153826475143433
3533 3395 0.4199768900871277
3534 3345 0.4096659719944
3535 3407 0.5037204623222351
3536 3408 0.5618031024932861
3537 3409 0.4597107470035553
3539 3398 0.43905165791511536
3540 3399 0.37413376569747925
3541 3378 0.5146046876907349
3542 3590 0.6372464895248413
3543 3572 0.48370999097824097
3544 3573 0.6221381425857544
3545 3417 0.30283457040786743
3546 3426 0.30420079827308655
3547 3438 0.33909717202186584
3549 3386 0.3745343089103699
3551 3387 0.4661732614040375
3553 3477 0.4273010492324829
3555 3479 0.3313528895378113
3556 3460 0.3346709907054901
3559 3574 0.4901633858680725
3561 3593 0.4412882328033447
3563 3488 0.5615941882133484
3564 3490 0.4283798635005951
3566 3491 0.5035115480422974
3569 3439 0.5348088145256042
3570 3428 0.44497159123420715
3571 3430 0.4630013704299927
3572 3441 0.46061477065086365
3573 3431 0.5617929100990295
3574 3396 0.2893947660923004
3575 3489 0.5964716076850891
3576 3472 0.26418209075927734
3577 3575 0.2820763885974884
3578 3551 0.34151139855384827
3580 3463 0.35395392775535583
3581 3447 0.479725182056427
3585 3516 0.5206871032714844
3586 3453 0.380567342042923
3587 3461 0.30301743745803833
3588 3473 0.4685109257698059
3589 3454 0.36780402064323425
3590 3464 0.40007227659225464
3591 3455 0.46163371205329895
3592 3442 0.528390645980835
3593 3648 0.4142713248729706
3594 3649 0.25395944714546204
3595 3508 0.6053229570388794
3596 3481 0.41101762652397156
3597 3465 0.549569308757782
3598 3466 0.5031880140304565
3599 3507 0.5907511115074158
3600 3517 0.5908728241920471
3601 3462 0.2960928976535797
3602 3494 0.397024005651474
3603 3474 0.28615227341651917
3605 3682 0.3444986045360565
3606 3633 0.33382880687713623
3607 3684 0.4643620252609253
3610 3550 0.5201272964477539
3611 3493 0.2957364618778229
3613 3500 0.4692437946796417
3614 3501 0.31781402230262756
3615 3467 0.38792499899864197
3619 3700 0.4049418866634369
3620 3651 0.5060369372367859
3621 3566 0.37944573163986206
3622 3549 0.49776411056518555
3623 3525 0.40066906809806824
3627 3594 0.35023215413093567
3629 3510 0.2578217387199402
3630 3518 0.3004131317138672
3631 3511 0.47323182225227356
3632 3495 0.5355637073516846
3634 3482 0.5941643118858337
3635 3483 0.4480661153793335
3636 3731 0.3331698179244995
3639 3683 0.5225675106048584
3641 3685 0.37963828444480896
3642 3635 0.292117714881897
3643 3597 0.3663557767868042
3644 3537 0.26358214020729065
3645 3539 0.33193039894104004
3646 3540 0.46616703271865845
3647 3519 0.7046757340431213
3648 3529 0.5218393802642822
3649 3543 0.34124964475631714
3650 3530 0.29355427622795105
3651 3502 0.48817139863967896
3652 3503 0.3438001871109009
3655 3504 0.6289814114570618
3657 3695 0.3586491644382477
3660 3697 0.3888072073459625
3662 3699 0.3111828565597534
3663 3701 0.43112170696258545
3664 3636 0.32510852813720703
3665 3548 0.5009753704071045
3666 3576 0.32981249690055847
3667 3577 0.355083167552948
3668 3579 0.40504151582717896
3669 3541 0.4499781131744385
3670 3513 0.3276999592781067
3671 3496 0.5829684138298035
3672 3505 0.5763074159622192
3673 3778 0.2637093663215637
3678 3637 0.4257504642009735
3679 3600 0.6211990118026733
3682 3563 0.36030706763267517
3683 3580 0.3865537643432617
3684 3521 0.2725598216056824
3685 3767 0.43437251448631287
3688 3735 0.254119336605072
3689 3687 0.3118709325790405
3690 3596 0.5064308643341064
3692 3638 0.2702198624610901
3695 3552 0.9086011648178101
3696 3583 0.2927742302417755
3698 3585 0.40072715282440186
3701 3768 0.2565634548664093
3702 3757 0.26712876558303833
3705 3748 0.3141862750053406
3707 3688 0.6210704445838928
3708 3704 0.5363145470619202
3709 3595 0.6543179154396057
3710 3618 0.691611111164093
3711 3619 0.28841859102249146
3712 3620 0.33713409304618835
3714 3509 0.6022021770477295
3717 3554 0.3906153440475464
3718 3558 0.40341857075691223
3719 3531 0.37246906757354736
3720 3798 0.2541140019893646
3723 3791 0.39910435676574707
3724 3665 0.35150468349456787
3725 3639 0.31242820620536804
3726 3640 0.44527214765548706
3727 3641 0.6022325754165649
3728 3669 0.30934715270996094
3730 3601 0.40198835730552673
3732 3555 0.38944292068481445
3734 3557 0.5376639366149902
3735 3559 0.43898966908454895
3736 3801 0.28284114599227905
3737 3759 0.5430500507354736
3738 3803 0.39630261063575745
3740 3702 0.6062964200973511
3741 3666 0.3061527907848358
3743 3621 0.3521237075328827
3744 3653 0.46698978543281555
3745 3567 0.2674892246723175
3746 3568 0.2567225694656372
3747 3578 0.3296118676662445
3748 3602 0.340431809425354
3749 3528 0.5273184180259705
3750 3581 0.6721267104148865
3751 3564 0.47554272413253784
3752 3560 0.4570642411708832
3754 3790 0.2818986475467682
3755 3818 0.2860174775123596
3756 3802 0.2500650882720947
3759 3609 0.6433927416801453
3760 3624 0.4229346811771393
3761 3569 0.4230218231678009
3762 3854 0.3183615803718567
3766 3712 0.3656928837299347
3767 3668 0.3075111210346222
3768 3623 0.442194402217865
3769 3612 0.4025730490684509
3770 3584 0.4705083668231964
3771 3613 0.38674256205558777
3773 3792 0.5613467693328857
3774 3772 0.5476533770561218
3775 3783 0.36710524559020996
3776 3714 0.3113137483596802
3777 3690 0.33780673146247864
3778 3667 0.6068911552429199
3779 3610 0.2669387757778168
3781 3642 0.4356286823749542
3782 3657 0.36166414618492126
3784 3625 0.35480424761772156
3786 3586 0.3290647566318512
3787 3587 0.3641074001789093
3788 3570 0.2830270528793335
3789 3853 0.5139254331588745
3791 3881 0.35102900862693787
3793 3845 0.28802579641342163
3794 3782 0.2955628037452698
3795 3771 0.32800760865211487
3796 3762 0.3119027316570282
3797 3715 0.5385656356811523
3798 3716 0.7878743410110474
3799 3717 0.38585802912712097
3800 3643 0.5705026984214783
3801 3644 0.662600576877594
3802 3611 0.4184233248233795
3803 3645 0.4323342442512512
3804 3604 0.503999650478363
3805 3588 0.3653324544429779
3806 3880 0.3639400899410248
3807 3800 0.4093391001224518
3808 3832 0.28938841819763184
3809 3770 0.37625524401664734
3811 3736 0.5001332759857178
3812 3659 0.33198612928390503
3813 3627 0.35900846123695374
3815 3630 0.4055536687374115
3817 3751 0.4398915469646454
3818 3752 0.43075594305992126
3819 3794 0.4623095393180847
3821 3706 0.3567824065685272
3822 3658 0.34443190693855286
3823 3671 0.5215368866920471
3824 3628 0.43529602885246277
3825 3629 0.45336636900901794
3827 3614 0.47686609625816345
3828 3605 0.37648385763168335
3829 3615 0.25384321808815
3830 3918 0.5190995335578918
3831 3922 0.41877543926239014
3832 3882 0.37493884563446045
3833 3781 0.42288023233413696
3834 3761 0.39124128222465515
3835 3773 0.38613852858543396
3836 3661 0.2763552963733673
3837 3903 0.6133835911750793
3838 3904 0.6132403016090393
3839 3919 0.3176685869693756
3840 3920 0.2867434322834015
3841 3855 0.4270533621311188
3842 3833 0.28126731514930725
3843 3804 0.39119166135787964
3844 3805 0.3388317823410034
3846 3655 0.45237258076667786
3847 3656 0.48312312364578247
3848 3660 0.6832068562507629
3849 3672 0.5353104472160339
3850 3674 0.3183567225933075
3851 3678 0.32575005292892456
3853 3921 0.3362799286842346
3855 3819 0.4211849868297577
3856 3760 0.29637089371681213
3857 3784 0.35150468349456787
3858 3673 0.4275786578655243
3860 3662 0.42756399512290955
3861 3663 0.4693221151828766
3862 3692 0.27211126685142517
3863 3946 0.4818921983242035
3864 3856 0.39046671986579895
3867 3720 0.5744121670722961
3868 3721 0.4571906626224518
3869 3705 0.5421735048294067
3871 3679 0.40095001459121704
3872 3973 0.6101927161216736
3873 3955 0.2847598195075989
3874 3892 0.4092969298362732
3876 3857 0.28205379843711853
3877 3793 0.4790019392967224
3878 3808 0.5632407665252686
3880 3809 0.3818499445915222
3881 3670 0.4074520766735077
3882 3737 0.6905434131622314
3883 3738 0.5350342988967896
3884 3707 0.3343676030635834
3885 3726 0.31068143248558044
3886 3693 0.30746421217918396
3887 3694 0.3469744622707367
3890 3806 0.3170320987701416
3891 3847 0.38867634534835815
3892 3822 0.48081618547439575
3895 3727 0.589572548866272
3896 3728 0.43654072284698486
3897 3708 0.4631864130496979
3898 3972 0.42377203702926636
3901 3820 0.3765966296195984
3902 3821 0.41324105858802795
3903 3859 0.39942076802253723
3904 3860 0.2604571580886841
3905 3897 0.7548604607582092
3906 3763 0.5748050808906555
3907 3753 0.45123982429504395
3908 3739 0.4439365267753601
3910 3723 0.4307403266429901
3912 3729 0.43108388781547546
3915 3858 0.38917040824890137
3916 3848 0.4461154341697693
3917 3849 0.4143637716770172
3918 3850 0.417790949344635
3919 3764 0.3596719205379486
3922 3996 0.3382802903652191
3923 3984 0.4769716262817383
3924 3936 0.3070603907108307
3925 3937 0.3706448972225189
3927 3894 0.2884425222873688
3929 3895 0.3229106366634369
3930 3874 0.4407675266265869
3931 3900 0.8975918292999268
3932 3823 0.5304682850837708
3933 3835 0.5171990394592285
3934 4010 0.41778695583343506
3938 3872 0.2780246436595917
3939 3898 0.4502691626548767
3940 3825 0.39971455931663513
3941 3788 0.47264954447746277
3944 3741 0.3914155662059784
3945 3766 0.45374441146850586
3947 4009 0.5060523748397827
3948 3985 0.3212697505950928
3949 3893 0.9612550735473633
3950 3908 0.2575865387916565
3955 3896 0.3222430646419525
3956 3939 0.4071149528026581
3957 3899 0.7077941298484802
3958 3886 0.3368043601512909
3961 3810 0.3623228371143341
3962 3796 0.3659904897212982
3963 3776 0.3492432236671448
3964 4011 0.329571008682251
3967 4024 0.4424542486667633
3968 4025 0.39084896445274353
3969 3963 0.3338657319545746
3970 3947 0.43110689520835876
3972 3909 0.37011435627937317
3973 3910 0.4330340623855591
3974 3911 0.42345571517944336
3975 3827 0.44457119703292847
3976 3811 0.40176838636398315
3978 3814 0.3319823443889618
3980 4037 0.39095520973205566
3981 4012 0.2829301655292511
3982 3964 0.30065932869911194
3984 3965 0.2833041250705719
3985 3948 0.2749926745891571
3986 3925 0.44613075256347656
3987 3941 0.38502103090286255
3988 3836 0.5964221358299255
3990 3851 0.3508860766887665
3991 3828 0.6052484512329102
3992 3775 0.35236355662345886
3994 4026 0.25755730271339417
3996 4014 0.4344243109226227
3997 3986 0.2902637720108032
4000 3940 0.4614255130290985
4002 3914 0.44925904273986816
4003 3927 0.37044277787208557
4004 3887 0.2788183093070984
4005 3861 0.5623289346694946
4006 3826 0.503791093826294
4007 3838 0.38414740562438965
4008 3839 0.47481948137283325
4010 3813 0.3435809016227722
4013 3923 0.738017201423645
4017 3926 0.34481579065322876
4018 3913 0.5294418334960938
4019 3837 0.40571343898773193
4021 4000 0.5095230340957642
4023 3938 0.41752126812934875
4024 3979 0.4032612442970276
4025 3956 0.4358389377593994
4026 3864 0.33431944251060486
4027 3812 0.4495641887187958
4029 4067 0.2942381501197815
4030 4038 0.32549694180488586
4033 4001 0.29229187965393066
4036 3976 0.28729304671287537
4037 3977 0.4494476020336151
4040 3865 0.4907737970352173
4042 4097 0.32662975788116455
4043 4040 0.4539872407913208
4045 3998 0.42072251439094543
4047 4002 0.4313594102859497
4048 4003 0.5371242761611938
4049 4004 0.3399010896682739
4050 4018 0.3849920332431793
4051 3978 0.4154982566833496
4053 3942 0.4285326898097992
4054 3928 0.2582245469093323
4055 3866 0.6527896523475647
4056 3867 0.5051116347312927
4057 3878 0.48416781425476074
4059 4015 0.5017217397689819
4060 4016 0.2648581564426422
4061 4118 0.30986976623535156
4062 4045 0.3423563241958618
4064 3875 0.4045790433883667
4065 3876 0.35492438077926636
4068 4113 0.7782105207443237
4069 4052 0.33077606558799744
4071 4017 0.29969173669815063
4073 3916 0.37884876132011414
4074 3932 0.3527401387691498
4075 3888 0.5216627717018127
4076 3877 0.3431653380393982
4077 4163 0.30818313360214233
4080 4135 0.30641070008277893
4081 4074 0.5557388663291931
4082 3924 0.36608263850212097
4084 4042 0.3693235218524933
4085 3988 0.44824305176734924
4088 3863 0.2953300476074219
4089 3917 0.41458433866500854
4090 3902 0.5241156816482544
4091 3889 0.5360690951347351
4093 4181 0.30287644267082214
4095 4150 0.2940109372138977
4096 4075 0.35182565450668335
4098 4076 0.41077232360839844
4099 4085 0.29369792342185974
4100 4019 0.2719123065471649
4101 4020 0.4202481210231781
4102 3989 0.4111258387565613
4103 3930 0.3127066195011139
4105 3915 0.4391869008541107
4106 3943 0.5798367857933044
4108 3890 0.4815182685852051
4109 4096 0.40411898493766785
4111 4115 0.3261267840862274
4112 4083 0.5227270126342773
4113 4084 0.47499021887779236
4115 4054 0.6063820123672485
4116 4055 0.40300557017326355
4118 4056 0.2872856557369232
4119 4041 0.37565287947654724
4120 4043 0.538161039352417
4121 4027 0.7766942977905273
4122 3990 0.27812090516090393
4123 3981 0.36071446537971497
4124 3949 0.42498740553855896
4126 3950 0.29955458641052246
4127 3951 0.4183730483055115
4129 3934 0.4403305649757385
4131 4164 0.26059678196907043
4132 4183 0.3033533990383148
4135 4099 0.48233404755592346
4138 4086 0.5425805449485779
4139 4047 0.4258479177951813
4140 4048 0.5540153980255127
4141 4030 0.30218687653541565
4145 3960 0.38436031341552734
4146 3933 0.3892134428024292
4147 3944 0.32347312569618225
4148 3970 0.3595831096172333
4150 4223 0.2673298418521881
4152 4029 0.4429739713668823
4153 4058 0.4127758741378784
4154 4060 0.47720956802368164
4155 3958 0.3165616989135742
4158 3969 0.5420478582382202
4159 3952 0.5512500405311584
4162 4114 0.390187531709671
4163 4136 0.2726939618587494
4164 4077 0.5048145055770874
4167 4021 0.2873982787132263
4168 3982 0.3947907090187073
4169 3983 0.3930727243423462
4172 3961 0.39243072271347046
4174 4204 0.34826505184173584
4175 4124 0.37880393862724304
4177 4102 0.4758049249649048
4178 4069 0.3709840476512909
4179 4070 0.28848791122436523
4180 3991 0.40565502643585205
4181 4049 0.45250290632247925
4183 3945 0.4227100908756256
4185 4222 0.35947132110595703
4186 4266 0.4763697385787964
4187 4137 0.3170774579048157
4188 4103 0.6237742304801941
4189 3992 0.4296317994594574
4190 4023 0.7552666068077087
4192 3971 0.4903218746185303
4194 4287 0.29110291600227356
4196 4288 0.25399407744407654
4200 4186 0.35076162219047546
4202 4104 0.4539989233016968
4203 4078 0.2938918173313141
4204 4079 0.2739325761795044
4205 4061 0.35732588171958923
4206 4063 0.34255945682525635
4208 4022 0.5046316385269165
4211 4006 0.590446949005127
4212 4007 0.6184061169624329
4214 4249 0.25399675965309143
4215 4250 0.262688010931015
4216 4165 0.4658324122428894
4217 4125 0.4448494017124176
4218 4139 0.428256094455719
4219 4105 0.45626595616340637
4221 4120 0.7692167162895203
4222 4088 0.9750285148620605
4223 4107 0.29287031292915344
4225 4108 0.37953728437423706
4226 4080 0.38053613901138306
4227 4291 0.29080212116241455
4228 4209 0.8444986939430237
4230 4187 0.38578149676322937
4231 4152 0.5992757081985474
4232 4153 0.5366793274879456
4234 4033 0.4268888533115387
4235 4008 0.5778334736824036
4236 4333 0.25135189294815063
4237 4323 0.3377484083175659
4241 4292 0.41527998447418213
4242 4267 0.44770050048828125
4243 4269 0.3283775746822357
4246 4226 0.49105000495910645
4247 4227 0.5669820308685303
4248 4205 0.2681210935115814
4249 4206 0.2741008698940277
4250 4151 0.5102831125259399
4251 4154 0.5782805681228638
4252 4155 0.5321226119995117
4253 4119 0.33129632472991943
4254 4141 0.6825790405273438
4255 4089 0.4404750466346741
4256 4090 0.5471960306167603
4257 4064 0.5735571384429932
4258 4065 0.4450242221355438
4259 4334 0.4457433223724365
4260 4302 0.33835387229919434
4261 4156 0.559140682220459
4262 4127 0.4396621286869049
4264 4142 0.3439956605434418
4265 4122 0.5038526058197021
4267 4081 0.3326389789581299
4269 4339 0.33509448170661926
4271 4304 0.4678746461868286
4273 4167 0.4559440612792969
4274 4188 0.3589232265949249
4275 4168 0.47950515151023865
4276 4157 0.670333743095398
4278 4121 0.5722196698188782
4282 4377 0.2692718803882599
4284 4337 0.376840204000473
4285 4338 0.34193897247314453
4286 4324 0.34708234667778015
4287 4342 0.4174002408981323
4289 4272 0.49448147416114807
4290 4251 0.38425183296203613
4291 4252 0.28593704104423523
4292 4253 0.28146451711654663
4293 4254 0.3448358476161957
4294 4208 0.6170700192451477
4295 4189 0.5190940499305725
4296 4193 0.49572327733039856
4298 4158 0.44613415002822876
4299 4159 0.410798579454422
4301 4128 0.4682607650756836
4302 4123 0.5113441348075867
4304 4092 0.4225073456764221
4305 4066 0.3643095791339874
4306 4350 0.39847758412361145
4307 4370 0.25071007013320923
4309 4341 0.5409757494926453
4310 4273 0.42655232548713684
4311 4246 0.3025450110435486
4312 4192 0.3868178129196167
4313 4171 0.491794228553772
4314 4199 0.4149458706378937
4315 4071 0.48047149181365967
4317 4032 0.41454043984413147
4318 4082 0.4863419532775879
4320 4351 0.29557210206985474
4321 4274 0.26884108781814575
4322 4293 0.2968565821647644
4323 4210 0.4297690987586975
4324 4160 0.5368948578834534
4326 4161 0.48058512806892395
4328 4129 0.45454132556915283
4329 4094 0.515840470790863
4330 4050 0.28804612159729004
4331 4378 0.262796014547348
4333 4325 0.4906357526779175
4334 4305 0.3779105246067047
4335 4257 0.4394282400608063
4336 4233 0.3952144980430603
4337 4234 0.5250011682510376
4338 4211 0.5751104950904846
4339 4212 0.3970493674278259
4340 4174 0.31995558738708496
4341 4109 0.4344441890716553
4342 4093 0.29022833704948425
4343 4131 0.3500625193119049
4344 4095 0.2735629081726074
4347 4380 0.4672209620475769
4349 4248 0.40336430072784424
4350 4130 0.28494372963905334
4351 4343 0.4754447937011719
4352 4326 0.507277250289917
4354 4236 0.6477862000465393
4356 4175 0.57075035572052
4357 4144 0.541731595993042
4358 4178 0.43552732467651367
4360 4352 0.5952475666999817
4361 4276 0.4165476858615875
4362 4307 0.6575118899345398
4363 4260 0.4684264659881592
4367 4173 0.27606791257858276
4368 4214 0.3132617771625519
4370 4162 0.3576558828353882
4374 4405 0.4838733375072479
4376 4406 0.45192500948905945
4377 4407 0.2859002351760864
4378 4382 0.4100490212440491
4379 4345 0.47538673877716064
4380 4347 0.9170129299163818
4381 4232 0.43379172682762146
4382 4308 0.39095187187194824
4383 4143 0.3793266713619232
4384 4239 0.517937421798706
4385 4176 0.5157145261764526
4386 4177 0.45888376235961914
4387 4179 0.34467804431915283
4390 4414 0.3470522165298462
4391 4381 0.3403260111808777
4392 4295 0.44929203391075134
4394 4296 0.395693838596344
4395 4297 0.4195137321949005
4396 4262 0.29528331756591797
4397 4238 0.3706894516944885
4399 4240 0.4474943280220032
4400 4309 0.5124689340591431
4401 4294 0.36190494894981384
4402 4327 0.4154685437679291
4403 4278 0.40889549255371094
4404 4263 0.39055871963500977
4405 4196 0.43629640340805054
4407 4430 0.44927918910980225
4410 4415 0.30253174901008606
4412 4353 0.598895251750946
4413 4355 0.5090572834014893
4414 4312 0.5582961440086365
4415 4314 0.6752047538757324
4416 4299 0.42281168699264526
4417 4195 0.49424293637275696
4418 4200 0.3200645446777344
4419 4219 0.3944663107395172
4420 4480 0.5068275332450867
4421 4445 0.33637839555740356
4422 4466 0.5584005117416382
4423 4448 0.4664810001850128
4424 4449 0.3122327923774719
4425 4408 0.27565354108810425
4426 4416 0.3689890503883362
4427 4433 0.3661186099052429
4428 4409 0.41889166831970215
4429 4384 0.4091295301914215
4430 4354 0.504834771156311
4431 4313 0.6072147488594055
4432 4328 0.507821798324585
4433 4316 0.3564661145210266
4434 4216 0.5163533091545105
4435 4217 0.658845067024231
4436 4218 0.3646261990070343
4438 4264 0.37701132893562317
4439 4146 0.3113161325454712
4441 4417 0.48457154631614685
4442 4418 0.3363918662071228
4443 4419 0.4029502272605896
4444 4420 0.6038612723350525
4445 4398 0.5245632529258728
4446 4311 0.6180452704429626
4447 4329 0.347644180059433
4449 4318 0.4341447353363037
4451 4221 0.7778647541999817
4453 4197 0.37933608889579773
4454 4472 0.3085486888885498
4455 4385 0.6676681041717529
4456 4386 0.7172042727470398
4457 4387 0.5164572596549988
4458 4371 0.5882022380828857
4460 4356 0.48505517840385437
4462 4317 0.4034516513347626
4464 4279 0.7601035833358765
4465 4500 0.4013333320617676
4466 4501 0.3099188208580017
4467 4502 0.49510860443115234
4468 4482 0.4522712230682373
4471 4434 0.27717193961143494
4472 4452 0.4007164537906647
4473 4421 0.3163580000400543
4474 4410 0.4134921729564667
4475 4391 0.44039735198020935
4477 4357 0.40424850583076477
4478 4358 0.46778810024261475
4480 4241 0.47257110476493835
4483 4473 0.26684486865997314
4484 4453 0.3381677269935608
4485 4436 0.4175153076648712
4488 4281 0.4701504409313202
4490 4481 0.44201940298080444
4492 4547 0.28098875284194946
4494 4483 0.2847888767719269
4495 4422 0.36857300996780396
4497 4388 0.39292505383491516
4498 4411 0.4632951021194458
4499 4389 0.5299591422080994
4500 4390 0.4528007507324219
4501 4376 0.42496269941329956
4502 4360 0.38168904185295105
4503 4301 0.5380815267562866
4504 4538 0.3660690188407898
4505 4454 0.4914379119873047
4506 4374 0.2693217098712921
4508 4319 0.3349417448043823
4509 4321 0.5149518251419067
4510 4283 0.4141867756843567
4511 4284 0.30121034383773804
4512 4243 0.32846277952194214
4514 4474 0.33073127269744873
4516 4375 0.4113607704639435
4521 4567 0.4011569321155548
4523 4562 0.30114543437957764
4524 4548 0.4389854967594147
4526 4539 0.4640030264854431
4529 4540 0.3880060017108917
4530 4528 0.32353082299232483
4531 4484 0.2578310966491699
4532 4504 0.3683628737926483
4533 4486 0.6147164106369019
4535 4518 0.26815176010131836
4536 4475 0.42988303303718567
4537 4455 0.5504494309425354
4538 4456 0.32938656210899353
4539 4437 0.3203451633453369
4540 4438 0.534657895565033
4541 4439 0.4571479558944702
4543 4392 0.26307785511016846
4544 4412 0.5004348158836365
4545 4399 0.4119013249874115
4546 4393 0.537631630897522
4548 4362 0.3583882749080658
4551 4563 0.4302033483982086
4552 4487 0.33676549792289734
4554 4423 0.4588675796985626
4555 4440 0.40585505962371826
4556 4373 0.26831677556037903
4557 4541 0.2790531814098358
4558 4542 0.28390592336654663
4559 4505 0.3566766083240509
4560 4516 0.27262869477272034
4561 4506 0.3066989779472351
4563 4394 0.42869988083839417
4566 4574 0.5508023500442505
4567 4568 0.2865537106990814
4568 4575 0.4183143973350525
4569 4564 0.31535041332244873
4570 4565 0.37388479709625244
4571 4529 0.28170889616012573
4573 4517 0.29074862599372864
4575 4519 0.3889470398426056
4576 4488 0.46677204966545105
4577 4476 0.6210698485374451
4578 4477 0.4532323479652405
4579 4478 0.4258016347885132
4580 4460 0.45240625739097595
4581 4424 0.26960182189941406
4583 4363 0.33831870555877686
4584 4367 0.2757689654827118
4586 4457 0.4877260625362396
4587 4458 0.3839503526687622
4589 4526 0.6645813584327698
4590 4581 0.42496633529663086
4591 4585 0.4641968607902527
4595 4590 0.39821696281433105
4596 4576 0.37649786472320557
4598 4597 0.38577672839164734
4599 4622 0.3425048887729645
4601 4604 0.3207058608531952
4602 4522 0.515117347240448
4603 4543 0.5595263838768005
4604 4523 0.509661078453064
4605 4489 0.47771546244621277
4606 4479 0.45741134881973267
4607 4467 0.35392117500305176
4608 4461 0.38786396384239197
4610 4626 0.4227834641933441
4611 4598 0.3126460611820221
4613 4602 0.3813208341598511
4614 4521 0.4001157879829407
4615 4530 0.4457182288169861
4619 4426 0.28925544023513794
4620 4427 0.3598019480705261
4621 4625 0.3601342439651489
4622 4613 0.40856844186782837
4623 4600 0.4766415059566498
4624 4601 0.4295572340488434
4625 4554 0.4360850751399994
4627 4560 0.9209690690040588
4628 4428 0.252681702375412
4630 4571 0.3678450584411621
4632 4566 0.42939791083335876
4633 4557 0.48066169023513794
4634 4558 0.30626317858695984
4636 4627 0.39368271827697754
4637 4621 0.39390841126441956
4639 4623 0.427253782749176
4640 4614 0.3344469964504242
4641 4524 0.6850551962852478
4642 4490 0.3906954228878021
4647 4628 0.5317786931991577
4650 4577 0.3578609526157379
4651 4555 0.34405896067619324
4652 4493 0.25758063793182373
4657 4665 0.25150007009506226
4659 4569 0.3532865345478058
4661 4512 0.3577022850513458
4662 4635 0.46548333764076233
4664 4573 0.3557977080345154
4665 4509 0.5725084543228149
4666 4496 0.25128263235092163
4667 4655 0.2944026291370392
4668 4656 0.26976436376571655
4669 4646 0.527191698551178
4671 4572 0.3422795832157135
4673 4647 0.48032623529434204
4676 4578 0.40660586953163147
4677 4593 0.3659946918487549
4678 4579 0.4316845238208771
4679 4570 0.4075939357280731
4680 4532 0.4134775698184967
4681 4544 0.48270493745803833
4682 4559 0.5967527031898499
4683 4588 0.27197378873825073
4684 4583 0.3404195010662079
4685 4663 0.26268675923347473
4687 4580 0.4253097474575043
4688 4659 0.3444460332393646
4689 4591 0.34471189975738525
4690 4594 0.36391857266426086
4692 4617 0.3733239769935608
4695 4612 0.3831387162208557
4697 4664 0.4291277229785919
4698 4661 0.46762752532958984
4699 4606 0.32092034816741943
4701 4596 0.31988540291786194
4702 4615 0.35518476366996765
4703 4616 0.25424662232398987
4704 4618 0.3173567056655884
4706 4681 0.6867919564247131
4707 4673 0.4090319871902466
4708 4674 0.4090600907802582
4710 4669 0.39960744976997375
4712 4670 0.3850048780441284
4713 4667 0.39706528186798096
4716 4631 0.29193586111068726
4717 4608 0.3326326310634613
4719 4624 0.2775125801563263
4722 4672 0.4322233498096466
4723 4678 0.3721661865711212
4724 4630 0.31895479559898376
4725 4637 0.2840551435947418
4726 4619 0.36335572600364685
4727 4677 0.33047839999198914
4728 4675 0.5631989240646362
4729 4636 0.48549020290374756
4730 4641 0.3711818754673004
4732 4687 0.4062655568122864
4735 4648 0.37135252356529236
4739 4638 0.2938363254070282
4741 4668 0.8758689761161804
4742 4642 0.6209206581115723
4745 4652 0.3239593803882599
4746 4676 0.3558785021305084
4747 4702 0.5252234935760498
4748 4684 0.42670732736587524
4751 4650 0.3350772261619568
4752 4639 0.6156680583953857
4753 4640 0.6097989082336426
4754 4690 0.7918093204498291
4755 4691 0.7815231680870056
4756 4692 0.28023621439933777
4757 4654 0.3246982991695404
4758 4651 0.3665224611759186
4760 4689 0.3135845959186554
4761 4688 0.3598743677139282
4762 4660 0.5746203660964966
4764 4714 0.4611685872077942
4767 4715 0.32705119252204895
4768 4710 0.5782298445701599
4770 4704 0.37663325667381287
4771 4682 0.7504575848579407
4775 4726 0.3083318769931793
4776 4731 0.4482780992984772
4777 4723 0.36616119742393494
4778 4716 0.36994004249572754
4780 4717 0.3770127594470978
4783 4733 0.33097389340400696
4785 4685 0.3937251567840576
4786 4686 0.4695562720298767
4787 4739 0.3074735701084137
4788 4732 0.3681391477584839
4790 4695 0.39407336711883545
4791 4761 0.3272964358329773
4792 4755 0.44289201498031616
4793 4740 0.4828011691570282
4794 4741 0.39097461104393005
4796 4697 0.525732159614563
4797 4701 0.29790109395980835
4798 4762 0.2776372730731964
4799 4770 0.4454454183578491
4800 4751 0.4306967854499817
4802 4693 0.5348562598228455
4803 4699 0.5652738213539124
4804 4700 0.39500612020492554
4805 4696 0.3125053644180298
4806 4763 0.6369360685348511
4807 4764 0.5667625665664673
4808 4765 0.38720130920410156
4810 4766 0.4286463260650635
4811 4767 0.5468157529830933
4812 4771 0.30653637647628784
4813 4708 0.4578198194503784
4814 4780 0.4073052406311035
4817 4712 0.6107690930366516
4818 4724 0.4443041682243347
4819 4781 0.482086181640625
4820 4707 0.359281450510025
4821 4784 0.334037721157074
4822 4706 0.5102578401565552
4823 4720 0.40650391578674316
4824 4721 0.460656076669693
4825 4786 0.35987332463264465
4826 4753 0.47120797634124756
4827 4719 0.3106343150138855
4829 4729 0.3331983983516693
4830 4793 0.37621718645095825
4832 4757 0.48069512844085693
4833 4734 0.42171794176101685
4838 4738 0.360723078250885
4841 4800 0.8262153267860413
4842 4754 0.36140555143356323
4843 4742 0.32111474871635437
4844 4744 0.4015163481235504
4845 4747 0.38743436336517334
4846 4736 0.49489665031433105
4847 4805 0.3267687261104584
4848 4806 0.35884758830070496
4849 4808 0.42321065068244934
4851 4758 0.4269140958786011
4852 4759 0.4617724120616913
4853 4773 0.28102412819862366
4854 4756 0.4888926148414612
4855 4768 0.3664284348487854
4856 4769 0.40833979845046997
4858 4750 0.29611095786094666
4860 4815 0.28923696279525757
4861 4828 0.437308669090271
4862 4819 0.5031688213348389
4863 4820 0.5362541675567627
4864 4778 0.4084932506084442
4865 4822 0.5550916194915771
4866 4745 0.36579403281211853
4867 4746 0.38981524109840393
4868 4783 0.4218462407588959
4869 4774 0.41595858335494995
4870 4818 0.9324678778648376
4871 4775 0.40654072165489197
4872 4776 0.3306763768196106
4873 4826 0.5121400952339172
4874 4832 0.3694837987422943
4875 4823 0.4157690107822418
4876 4830 0.48407411575317383
4877 4782 0.3081669807434082
4878 4831 0.5244892239570618
4880 4792 0.5491852760314941
4882 4785 0.30916544795036316
4883 4856 0.5102101564407349
4884 4827 0.3628169298171997
4887 4839 0.36935731768608093
4888 4787 0.3427702486515045
4889 4788 0.3149374723434448
4890 4789 0.4401143491268158
4891 4795 0.30523213744163513
4892 4798 0.4781731069087982
4893 4833 0.39945581555366516
4894 4772 0.42847874760627747
4895 4790 0.26662710309028625
4897 4844 0.43633344769477844
4899 4796 0.4099051356315613
4900 4797 0.3459247648715973
4901 4804 0.47681063413619995
4902 4799 0.30002719163894653
4903 4849 0.36524850130081177
4904 4838 0.3126702308654785
4905 4851 0.3884284496307373
4906 4801 0.3553243577480316
4907 4802 0.31346023082733154
4909 4807 0.3219395875930786
4910 4809 0.39298200607299805
4913 4845 0.3533761501312256
4914 4803 0.3161773383617401
4915 4810 0.40480750799179077
4916 4811 0.38639676570892334
4918 4855 0.4320712685585022
4920 4813 0.3101802170276642
4921 4812 0.2613140344619751
4922 4857 0.45230746269226074
4923 4862 0.3102547526359558
4924 4817 0.37313106656074524
4925 4869 0.520924985408783
4927 4861 0.2535777986049652
4928 4883 0.35445860028266907
4929 4858 0.4743826985359192
4930 4863 0.3855832517147064
4931 4864 0.4113081991672516
4932 4865 0.4292660653591156
4934 4878 0.3343108296394348
4935 4886 0.42334306240081787
4936 4876 0.43189701437950134
4937 4881 0.3269214630126953
4939 4834 0.3229999542236328
4940 4824 0.2929823100566864
4942 4841 0.2780410945415497
4946 4887 0.42899882793426514
4948 4882 0.41367360949516296
4949 4884 0.5454844236373901
4951 4835 0.25164666771888733
4952 4891 0.3898271322250366
4953 4880 0.40819573402404785
4956 4843 0.2851976454257965
4957 4842 0.2689739167690277
4958 4890 0.27028247714042664
4960 4895 0.31795650720596313
4961 4852 0.39227059483528137
4963 4854 0.3391421139240265
4964 4847 0.3669876456260681
4965 4896 0.5742259621620178
4966 4897 0.44701361656188965
4970 4853 0.3954833149909973
4976 4860 0.2691650986671448
4977 4903 0.33378615975379944
4979 4900 0.4873359799385071
4980 4906 0.29785507917404175
4981 4859 0.37606868147850037
4982 4868 0.2731679677963257
4984 4866 0.3306710124015808
4985 4875 0.2786271870136261
4986 4867 0.27326828241348267
4987 4910 0.8908904194831848
4988 4912 0.4178120493888855
4989 4913 0.41310155391693115
4990 4904 0.39519113302230835
4992 4872 0.2992011308670044
4994 4885 0.2709026038646698
4998 4911 0.6126025915145874
4999 4914 0.4019814729690552
5003 4916 0.3844662606716156
5004 4908 0.562669038772583
5005 4899 0.3915354311466217
5006 4907 0.35874220728874207
5009 4902 0.25285622477531433
5010 4920 0.33775582909584045
5011 4921 0.3519051671028137
5012 4925 0.33988651633262634
5014 4922 0.2975870370864868
5015 4926 0.4132966101169586
5018 4919 0.34873268008232117
5020 4924 0.374828040599823
5021 4931 0.3166625499725342
5022 4927 0.3059405982494354
5023 4901 0.3927328586578369
5030 4928 0.2803720235824585
5031 4929 0.3686566650867462
5032 4932 0.3553229868412018
5033 4930 0.28742077946662903
5036 4934 0.3439165949821472
5037 4939 0.2781440019607544
5038 4936 0.3856229782104492
5039 4918 0.9592376351356506
5040 4937 0.2730403244495392
5044 4944 0.7282519936561584
5045 4940 0.34489044547080994
5046 4938 0.27539893984794617
5048 4941 0.4314384162425995
5049 4945 0.34904175996780396
5051 4948 0.4297862946987152
5052 4949 0.5411671996116638
5053 4950 0.552323579788208
5055 4951 0.3475228548049927
5056 4954 0.34693774580955505
5057 4955 0.3137763738632202
5059 4957 0.41870954632759094
5062 4962 0.3932451903820038
5063 4964 0.5035393834114075
5064 4963 0.47996312379837036
5066 4965 0.35973024368286133
5068 4960 0.44483667612075806
5069 4961 0.517214298248291
5071 4966 0.2894781231880188
5072 4968 0.3075835704803467
5073 4969 0.3078036308288574
5074 4967 0.3181145489215851
