2538
0 40 0.30838480591773987
1 38 0.3020946681499481
4 39 0.37243497371673584
6 42 0.40933364629745483
7 43 0.30554434657096863
13 50 0.33458802103996277
22 64 0.298188179731369
31 74 0.2950575351715088
32 66 0.34603598713874817
33 70 0.2630542814731598
34 69 0.3443429172039032
36 72 0.2672041654586792
42 77 0.3384971618652344
46 80 0.39209142327308655
48 82 0.36623454093933105
55 97 0.28862881660461426
71 98 0.2777508795261383
85 119 0.48061904311180115
86 127 0.3566102981567383
91 122 0.34305933117866516
92 123 0.3605521321296692
94 125 0.4009025990962982
95 126 0.3588065207004547
97 131 0.43268609046936035
100 141 0.33246421813964844
101 138 0.3786320388317108
105 142 0.3381967544555664
108 161 0.37414661049842834
109 172 0.3183855712413788
113 175 0.4318261742591858
123 174 0.27464041113853455
125 183 0.32287922501564026
127 178 0.28299036622047424
132 180 0.2677314281463623
133 147 0.9061729907989502
137 189 0.3442460596561432
139 206 0.2915060222148895
143 207 0.34116700291633606
144 202 0.25513559579849243
146 223 0.3653132915496826
148 213 0.34829628467559814
149 221 0.3783014118671417
150 214 0.3680966794490814
151 216 0.3898910880088806
152 217 0.29843512177467346
153 229 0.28454291820526123
154 231 0.3084436357021332
167 226 0.4318138062953949
176 240 0.3136863112449646
178 227 0.2758970856666565
182 264 0.34151923656463623
184 280 0.7528560757637024
185 250 0.2972120940685272
186 246 0.4794617295265198
187 269 0.4042627811431885
191 270 0.3382661044597626
192 266 0.4245721995830536
193 257 0.3049510717391968
194 263 0.3139047622680664
204 262 0.3930074870586395
208 307 0.36008960008621216
209 309 0.3564756512641907
210 294 0.5277591347694397
213 306 0.36047375202178955
218 304 0.5215026140213013
221 329 0.27365633845329285
222 337 0.3845997452735901
226 319 0.3474821150302887
227 320 0.44774574041366577
230 288 0.39191386103630066
231 275 0.5268559455871582
233 334 0.390020489692688
234 328 0.2608257830142975
235 349 0.35907045006752014
236 350 0.41707196831703186
243 373 0.36862221360206604
245 409 0.3107774257659912
246 399 0.3141719102859497
247 390 0.3873981535434723
249 317 0.8095312714576721
250 388 0.47906315326690674
251 389 0.28401991724967957
254 358 0.5049623250961304
255 386 0.271505743265152
258 391 0.3432537317276001
259 392 0.4732106029987335
263 374 0.7385452389717102
266 387 0.4538101851940155
270 384 0.40262794494628906
277 456 0.3339243233203888
278 410 0.2793034613132477
285 398 0.38820698857307434
286 404 0.2735827565193176
287 419 0.32398438453674316
294 465 0.2702361047267914
295 453 0.32870468497276306
296 455 0.3992558717727661
303 411 0.2849844694137573
304 429 0.27807238698005676
310 440 0.34871238470077515
311 451 0.38308095932006836
312 452 0.5233974456787109
315 463 0.3514902889728546
316 464 0.29667291045188904
317 482 0.3076554238796234
320 439 0.3267967700958252
325 417 0.5055839419364929
327 474 0.31737303733825684
329 487 0.315484881401062
332 438 0.386114239692688
334 381 0.27131861448287964
337 497 0.2704980671405792
339 505 0.4973076581954956
341 433 0.5653298497200012
343 481 0.28203147649765015
344 525 0.3852950632572174
345 432 0.26899340748786926
347 521 0.3099708557128906
351 477 0.3752278983592987
353 518 0.31466546654701233
354 519 0.32998016476631165
355 531 0.2666845917701721
357 540 0.25481656193733215
358 541 0.2952897846698761
360 471 0.5398234128952026
361 472 0.33798524737358093
367 561 0.5215677618980408
370 520 0.40462416410446167
372 526 0.2818343937397003
375 530 0.8142691254615784
376 539 0.6303553581237793
377 494 0.3834702670574188
382 502 0.3636188209056854
385 590 0.3390949070453644
388 503 0.4824007451534271
389 514 0.3529369831085205
391 591 0.2830316424369812
392 593 0.27365320920944214
394 615 0.3141191899776459
395 493 0.27095919847488403
396 571 0.6691086888313293
398 624 0.30660977959632874
399 592 0.32938122749328613
407 492 0.27739325165748596
414 580 0.5199378132820129
415 642 0.41200974583625793
419 548 0.2592809498310089
423 559 0.7058244943618774
425 622 0.269061416387558
426 613 0.43356838822364807
427 614 0.39139318466186523
431 551 0.25040778517723083
432 588 0.27617350220680237
433 639 0.26484352350234985
436 552 0.35589343309402466
438 612 0.40430593490600586
440 652 0.513012707233429
449 651 0.2736302316188812
450 567 0.3855167031288147
455 676 0.25870150327682495
456 597 0.3403643071651459
457 598 0.5100928544998169
458 619 0.4310148060321808
459 660 0.270458847284317
462 665 0.37676727771759033
468 621 0.31891068816185
469 599 0.2734111249446869
474 674 0.5119296312332153
477 607 0.2803458273410797
478 620 0.288077175617218
479 697 0.25386548042297363
481 636 0.48210179805755615
482 609 0.2806845009326935
485 702 0.374828040599823
487 703 0.2822311222553253
488 704 0.3527354300022125
490 634 0.30717581510543823
491 648 0.3838251531124115
492 649 0.40844184160232544
496 694 0.3875718414783478
497 789 0.2836363911628723
498 650 0.2983258366584778
500 721 0.2553766071796417
503 635 0.2865714728832245
504 663 0.31550320982933044
505 672 0.6114854216575623
506 629 0.41686639189720154
507 719 0.26255902647972107
508 720 0.28136953711509705
510 722 0.33838096261024475
512 662 0.26956120133399963
514 664 0.4093020260334015
517 709 0.2813432216644287
518 788 0.39034533500671387
519 775 0.2747787535190582
521 681 0.3582567274570465
522 682 0.3251451253890991
524 684 0.42469894886016846
530 698 0.3570227324962616
531 688 0.4623752236366272
532 689 0.522483766078949
535 693 0.28004786372184753
536 670 0.31770554184913635
537 699 0.306300550699234
538 700 0.5932617783546448
539 673 0.34318727254867554
541 750 0.3556661009788513
544 690 0.27902230620384216
547 707 0.2612534761428833
551 807 0.3856715261936188
553 817 0.2762983739376068
554 818 0.2927356958389282
557 715 0.34077516198158264
558 692 0.2923392653465271
559 717 0.2901965081691742
564 714 0.38360410928726196
566 790 0.6354435086250305
568 706 0.3141287565231323
572 805 0.43005895614624023
574 826 0.3350050151348114
576 871 0.488079696893692
578 733 0.29341599345207214
580 803 0.48619353771209717
582 877 0.3261193037033081
586 742 0.4812116026878357
587 729 0.5198713541030884
588 731 0.502519965171814
592 743 0.8461570143699646
594 730 0.44932544231414795
595 732 0.3614955246448517
598 866 0.5255953073501587
599 869 0.5329219698905945
602 766 0.455498605966568
603 780 0.29034489393234253
604 747 0.25298744440078735
605 760 0.5500816106796265
606 748 0.31315693259239197
607 867 0.3139113485813141
608 868 0.37215766310691833
611 777 0.47848421335220337
612 778 0.3542744219303131
613 779 0.3345567584037781
614 758 0.6522656679153442
615 759 0.4881076216697693
616 917 0.2515079975128174
618 879 0.36834073066711426
622 768 0.4954245984554291
623 769 0.4041895270347595
626 765 0.47925233840942383
628 796 0.33172470331192017
629 798 0.479724258184433
630 799 0.4541608989238739
634 896 0.350565642118454
635 897 0.3296898305416107
636 898 0.42359989881515503
637 899 0.26626551151275635
638 900 0.4086732864379883
639 797 0.7200058102607727
640 800 0.4163816571235657
643 890 0.3525198698043823
645 968 0.32155540585517883
648 822 0.5731241106987
649 829 0.48125383257865906
650 823 0.5371202230453491
652 852 0.34444013237953186
656 937 0.4939771592617035
657 956 0.2530955672264099
660 831 0.416763037443161
665 935 0.3656712472438812
666 936 0.3626377582550049
668 832 0.6103981733322144
669 833 0.4036698639392853
670 735 0.3880208134651184
671 736 0.31878358125686646
675 915 0.5516418218612671
676 934 0.5273360013961792
679 853 0.30387982726097107
680 855 0.46089598536491394
681 924 0.3364640772342682
682 954 0.3769998252391815
683 958 0.3441675901412964
684 969 0.3369884788990021
686 978 0.2722192406654358
687 959 0.25598081946372986
690 738 0.25327423214912415
691 953 0.48170748353004456
692 976 0.35824987292289734
693 977 0.287354439496994
699 888 0.5305255055427551
703 739 0.33011677861213684
704 851 0.2767274081707001
705 825 0.3041268289089203
706 905 0.26932480931282043
708 887 0.5095425248146057
709 906 0.3775942325592041
710 854 0.44235002994537354
711 895 0.6174473166465759
716 930 0.4872788190841675
717 945 0.39164409041404724
718 889 0.25955459475517273
719 948 0.44941073656082153
723 786 0.3480641543865204
724 787 0.3382835388183594
727 962 0.31135204434394836
728 921 0.3610720634460449
729 944 0.5116055607795715
730 907 0.37650901079177856
732 858 0.47542256116867065
733 929 0.31511712074279785
736 931 0.25863736867904663
737 932 0.490008682012558
738 814 0.2715873122215271
740 904 0.2684001922607422
741 942 0.3130834996700287
744 923 0.3299229145050049
748 998 0.2652638852596283
752 990 0.2762143313884735
753 974 0.4405044615268707
754 966 0.2888347804546356
756 947 0.2840326726436615
758 973 0.283097505569458
759 980 0.28726840019226074
762 963 0.47349002957344055
765 909 0.25981807708740234
766 1071 0.2734924852848053
783 982 0.32389017939567566
791 996 0.32391858100891113
793 946 0.3503430485725403
794 991 0.46809065341949463
797 997 0.34398382902145386
798 910 0.3038702607154846
799 1096 0.5529428124427795
801 1108 0.2959980368614197
802 995 0.2855432629585266
803 964 0.3037821650505066
804 1003 0.6544570922851562
808 1009 0.30608710646629333
809 1001 0.6178608536720276
810 1011 0.4663426876068115
811 1012 0.4978633522987366
812 981 0.443941593170166
813 1013 0.37451502680778503
814 1002 0.30104148387908936
820 1027 0.3606185019016266
821 1028 0.37389621138572693
822 1014 0.5272862315177917
823 1048 0.3557569980621338
824 1029 0.26386910676956177
825 1030 0.38742512464523315
829 1125 0.5174649357795715
830 1149 0.28605568408966064
831 1150 0.27185216546058655
834 1033 0.32760435342788696
835 1034 0.3254677653312683
836 1049 0.28560182452201843
837 1151 0.27085375785827637
839 1045 0.25595688819885254
840 1068 0.38111579418182373
842 1064 0.2911440134048462
845 1067 0.3688993453979492
851 1073 0.3079504370689392
853 1074 0.555571973323822
854 1090 0.3408287763595581
855 1075 0.28378140926361084
863 1111 0.4030663073062897
864 1046 0.3593170940876007
865 1092 0.46272724866867065
869 1104 0.2937147319316864
870 1076 0.6443561315536499
871 1066 0.5355611443519592
872 1105 0.3197231590747833
873 1115 0.3814881443977356
875 1120 0.2576543390750885
879 1132 0.2827640175819397
883 1114 0.5113919377326965
891 1129 0.30680224299430847
892 1094 0.3957829177379608
893 1015 0.29978662729263306
894 1192 0.3033227324485779
897 1113 0.4698330760002136
902 1037 0.7053749561309814
904 1155 0.4846048355102539
905 1217 0.3801911771297455
906 1134 0.42793479561805725
913 1130 0.31918999552726746
914 1112 0.4181652367115021
920 1163 0.6574103236198425
921 1175 0.49346724152565
922 1148 0.323882132768631
923 1164 0.6128795742988586
924 1165 0.347947359085083
926 1069 0.279624879360199
929 1187 0.36911892890930176
930 1035 0.2901749312877655
931 1174 0.2997163236141205
939 1162 0.32671013474464417
941 1186 0.3229682147502899
943 1200 0.3928681015968323
944 1196 0.442073792219162
945 1176 0.31476089358329773
946 1189 0.9463232755661011
947 1095 0.2594417333602905
948 1106 0.29539060592651367
950 1052 0.2644031345844269
951 1079 0.31412097811698914
953 1259 0.3098558783531189
956 1185 0.3548458516597748
957 1177 0.43041303753852844
959 1203 0.49665313959121704
961 1212 0.6124086380004883
962 1215 0.4732137620449066
963 1156 0.43148818612098694
967 1210 0.26229074597358704
968 1213 0.3173902928829193
969 1266 0.2871561050415039
970 1227 0.5932278633117676
971 1241 0.41035494208335876
972 1228 0.42295968532562256
974 1188 0.3767482340335846
977 1117 0.33119460940361023
980 1304 0.3571470081806183
983 1201 0.5140038728713989
987 1119 0.3685828447341919
992 1257 0.5355662703514099
993 1258 0.2797091603279114
994 1277 0.28126248717308044
996 1279 0.26584863662719727
1002 1251 0.45307114720344543
1003 1247 0.36427968740463257
1006 1157 0.3279685080051422
1009 1260 0.276073694229126
1010 1254 0.32717472314834595
1019 1281 0.5195784568786621
1021 1242 0.2621464729309082
1025 1255 0.3379913568496704
1026 1256 0.6414909362792969
1027 1274 0.37248292565345764
1028 1275 0.2706069350242615
1030 1283 0.3049089014530182
1032 1250 0.3015126883983612
1034 1268 0.3056477904319763
1035 1291 0.35117197036743164
1036 1293 0.3690091073513031
1037 1315 0.3135002851486206
1039 1270 0.42083126306533813
1040 1267 0.42898041009902954
1041 1286 0.28140494227409363
1042 1248 0.3873205780982971
1043 1262 0.2500467300415039
1045 1229 0.3173137307167053
1046 1269 0.39479145407676697
1050 1271 0.26149749755859375
1052 1221 0.2834717035293579
1053 1190 0.35219189524650574
1055 1292 0.458831250667572
1056 1301 0.27531304955482483
1059 1261 0.2692190110683441
1060 1326 0.31855201721191406
1061 1314 0.37451931834220886
1062 1295 0.3215523660182953
1063 1284 0.3011845052242279
1064 1296 0.7219433784484863
1065 1297 0.35308679938316345
1066 1285 0.28345033526420593
1067 1288 0.5068492889404297
1069 1278 0.25291144847869873
1076 1303 0.5792117118835449
1077 1329 0.277789831161499
1078 1337 0.2648457884788513
1079 1307 0.3265537619590759
1081 1308 0.3295339345932007
1082 1309 0.42194241285324097
1083 1299 0.35568100214004517
1085 1312 0.3534975051879883
1087 1249 0.5383432507514954
1091 1322 0.3210241198539734
1092 1316 0.48900359869003296
1093 1317 0.41222867369651794
1094 1318 0.4742121696472168
1095 1305 0.47166746854782104
1097 1330 0.4211885929107666
1100 1310 0.3849608302116394
1101 1311 0.6551077961921692
1102 1290 0.4311907887458801
1103 1362 0.4400266408920288
1107 1358 0.34931251406669617
1109 1351 0.2683055102825165
1110 1324 0.44183313846588135
1114 1321 0.4654993414878845
1115 1363 0.6764525175094604
1116 1364 0.45684677362442017
1117 1357 0.3131536543369293
1121 1353 0.37331366539001465
1122 1320 0.3447454273700714
1123 1332 0.40739187598228455
1124 1334 0.3098091781139374
1125 1347 0.3788086473941803
1126 1348 0.34063318371772766
1127 1335 0.4886395037174225
1128 1349 0.2867871820926666
1130 1365 0.6040859222412109
1131 1384 0.7712183594703674
1136 1345 0.3477698564529419
1137 1346 0.37386053800582886
1138 1333 0.2895093262195587
1139 1371 0.41413623094558716
1146 1386 0.2587868869304657
1147 1387 0.2917374074459076
1148 1379 0.8022453784942627
1149 1338 0.4443312883377075
1150 1344 0.5064419507980347
1151 1355 0.5280410647392273
1154 1403 0.29005318880081177
1157 1339 0.3552592992782593
1158 1323 0.41661521792411804
1161 1392 0.34831753373146057
1163 1407 0.2990359663963318
1165 1340 0.3142393231391907
1167 1372 0.31554114818573
1171 1424 0.32186898589134216
1172 1366 0.4043402671813965
1174 1369 0.4830765724182129
1178 1456 0.2510996162891388
1179 1417 0.35746562480926514
1180 1409 0.46375393867492676
1181 1413 0.6603207588195801
1183 1450 0.28257155418395996
1187 1411 0.3417075276374817
1190 1442 0.4628949761390686
1191 1449 0.278988778591156
1192 1465 0.3022750914096832
1193 1336 0.2615518867969513
1196 1427 0.508914053440094
1197 1356 0.3963366448879242
1200 1454 0.27864763140678406
1203 1426 0.25962141156196594
1204 1438 0.2875090539455414
1205 1439 0.45715752243995667
1206 1440 0.5080766081809998
1209 1399 0.837179958820343
1210 1463 0.33134782314300537
1211 1455 0.2885677218437195
1216 1361 0.26569655537605286
1217 1464 0.8312941789627075
1219 1556 0.3417006731033325
1221 1420 0.3494727909564972
1222 1383 0.2711758017539978
1224 1483 0.2662241458892822
1226 1484 0.5536081790924072
1227 1493 0.4142776429653168
1230 1461 0.43319061398506165
1232 1428 0.3966130316257477
1235 1492 0.27701470255851746
1239 1485 0.3200642168521881
1240 1410 0.2852074205875397
1241 1445 0.4872685968875885
1242 1469 0.3643088638782501
1244 1400 0.31885412335395813
1245 1506 0.29020869731903076
1246 1494 0.2516452372074127
1247 1496 0.6661556959152222
1249 1460 0.4462945759296417
1250 1481 0.267964631319046
1253 1423 0.283620685338974
1258 1517 0.3403967618942261
1259 1486 0.31532785296440125
1260 1466 0.4216407239437103
1261 1487 0.40749016404151917
1262 1444 0.3951052129268646
1263 1476 0.28976041078567505
1264 1446 0.3107234835624695
1268 1555 0.33433443307876587
1269 1531 0.3152036666870117
1270 1507 0.3083415925502777
1271 1467 0.5028761625289917
1272 1462 0.27560046315193176
1273 1478 0.30397921800613403
1275 1468 0.376334547996521
1280 1543 0.5815501809120178
1282 1475 0.32088300585746765
1283 1477 0.5261023044586182
1286 1432 0.45451703667640686
1290 1505 0.38110923767089844
1291 1552 0.2695786952972412
1292 1539 0.2620992064476013
1293 1540 0.276307076215744
1296 1584 0.26938748359680176
1298 1490 0.3326326310634613
1299 1513 0.30236589908599854
1300 1499 0.3446221649646759
1305 1582 0.30946072936058044
1309 1498 0.40017569065093994
1310 1429 0.3871400058269501
1311 1453 0.31673747301101685
1315 1598 0.2695293426513672
1317 1545 0.4188173711299896
1318 1521 0.473947674036026
1320 1522 0.3617393374443054
1322 1509 0.34389758110046387
1324 1510 0.3736516833305359
1325 1489 0.2640324831008911
1330 1551 0.8330679535865784
1335 1633 0.2705628275871277
1336 1532 0.4268701374530792
1337 1544 0.34378740191459656
1340 1523 0.43441271781921387
1341 1497 0.3931799530982971
1342 1525 0.2875852882862091
1344 1639 0.42596328258514404
1346 1596 0.3263641595840454
1347 1632 0.2836894094944
1349 1575 0.5309972167015076
1350 1535 0.4785216152667999
1351 1471 0.34594523906707764
1352 1606 0.2583085298538208
1355 1655 0.2883756756782532
1356 1642 0.2740778625011444
1358 1602 0.3959146738052368
1359 1564 0.48590245842933655
1360 1587 0.2662259042263031
1361 1579 0.336051344871521
1362 1472 0.31806811690330505
1368 1616 0.47407200932502747
1371 1566 0.3547084927558899
1373 1547 0.27845796942710876
1374 1533 0.42423421144485474
1378 1661 0.36795347929000854
1379 1662 0.45437315106391907
1380 1672 0.25404882431030273
1381 1574 0.4825664162635803
1382 1571 0.4101831912994385
1383 1572 0.2960319221019745
1384 1501 0.42051833868026733
1388 1638 0.27454981207847595
1390 1634 0.41362467408180237
1391 1589 0.4367014467716217
1394 1626 0.26197028160095215
1400 1585 0.6285490989685059
1403 1609 0.35969114303588867
1404 1568 0.43326500058174133
1405 1534 0.270884245634079
1408 1651 0.35078737139701843
1415 1660 0.43805748224258423
1417 1580 0.31382155418395996
1418 1612 0.3690386712551117
1421 1537 0.26997050642967224
1422 1538 0.2918117046356201
1423 1669 0.40093550086021423
1424 1670 0.25800424814224243
1426 1690 0.32352587580680847
1427 1663 0.363357812166214
1428 1610 0.5024845004081726
1430 1516 0.42144694924354553
1432 1567 0.4591057002544403
1433 1635 0.42155951261520386
1435 1569 0.26709869503974915
1436 1588 0.2776862680912018
1445 1620 0.27637189626693726
1446 1621 0.3535619080066681
1447 1645 0.4536076784133911
1448 1603 0.32855361700057983
1456 1622 0.4003238081932068
1458 1623 0.41831761598587036
1460 1685 0.35397788882255554
1462 1666 0.468066543340683
1464 1604 0.320056289434433
1465 1679 0.25474780797958374
1467 1721 0.3035241365432739
1468 1686 0.3655471205711365
1472 1709 0.25848498940467834
1478 1656 0.35273104906082153
1479 1658 0.34821921586990356
1483 1611 0.32762619853019714
1487 1693 0.4578499495983124
1494 1674 0.40249088406562805
1496 1675 0.3737332820892334
1497 1676 0.4899946451187134
1498 1740 0.34473130106925964
1501 1718 0.33662453293800354
1502 1719 0.34824544191360474
1503 1720 0.35913243889808655
1512 1691 0.45557767152786255
1518 1703 0.49235081672668457
1521 1754 0.2786045968532562
1524 1762 0.37724795937538147
1525 1763 0.5733996033668518
1534 1699 0.34851887822151184
1536 1701 0.37254226207733154
1538 1736 0.3285943567752838
1539 1716 0.30646300315856934
1540 1741 0.32827675342559814
1542 1761 0.4678862392902374
1543 1773 0.4018818140029907
1557 1697 0.3264864981174469
1559 1708 0.2806330919265747
1561 1735 0.25225362181663513
1562 1751 0.3342432677745819
1566 1808 0.34636810421943665
1567 1756 0.4227278232574463
1576 1696 0.39828306436538696
1577 1706 0.4229891300201416
1579 1745 0.3857708275318146
1581 1713 0.6059790849685669
1582 1802 0.4760109782218933
1583 1771 0.39674657583236694
1584 1750 0.4413854479789734
1588 1784 0.302857369184494
1593 1725 0.4760141670703888
1594 1726 0.4173262119293213
1595 1711 0.332973837852478
1598 1746 0.302665650844574
1599 1760 0.2738923728466034
1601 1755 0.30432993173599243
1602 1791 0.5452737808227539
1605 1728 0.2898275554180145
1607 1748 0.5523040890693665
1609 1647 0.4809161424636841
1610 1649 0.2822418808937073
1611 1650 0.3806726336479187
1614 1770 0.3673335909843445
1618 1744 0.3141098916530609
1619 1739 0.25404253602027893
1620 1835 0.3289775252342224
1627 1743 0.3288031220436096
1629 1738 0.7394452095031738
1630 1729 0.4446084797382355
1631 1767 0.5864759087562561
1632 1775 0.32668429613113403
1637 1759 0.29373154044151306
1641 1772 0.3191169500350952
1643 1731 0.3820266127586365
1644 1800 0.30221137404441833
1647 1648 0.29126954078674316
1648 1806 0.33202284574508667
1649 1818 0.3614465594291687
1653 1766 0.30751141905784607
1654 1712 0.6423234939575195
1656 1847 0.2992093861103058
1658 1895 0.26080963015556335
1659 1861 0.30774787068367004
1665 1778 0.3111068904399872
1666 1779 0.30701151490211487
1667 1801 0.2910982072353363
1670 1834 0.37095537781715393
1672 1821 0.293434739112854
1675 1831 0.28153055906295776
1676 1848 0.28701865673065186
1679 1829 0.5551064610481262
1680 1807 0.48474258184432983
1681 1825 0.3736766278743744
1683 1794 0.25677910447120667
1684 1811 0.2921280264854431
1689 1826 0.34687718749046326
1691 1774 0.2850646674633026
1693 1788 0.29101020097732544
1697 1858 0.4081723690032959
1704 1776 0.3723383843898773
1705 1856 0.324311763048172
1708 1888 0.3938937783241272
1709 1845 0.45045384764671326
1711 1905 0.42880576848983765
1718 1787 0.46970584988594055
1719 1837 0.3441820442676544
1720 1839 0.3779498338699341
1721 1889 0.5433671474456787
1723 1853 0.38691264390945435
1724 1854 0.4385018050670624
1725 1918 0.29903480410575867
1727 1907 0.38003748655319214
1728 1914 0.28411826491355896
1730 1971 0.5462835431098938
1735 1796 0.33564138412475586
1736 1797 0.44149067997932434
1741 1832 0.42135652899742126
1743 1849 0.33617380261421204
1749 1893 0.3094070255756378
1750 1956 0.3264634609222412
1751 1933 0.3028640151023865
1753 1799 0.2987865209579468
1754 1857 0.2925713062286377
1755 1840 0.5010389089584351
1757 1922 0.3384913504123688
1760 1855 0.30559593439102173
1761 1883 0.26580047607421875
1763 1866 0.2826944589614868
1764 1867 0.4396172761917114
1765 1920 0.2726227343082428
1766 1949 0.2767680585384369
1770 1812 0.3802433907985687
1771 1827 0.38398295640945435
1774 1864 0.40061748027801514
1775 1865 0.4646632671356201
1776 1913 0.3259821832180023
1778 1886 0.2541220188140869
1780 1917 0.43687930703163147
1782 1931 0.29999083280563354
1784 1929 0.4172171950340271
1786 1868 0.41779133677482605
1787 1869 0.35228192806243896
1788 1859 0.37521785497665405
1793 1862 0.9040762782096863
1794 1936 0.4096605181694031
1796 1911 0.27258944511413574
1798 1900 0.5510061979293823
1799 1968 0.43220850825309753
1800 1982 0.26725924015045166
1801 1957 0.5040558576583862
1803 1970 0.30218976736068726
1805 1925 0.29830506443977356
1808 1954 0.354508638381958
1810 1965 0.378651887178421
1815 1863 0.355936199426651
1816 1898 0.4395217001438141
1817 1927 0.2858230769634247
1819 1901 0.3251045048236847
1820 1817 0.34088730812072754
1822 1981 0.2556777894496918
1828 1958 0.28090623021125793
1830 1916 0.25703465938568115
1831 2002 0.2960883677005768
1832 2039 0.3159443438053131
1834 1909 0.2834925055503845
1835 1941 0.3822230398654938
1837 1842 0.3990822732448578
1838 1816 0.3050360083580017
1839 1990 0.5334065556526184
1842 1896 0.4469897449016571
1843 1897 0.3514520525932312
1844 1910 0.32710546255111694
1845 1959 0.49110573530197144
1846 1940 0.390999972820282
1847 1928 0.3483019173145294
1848 1844 0.2545908987522125
1849 1851 0.25731179118156433
1850 1852 0.31782767176628113
1851 1978 0.44336363673210144
1852 1979 0.25363075733184814
1853 1919 0.36176797747612
1854 2011 0.2662479877471924
1859 1915 0.45700541138648987
1865 1964 0.27767354249954224
1868 1950 0.5981640219688416
1870 1987 0.2732185125350952
1871 1942 0.4694080650806427
1872 1989 0.3374882638454437
1874 1934 0.27125445008277893
1875 1985 0.3589133024215698
1876 1937 0.5220529437065125
1878 1988 0.3831208050251007
1880 2052 0.31681540608406067
1882 2038 0.5669323205947876
1884 1976 0.27440768480300903
1886 2053 0.8197872638702393
1887 2054 0.3415977358818054
1888 2055 0.3844361901283264
1892 1984 0.3113909363746643
1894 2007 0.285963773727417
1895 2008 0.33420756459236145
1897 1986 0.29245108366012573
1907 1975 0.47840893268585205
1908 2021 0.2800617516040802
1913 2033 0.25327786803245544
1914 2078 0.4130101799964905
1918 2079 0.3510708510875702
1919 2120 0.2835749685764313
1921 2014 0.26608553528785706
1922 2016 0.47006702423095703
1924 1995 0.25494733452796936
1925 2019 0.31700822710990906
1927 2030 0.40877148509025574
1932 1991 0.35420042276382446
1936 2060 0.33566826581954956
1944 2075 0.39703765511512756
1945 2067 0.5352190732955933
1951 2062 0.3840484917163849
1952 2018 0.30314430594444275
1955 1961 0.2987073063850403
1957 2121 0.31690725684165955
1958 2040 0.30831602215766907
1959 2015 0.25544285774230957
1961 2042 0.2710408568382263
1962 2104 0.4949948191642761
1963 2073 0.3125927150249481
1965 2064 0.4091111719608307
1971 2131 0.37047529220581055
1972 2152 0.40737438201904297
1978 2045 0.4170091450214386
1980 2095 0.2755258083343506
1982 2048 0.31350865960121155
1983 2086 0.3482368290424347
1985 2000 0.29793858528137207
1986 2132 0.46133750677108765
1988 2043 0.3606608211994171
1989 2105 0.46872764825820923
1990 2108 0.3423932194709778
1991 2065 0.47652241587638855
1992 2074 0.3647976815700531
1994 2119 0.31930142641067505
1997 2024 0.49150165915489197
1999 2151 0.3770659863948822
2000 2124 0.3574836850166321
2002 2090 0.277109295129776
2005 2109 0.4186943769454956
2009 2083 0.4986359775066376
2013 2150 0.3769444525241852
2017 2106 0.28852754831314087
2018 2107 0.32113221287727356
2019 2164 0.5015050172805786
2020 2145 0.38836178183555603
2024 2128 0.2716663181781769
2026 2148 0.354194700717926
2027 2149 0.3274625241756439
2031 2184 0.29671618342399597
2032 2185 0.39914393424987793
2033 2186 0.345985472202301
2034 2081 0.26523807644844055
2035 2110 0.4602937698364258
2037 2094 0.34660106897354126
2038 2167 0.3088695704936981
2039 2168 0.3268413543701172
2040 2147 0.296875536441803
2041 2169 0.3247314393520355
2042 2183 0.3531373143196106
2043 2034 0.6617133021354675
2044 2170 0.35614943504333496
2050 2092 0.27365842461586
2051 2165 0.30616211891174316
2052 2126 0.5154333114624023
2054 2198 0.48424309492111206
2056 2141 0.2796454131603241
2057 2144 0.26400628685951233
2058 2180 0.3284239172935486
2059 2196 0.4000783860683441
2060 2197 0.2834746539592743
2062 2182 0.3510303497314453
2063 2220 0.27072182297706604
2066 2115 0.27652454376220703
2069 2140 0.35868096351623535
2070 2159 0.3515794575214386
2071 2177 0.29259195923805237
2072 2162 0.31940439343452454
2073 2127 0.2998747229576111
2074 2235 0.2855693995952606
2076 2195 0.4021777808666229
2079 2243 0.6403974294662476
2081 2114 0.32620173692703247
2082 2125 0.2666601836681366
2083 2139 0.3273557424545288
2084 2142 0.2574244737625122
2085 2118 0.5138921141624451
2088 2254 0.3072572648525238
2089 2244 0.36980000138282776
2092 2176 0.2623235285282135
2093 2233 0.3761988878250122
2095 2211 0.2848464548587799
2096 2271 0.33766210079193115
2100 2155 0.8410763740539551
2103 2157 0.3062126338481903
2105 2194 0.38652798533439636
2106 2230 0.38051292300224304
2107 2210 0.4136728048324585
2108 2234 0.5456358194351196
2109 2179 0.3789387345314026
2110 2218 0.3442247211933136
2113 2262 0.4441067576408386
2114 2270 0.3899461030960083
2116 2252 0.4139731228351593
2120 2191 0.28465935587882996
2121 2231 0.4509464204311371
2122 2166 0.5719643235206604
2123 2250 0.3447372019290924
2130 2227 0.2853984236717224
2131 2208 0.2918640375137329
2132 2232 0.5911038517951965
2133 2259 0.37873315811157227
2134 2247 0.3443317413330078
2136 2219 0.3760668933391571
2138 2327 0.2703072428703308
2140 2376 0.382173091173172
2144 2175 0.5943938493728638
2145 2207 0.2950451672077179
2146 2224 0.2532343864440918
2147 2161 0.3021629750728607
2149 2241 0.2928270101547241
2150 2265 0.3169368803501129
2151 2261 0.3105282783508301
2152 2249 0.4876967668533325
2157 2305 0.278815358877182
2158 2295 0.3993617296218872
2159 2308 0.2714024484157562
2161 2331 0.3441436290740967
2168 2226 0.3233642578125
2171 2318 0.2962815761566162
2172 2306 0.5118095874786377
2173 2297 0.40851545333862305
2175 2273 0.596684992313385
2176 2228 0.4258381724357605
2177 2236 0.35892972350120544
2178 2237 0.4007757008075714
2179 2240 0.38982897996902466
2180 2251 0.3752278983592987
2181 2317 0.33421170711517334
2182 2339 0.35473793745040894
2184 2319 0.48099687695503235
2187 2257 0.28817224502563477
2188 2260 0.35202768445014954
2192 2217 0.3581545650959015
2193 2349 0.3191513419151306
2194 2292 0.2887907028198242
2197 2316 0.3391324281692505
2201 2340 0.3758087456226349
2206 2238 0.30231860280036926
2208 2289 0.6334498524665833
2212 2352 0.2520347833633423
2215 2274 0.3971967101097107
2216 2246 0.29167425632476807
2217 2302 0.32256683707237244
2218 2266 0.4720715880393982
2220 2256 0.3782934844493866
2221 2285 0.39201778173446655
2223 2263 0.5158645510673523
2224 2298 0.4950835704803467
2225 2229 0.3770422339439392
2226 2300 0.3402218222618103
2227 2301 0.33212926983833313
2230 2248 0.3489222824573517
2231 2350 0.38001391291618347
2233 2326 0.33230987191200256
2234 2278 0.3835894763469696
2235 2268 0.2781052589416504
2236 2304 0.2685927450656891
2237 2353 0.5001165866851807
2238 2354 0.4132434129714966
2239 2367 0.33385682106018066
2241 2341 0.3813077509403229
2244 2283 0.3986201286315918
2245 2245 0.8925410509109497
2246 2286 0.284301221370697
2247 2324 0.4158990681171417
2248 2310 0.2893806993961334
2250 2275 0.4058825373649597
2256 2284 0.8062613606452942
2258 2287 0.3645167052745819
2259 2337 0.28426626324653625
2260 2303 0.34470629692077637
2262 2389 0.3492608666419983
2269 2344 0.3588828444480896
2270 2309 0.5064095854759216
2275 2315 0.31264397501945496
2278 2396 0.4213991165161133
2279 2412 0.5384885668754578
2282 2321 0.29640480875968933
2284 2323 0.27389341592788696
2285 2335 0.7808690071105957
2286 2336 0.6788042187690735
2287 2362 0.37253159284591675
2288 2311 0.27497875690460205
2289 2312 0.4306454360485077
2290 2314 0.47923362255096436
2293 2466 0.45097824931144714
2295 2299 0.3499356806278229
2296 2360 0.5141882300376892
2298 2371 0.2898823022842407
2299 2346 0.3291833996772766
2301 2334 0.3304661214351654
2302 2343 0.279939204454422
2305 2348 0.32581621408462524
2307 2384 0.4734254777431488
2308 2365 0.3667011260986328
2309 2351 0.3516354560852051
2311 2424 0.3728276491165161
2312 2425 0.3218591511249542
2313 2465 0.3712877333164215
2314 2443 0.3319997489452362
2317 2355 0.2611904442310333
2320 2333 0.47672149538993835
2321 2358 0.39552369713783264
2322 2370 0.5391190648078918
2323 2378 0.37077006697654724
2324 2359 0.2887271046638489
2326 2347 0.4983435869216919
2327 2364 0.34722769260406494
2328 2374 0.6910743713378906
2330 2462 0.44613924622535706
2332 2426 0.405431866645813
2333 2441 0.43014100193977356
2334 2442 0.4656423032283783
2339 2369 0.3534809947013855
2340 2404 0.3269495368003845
2341 2463 0.6641093492507935
2342 2464 0.5958990454673767
2343 2475 0.424104779958725
2345 2392 0.40541717410087585
2346 2377 0.2566801905632019
2349 2345 0.2760434150695801
2351 2372 0.2670360505580902
2353 2410 0.36311739683151245
2354 2387 0.32087045907974243
2362 2357 0.3996973931789398
2363 2414 0.5826754570007324
2366 2393 0.33664605021476746
2367 2415 0.2795584797859192
2368 2405 0.2888626158237457
2369 2381 0.5695823431015015
2371 2382 0.3970319628715515
2372 2408 0.2840026021003723
2373 2440 0.43999141454696655
2374 2476 0.30523911118507385
2380 2402 0.25400862097740173
2381 2386 0.3271297812461853
2383 2391 0.3397980332374573
2384 2413 0.33000630140304565
2385 2453 0.6899957060813904
2386 2454 0.6592328548431396
2387 2432 0.3988136649131775
2388 2447 0.34418466687202454
2390 2363 0.2542441785335541
2392 2420 0.4189448058605194
2394 2491 0.35001644492149353
2399 2399 0.34048473834991455
2400 2455 0.5631715059280396
2401 2509 0.263742059469223
2402 2433 0.4447535276412964
2406 2434 0.34548431634902954
2408 2437 0.3537534773349762
2410 2411 0.546502411365509
2411 2439 0.3572877049446106
2412 2421 0.3731186091899872
2413 2422 0.41906988620758057
2414 2493 0.39583274722099304
2416 2494 0.45434457063674927
2417 2526 0.2764894664287567
2418 2505 0.34829360246658325
2419 2506 0.35002246499061584
2420 2496 0.40360674262046814
2421 2513 0.33484530448913574
2424 2398 0.2838349938392639
2425 2431 0.35987916588783264
2426 2456 0.2816511392593384
2427 2487 0.3089662194252014
2429 2511 0.6845086216926575
2431 2429 0.38701486587524414
2432 2430 0.3503323793411255
2433 2457 0.7642248272895813
2436 2406 0.2717090845108032
2437 2416 0.3233734965324402
2438 2460 0.4204224944114685
2439 2523 0.43767040967941284
2440 2524 0.28344276547431946
2441 2492 0.36449897289276123
2443 2504 0.5152052640914917
2446 2427 0.3730342984199524
2447 2467 0.38864150643348694
2448 2428 0.5917953848838806
2451 2469 0.3051040768623352
2454 2470 0.402846097946167
2455 2458 0.44238463044166565
2456 2435 0.27399423718452454
2457 2472 0.34326452016830444
2458 2473 0.339362770318985
2460 2538 0.2626461982727051
2464 2468 0.4838198125362396
2467 2488 0.5709550380706787
2471 2532 0.25147321820259094
2474 2497 0.46744871139526367
2475 2498 0.3469807505607605
2478 2486 0.2874215841293335
2480 2489 0.3646446466445923
2481 2503 0.4424166977405548
2485 2543 0.2810206413269043
2486 2436 0.350604772567749
2490 2549 0.514354944229126
2491 2573 0.3220486044883728
2492 2561 0.4692518711090088
2493 2584 0.2596461772918701
2496 2593 0.491766095161438
2498 2528 0.30456334352493286
2499 2499 0.49381184577941895
2500 2529 0.31177693605422974
2503 2569 0.41499653458595276
2505 2571 0.2829933166503906
2507 2586 0.28493285179138184
2509 2516 0.37345466017723083
2510 2500 0.48381102085113525
2513 2536 0.38784730434417725
2518 2547 0.3985178768634796
2520 2533 0.3149380683898926
2521 2542 0.3317781984806061
2528 2560 0.6352478265762329
2531 2515 0.5201728940010071
2532 2551 0.34548166394233704
2533 2541 0.4453366994857788
2534 2545 0.7454174757003784
2538 2609 0.3135385513305664
2539 2564 0.2861577272415161
2541 2552 0.8022347092628479
2543 2579 0.3178413212299347
2544 2544 0.5949155688285828
2546 2557 0.26254475116729736
2549 2530 0.2961810231208801
2550 2581 0.3588304817676544
2552 2582 0.32071200013160706
2554 2563 0.2510134279727936
2555 2553 0.3642737865447998
2556 2554 0.3695458173751831
2558 2537 0.28336167335510254
2559 2555 0.3026714324951172
2560 2556 0.4078556299209595
2561 2566 0.31334754824638367
2563 2548 0.2831256091594696
2565 2539 0.26045915484428406
2566 2598 0.4247908890247345
2567 2578 0.49587318301200867
2569 2568 0.4256952404975891
2570 2649 0.38050130009651184
2572 2577 0.4139498472213745
2575 2613 0.5465269088745117
2576 2546 0.31525418162345886
2577 2646 0.5658164024353027
2578 2625 0.3954501450061798
2579 2661 0.38707613945007324
2580 2615 0.5696997046470642
2581 2616 0.43339061737060547
2582 2627 0.3353627026081085
2583 2604 0.3239062428474426
2585 2540 0.284320205450058
2586 2600 0.2992253601551056
2587 2591 0.3172241747379303
2588 2647 0.3268584907054901
2589 2583 0.3011425733566284
2591 2606 0.3493861258029938
2593 2575 0.2852139472961426
2597 2605 0.33727526664733887
2598 2689 0.6567109823226929
2599 2676 0.26379942893981934
2600 2677 0.26002606749534607
2601 2638 0.37580016255378723
2602 2678 0.26067957282066345
2603 2690 0.278215616941452
2604 2679 0.2946484088897705
2606 2610 0.44071540236473083
2607 2612 0.3893623352050781
2608 2602 0.3445025384426117
2609 2589 0.39587879180908203
2610 2580 0.3246571123600006
2611 2670 0.34398120641708374
2613 2662 0.5428460836410522
2614 2626 0.26992958784103394
2615 2691 0.29921653866767883
2617 2608 0.267209529876709
2619 2632 0.712384819984436
2620 2633 0.33832481503486633
2621 2634 0.30270203948020935
2622 2623 0.4936220943927765
2623 2624 0.5464878082275391
2626 2711 0.3746964931488037
2629 2718 0.3726687431335449
2632 2596 0.31707990169525146
2633 2640 0.3930412232875824
2636 2622 0.44737398624420166
2637 2648 0.4187135398387909
2640 2720 0.36163172125816345
2641 2722 0.30805736780166626
2643 2692 0.2588895857334137
2646 2631 0.4707498252391815
2647 2641 0.3240322768688202
2648 2659 0.4115416407585144
2650 2671 0.4162125289440155
2651 2672 0.33835935592651367
2652 2732 0.44128865003585815
2653 2721 0.3639327883720398
2655 2621 0.36331552267074585
2656 2597 0.3332066535949707
2657 2651 0.4476650655269623
2660 2636 0.3000703752040863
2661 2637 0.3362305462360382
2662 2652 0.329756498336792
2663 2700 0.4497987926006317
2665 2667 0.399810254573822
2668 2645 0.340011328458786
2669 2673 0.3261466920375824
2673 2713 0.38947856426239014
2674 2729 0.3595889210700989
2675 2731 0.2660251557826996
2677 2771 0.26837819814682007
2679 2723 0.2518264949321747
2687 2681 0.5549322962760925
2688 2682 0.3769696056842804
2692 2687 0.3643811345100403
2693 2699 0.30956849455833435
2694 2750 0.4506317377090454
2695 2744 0.40458133816719055
2696 2745 0.3749106228351593
2697 2757 0.31421324610710144
2701 2685 0.3422795832157135
2702 2668 0.3887026607990265
2703 2590 0.36911752820014954
2704 2743 0.48279839754104614
2706 2674 0.3277912139892578
2707 2764 0.34355664253234863
2710 2664 0.4137493371963501
2712 2686 0.2653617858886719
2715 2752 0.3064156770706177
2716 2754 0.5481340885162354
2719 2695 0.319265216588974
2720 2724 0.33753716945648193
2721 2735 0.4500725269317627
2723 2708 0.3680538535118103
2725 2742 0.3688817322254181
2727 2762 0.3389093279838562
2728 2780 0.31370246410369873
2729 2719 0.2778155207633972
2730 2694 0.2667929530143738
2731 2725 0.3700833022594452
2732 2726 0.45620983839035034
2733 2715 0.348609983921051
2735 2730 0.2713876962661743
2736 2787 0.5114328861236572
2740 2702 0.34174075722694397
2741 2703 0.3657751977443695
2746 2738 0.4704347848892212
2747 2739 0.36415812373161316
2748 2740 0.39109766483306885
2750 2710 0.32012131810188293
2751 2753 0.3272099792957306
2753 2783 0.30980178713798523
2754 2809 0.29217174649238586
2756 2733 0.2919948697090149
2757 2734 0.3350302278995514
2758 2741 0.4115656018257141
2759 2727 0.2620782256126404
2760 2747 0.2966720461845398
2761 2798 0.2914367914199829
2763 2799 0.6044789552688599
2765 2794 0.3620831072330475
2772 2767 0.353564590215683
2776 2778 0.34530577063560486
2777 2756 0.3129936158657074
2778 2817 0.27556338906288147
2781 2773 0.3202245235443115
2782 2774 0.39266881346702576
2783 2790 0.3008899390697479
2784 2760 0.5427844524383545
2785 2761 0.26371967792510986
2786 2770 0.5469972491264343
2787 2786 0.4626539945602417
2789 2816 0.3697393536567688
2790 2808 0.3094061613082886
2791 2854 0.2798497676849365
2793 2789 0.3282707929611206
2795 2785 0.8013943433761597
2800 2784 0.5341787934303284
2801 2768 0.3788357377052307
2802 2775 0.35223254561424255
2803 2777 0.44176149368286133
2804 2805 0.468271940946579
2805 2806 0.41149142384529114
2806 2814 0.4805108904838562
2807 2833 0.5982593297958374
2819 2801 0.27318331599235535
2821 2853 0.4642907381057739
2824 2812 0.384229838848114
2826 2849 0.309766948223114
2827 2821 0.34702444076538086
2828 2865 0.45421287417411804
2833 2788 0.4587061405181885
2845 2811 0.3109731078147888
2850 2792 0.49174171686172485
2851 2793 0.39991816878318787
2852 2802 0.36709684133529663
2855 2873 0.36180728673934937
2856 2891 0.4177188277244568
2870 2827 0.2514096796512604
2871 2829 0.7387439012527466
2874 2898 0.31278088688850403
2875 2880 0.6417033076286316
2877 2892 0.43819454312324524
2878 2855 0.25711628794670105
2880 2863 0.9017574191093445
2881 2842 0.34059223532676697
2882 2813 0.3633158802986145
2883 2887 0.39775505661964417
2884 2872 0.5228745937347412
2885 2866 0.3596842885017395
2894 2868 0.30627134442329407
2895 2858 0.40759512782096863
2900 2830 0.2731736898422241
2901 2803 0.2792224884033203
2902 2846 0.5824788212776184
2903 2871 0.4192781448364258
2905 2919 0.33099663257598877
2906 2900 0.6037962436676025
2908 2921 0.41041600704193115
2911 2864 0.29679712653160095
2912 2847 0.41257908940315247
2913 2912 0.436810165643692
2914 2889 0.2516461908817291
2915 2917 0.3313156068325043
2916 2918 0.9006306529045105
2917 2920 0.34775692224502563
2919 2883 0.3049722909927368
2920 2876 0.2615124583244324
2921 2895 0.4028069078922272
2930 2878 0.30297955870628357
2932 2845 0.47508400678634644
2933 2869 0.6347875595092773
2935 2909 0.5150166153907776
2936 2911 0.32809677720069885
2938 2897 0.3041326105594635
2940 2932 0.4048464894294739
2942 2934 0.5761557221412659
2943 2956 0.3530019521713257
2944 2949 0.4111274182796478
2949 2905 0.3448365032672882
2950 2859 0.5448106527328491
2951 2870 0.4575199782848358
2952 2930 0.41424524784088135
2953 2913 0.34224337339401245
2954 2914 0.3780478835105896
2955 2915 0.29529231786727905
2957 2931 0.39434143900871277
2958 2954 0.4471069872379303
2960 2922 0.29648762941360474
2962 2904 0.3141997754573822
2964 2899 0.2594011723995209
2966 2885 0.39486488699913025
2967 2941 0.3730403482913971
2968 2924 0.475046843290329
2969 2925 0.33275383710861206
2970 2926 0.3568320870399475
2978 2935 0.26038214564323425
2979 2929 0.517480731010437
2982 2884 0.4042184352874756
2983 2844 0.3427983522415161
2984 2907 0.3805945813655853
2985 2940 0.37883755564689636
2986 2942 0.4487563371658325
2987 2945 0.3900837302207947
2988 2927 0.47113654017448425
2990 2947 0.41558465361595154
2991 2948 0.2893495261669159
2995 2879 0.5632622838020325
2998 2955 0.3188495635986328
2999 2977 0.5434821844100952
3000 2978 0.5279921889305115
3001 2990 0.28508833050727844
3002 2962 0.282438188791275
3004 2981 0.32573604583740234
3005 2994 0.32051384449005127
3007 2923 0.6045066118240356
3008 2953 0.5294877886772156
3009 2963 0.43049392104148865
3012 2902 0.27659469842910767
3014 2906 0.3933374583721161
3016 2938 0.2935391664505005
3017 2908 0.28766098618507385
3018 2986 0.2800716459751129
3019 2943 0.3909682631492615
3021 2976 0.546661913394928
3022 2988 0.38114485144615173
3023 3003 0.33700132369995117
3026 2974 0.30584463477134705
3027 3023 0.29455289244651794
3031 3027 0.25507259368896484
3033 2965 0.32572177052497864
3034 2966 0.31037846207618713
3037 2960 0.5047144293785095
3038 2961 0.4134519398212433
3039 3014 0.5084110498428345
3040 3038 0.4482426345348358
3041 3024 0.38017958402633667
3042 3025 0.34119725227355957
3046 2983 0.32077285647392273
3047 2968 0.3157762587070465
3048 2959 0.37134191393852234
3051 2939 0.26531827449798584
3053 3019 0.28927749395370483
3054 3021 0.3268161118030548
3057 3039 0.2847408056259155
3060 3017 0.3347763419151306
3064 2958 0.29557153582572937
3065 3020 0.6076717972755432
3066 2952 0.4095354974269867
3069 3012 0.3328658640384674
3070 3013 0.3194960653781891
3071 3056 0.2722683250904083
3076 3060 0.2511604428291321
3077 3061 0.2744409143924713
3078 2982 0.3035166263580322
3079 2991 0.25167763233184814
3081 3034 0.2762243449687958
3083 2973 0.4883842170238495
3084 3022 0.61808180809021
3085 3054 0.4400342106819153
3087 3046 0.28449785709381104
3088 3047 0.3069380223751068
3090 3005 0.28545016050338745
3092 3006 0.3799631893634796
3093 2970 0.31984850764274597
3095 2971 0.2789994478225708
3096 3068 0.4393448531627655
3097 3053 0.5697692632675171
3098 3074 0.2746283710002899
3099 3075 0.27651160955429077
3102 3078 0.4379885792732239
3104 3032 0.36657699942588806
3106 3007 0.2953830063343048
3107 2969 0.2731184661388397
3108 3018 0.30906492471694946
3109 3067 0.4930814802646637
3111 3085 0.38812628388404846
3112 3076 0.3768880069255829
3113 3077 0.44215473532676697
3115 3048 0.26175424456596375
3117 3028 0.25824451446533203
3118 3049 0.26409468054771423
3120 2996 0.5365483164787292
3121 3008 0.49709001183509827
3122 2984 0.6784029603004456
3123 2999 0.28829869627952576
3124 3037 0.33873775601387024
3125 3101 0.4959152638912201
3126 3097 0.32963043451309204
3127 3098 0.33109450340270996
3130 3030 0.26731249690055847
3133 3042 0.39692217111587524
3137 3084 0.34327730536460876
3138 3009 0.4645923674106598
3140 3102 0.395227313041687
3141 3103 0.5463919043540955
3143 3062 0.5494346022605896
3145 3063 0.2528895139694214
3146 3043 0.42195045948028564
3147 3036 0.270831823348999
3148 3010 0.33734217286109924
3149 3094 0.851137638092041
3150 3055 0.4627859592437744
3151 3109 0.34886306524276733
3153 3088 0.3596828877925873
3156 3072 0.4166068732738495
3159 3095 0.6189719438552856
3160 3096 0.4680978059768677
3162 3110 0.4314988851547241
3164 3080 0.30062204599380493
3165 3065 0.45622289180755615
3166 3066 0.29788944125175476
3167 3050 0.3098461329936981
3168 3134 0.6692925095558167
3170 3116 0.32012009620666504
3171 3117 0.5020639300346375
3173 3071 0.5802029371261597
3174 3081 0.43843990564346313
3175 3082 0.3470681309700012
3176 3108 0.5789929628372192
3177 3115 0.3634825646877289
3179 3089 0.369039386510849
3180 3122 0.4793702960014343
3181 3123 0.4191122353076935
3183 3135 0.3396949768066406
3185 3090 0.3147891163825989
3186 3091 0.30569708347320557
3188 3114 0.3952212929725647
3192 3118 0.39487770199775696
3193 3100 0.39770007133483887
3195 3121 0.3589078187942505
3196 3128 0.640079915523529
3197 3150 0.45161867141723633
3198 3129 0.6264551877975464
3199 3105 0.30081018805503845
3200 3152 0.29232364892959595
3202 3136 0.5694183111190796
3204 3124 0.46158042550086975
3205 3125 0.3183552026748657
3206 3112 0.32291555404663086
3208 3148 0.6312974691390991
3209 3149 0.6627642512321472
3210 3170 0.6030073165893555
3214 3137 0.43218994140625
3215 3120 0.5461793541908264
3216 3142 0.44918322563171387
3217 3169 0.6003671884536743
3220 3147 0.2994154989719391
3223 3133 0.3830605149269104
3225 3171 0.36329925060272217
3228 3151 0.5569873452186584
3230 3143 0.6107056140899658
3231 3132 0.4465598165988922
3232 3106 0.35043495893478394
3234 3156 0.768154501914978
3236 3179 0.4952554702758789
3242 3158 0.5016049742698669
3243 3191 0.42048224806785583
3247 3139 0.37750673294067383
3249 3177 0.41728442907333374
3251 3189 0.3493848145008087
3253 3226 0.39568817615509033
3257 3207 0.3980924189090729
3258 3211 0.2845051884651184
3261 3219 0.42417314648628235
3263 3221 0.31477832794189453
3264 3202 0.425313800573349
3266 3159 0.35528165102005005
3267 3154 0.36095431447029114
3270 3208 0.3290236294269562
3271 3209 0.3408885896205902
3273 3162 0.5115626454353333
3274 3187 0.3498482406139374
3276 3236 0.7703972458839417
3278 3228 0.294432669878006
3279 3200 0.32355520129203796
3280 3201 0.3526076078414917
3281 3212 0.3787270188331604
3285 3163 0.43590420484542847
3286 3155 0.3836732804775238
3289 3235 0.37310507893562317
3290 3255 0.3635924756526947
3295 3180 0.28988340497016907
3296 3174 0.5204746127128601
3297 3176 0.5280073285102844
3298 3185 0.39859768748283386
3299 3234 0.4448884427547455
3300 3225 0.3668973445892334
3303 3183 0.4169172942638397
3304 3205 0.5417868494987488
3305 3192 0.28468677401542664
3306 3245 0.6619266271591187
3307 3186 0.4537124037742615
3308 3196 0.47507765889167786
3309 3217 0.49154946208000183
3310 3232 0.3181925117969513
3311 3229 0.33782798051834106
3312 3214 0.341031014919281
3314 3184 0.29974061250686646
3316 3140 0.5014768242835999
3317 3233 0.4886637330055237
3318 3254 0.37272241711616516
3320 3257 0.2855582535266876
3321 3238 0.28983476758003235
3322 3213 0.3157729208469391
3326 3193 0.255378782749176
3327 3267 0.30362316966056824
3328 3268 0.36441347002983093
3329 3269 0.3149891197681427
3332 3215 0.3633955717086792
3335 3246 0.6303000450134277
3336 3275 0.33509767055511475
3337 3258 0.5643817782402039
3341 3230 0.3641883432865143
3342 3240 0.3126758933067322
3343 3216 0.30461621284484863
3344 3224 0.35552501678466797
3345 3282 0.49742624163627625
3347 3259 0.49430420994758606
3353 3251 0.31241509318351746
3355 3253 0.5415983200073242
3357 3289 0.40454351902008057
3358 3298 0.34804293513298035
3361 3270 0.3889017701148987
3366 3223 0.2721431851387024
3370 3287 0.2534027695655823
3379 3262 0.42357930541038513
3387 3263 0.2737623155117035
3389 3295 0.4086393713951111
3391 3305 0.3036075234413147
3398 3285 0.362453818321228
3399 3276 0.3764702379703522
3401 3266 0.32111138105392456
3403 3261 0.3794344961643219
3406 3272 0.28752219676971436
3409 3312 0.349962055683136
3410 3313 0.39735203981399536
3412 3318 0.4407166540622711
3413 3332 0.39143386483192444
3414 3333 0.39903202652931213
3415 3349 0.5600164532661438
3418 3277 0.3527303636074066
3419 3321 0.2982410788536072
3424 3301 0.30974921584129333
3425 3302 0.3071916103363037
3426 3323 0.33078521490097046
3427 3329 0.2714630365371704
3428 3344 0.32430681586265564
3429 3304 0.4212978780269623
3431 3288 0.3884103000164032
3432 3317 0.4326270818710327
3433 3325 0.41276130080223083
3435 3331 0.5918608903884888
3443 3334 0.2974216341972351
3446 3306 0.4276936650276184
3448 3265 0.287529319524765
3449 3348 0.4235045909881592
3450 3350 0.4199031889438629
3452 3337 0.46173056960105896
3453 3353 0.48107028007507324
3455 3330 0.47135359048843384
3456 3346 0.5010284185409546
3458 3359 0.4641902446746826
3459 3307 0.4742013216018677
3461 3328 0.254341185092926
3465 3294 0.260385125875473
3466 3279 0.29257941246032715
3467 3341 0.40047845244407654
3468 3360 0.3327208459377289
3472 3361 0.4248265326023102
3473 3351 0.33999738097190857
3474 3278 0.35677629709243774
3475 3365 0.35713884234428406
3477 3368 0.42710551619529724
3478 3402 0.3035096824169159
3482 3389 0.299172580242157
3483 3390 0.4027961492538452
3485 3367 0.45727962255477905
3487 3394 0.5039852261543274
3488 3403 0.3290936350822449
3490 3404 0.3177794814109802
3491 3319 0.4047461450099945
3492 3352 0.598895788192749
3493 3300 0.4125303030014038
3494 3340 0.4999573230743408
3495 3366 0.3936155140399933
3497 3395 0.3451102375984192
3498 3384 0.45842406153678894
3501 3376 0.30614373087882996
3502 3338 0.38825809955596924
3504 3339 0.5424915552139282
3506 3392 0.4752652645111084
3507 3426 0.30503222346305847
3508 3417 0.25142166018486023
3511 3396 0.4296727776527405
3517 3413 0.2799939215183258
3518 3405 0.2675575911998749
3521 3374 0.4744953513145447
3522 3343 0.38585326075553894
3525 3385 0.5240187644958496
3526 3386 0.5335617065429688
3527 3355 0.2996825873851776
3529 3363 0.4229758381843567
3530 3400 0.3447069525718689
3531 3412 0.4693078100681305
3532 3401 0.3779047727584839
3533 3448 0.5140489935874939
3534 3439 0.5168232917785645
3535 3440 0.4066050946712494
3536 3441 0.5328386425971985
3537 3449 0.5151301026344299
3539 3425 0.4340222179889679
3541 3451 0.43533921241760254
3545 3432 0.2939590811729431
3547 3391 0.44391068816185
3548 3436 0.7872922420501709
3549 3475 0.33877554535865784
3550 3462 0.46273520588874817
3552 3443 0.3148491680622101
3553 3444 0.27006399631500244
3554 3445 0.2574841380119324
3555 3456 0.2572210133075714
3557 3446 0.40892669558525085
3559 3419 0.42536044120788574
3560 3377 0.2872229218482971
3561 3378 0.40120208263397217
3563 3409 0.40423154830932617
3564 3467 0.28130432963371277
3565 3458 0.3700098991394043
3567 3469 0.28544989228248596
3569 3461 0.583682119846344
3570 3437 0.4694546163082123
3571 3478 0.43564364314079285
3572 3488 0.383755624294281
3573 3489 0.47838518023490906
3574 3473 0.25266051292419434
3575 3455 0.37872591614723206
3578 3459 0.3381306529045105
3579 3424 0.26368170976638794
3582 3420 0.30161651968955994
3583 3406 0.32587993144989014
3585 3466 0.3410794734954834
3590 3486 0.3594113290309906
3591 3479 0.5639820098876953
3592 3504 0.3460719585418701
3595 3493 0.3260306715965271
3596 3485 0.4556615352630615
3597 3512 0.33902862668037415
3598 3518 0.3944726884365082
3599 3408 0.4418908655643463
3600 3494 0.3642268776893616
3604 3519 0.3063811957836151
3606 3427 0.35747039318084717
3607 3464 0.4566877782344818
3608 3428 0.2921505868434906
3609 3422 0.5014117360115051
3610 3491 0.31457364559173584
3612 3510 0.3847622573375702
3614 3533 0.3346240818500519
3615 3513 0.46427834033966064
3616 3536 0.4176037013530731
3620 3442 0.5338299870491028
3622 3507 0.2579503655433655
3623 3530 0.31397300958633423
3627 3429 0.3882662355899811
3628 3430 0.6526682376861572
3631 3508 0.5329494476318359
3632 3543 0.35433658957481384
3633 3534 0.25159963965415955
3634 3551 0.5187115669250488
3635 3552 0.4070466160774231
3641 3483 0.3865405023097992
3643 3399 0.25607800483703613
3644 3503 0.259777694940567
3647 3542 0.5853952169418335
3651 3572 0.30386272072792053
3653 3573 0.3362590968608856
3654 3535 0.2745385468006134
3655 3553 0.31624579429626465
3662 3482 0.3236940801143646
3663 3476 0.37231990694999695
3667 3502 0.5568997263908386
3668 3568 0.3947173058986664
3669 3582 0.5165621638298035
3671 3574 0.3305874764919281
3678 3499 0.32673195004463196
3679 3580 0.29060834646224976
3680 3548 0.2598453462123871
3681 3567 0.2724441587924957
3683 3569 0.4190155267715454
3684 3583 0.35718584060668945
3686 3575 0.26025083661079407
3693 3581 0.45506659150123596
3695 3570 0.7911269664764404
3696 3612 0.3147059679031372
3697 3613 0.329756498336792
3698 3648 0.3991800844669342
3701 3585 0.2559368908405304
3704 3497 0.25859150290489197
3706 3498 0.4664320945739746
3708 3506 0.42682862281799316
3709 3528 0.8482593297958374
3712 3591 0.3276911973953247
3713 3603 0.2694578766822815
3714 3592 0.3712664842605591
3715 3607 0.38230395317077637
3716 3621 0.37983348965644836
3717 3609 0.5646294355392456
3718 3611 0.4701589345932007
3724 3526 0.3065933883190155
3728 3602 0.28822061419487
3729 3565 0.25392869114875793
3730 3645 0.3086870014667511
3731 3622 0.3612894117832184
3732 3623 0.33010703325271606
3733 3635 0.35230106115341187
3734 3610 0.5614088773727417
3737 3557 0.45405781269073486
3738 3514 0.4637265205383301
3739 3522 0.39560744166374207
3740 3524 0.7863842844963074
3744 3620 0.32955530285835266
3748 3606 0.2749074399471283
3750 3608 0.546201229095459
3751 3636 0.5275890231132507
3753 3637 0.2745445668697357
3756 3537 0.2638809382915497
3759 3665 0.42283910512924194
3766 3527 0.3021978437900543
3768 3646 0.35449543595314026
3770 3670 0.4186432659626007
3773 3558 0.49071621894836426
3774 3579 0.39218828082084656
3778 3657 0.39130547642707825
3779 3644 0.25044766068458557
3784 3647 0.32680612802505493
3787 3682 0.523700475692749
3791 3625 0.30605295300483704
3793 3576 0.307008296251297
3795 3539 0.30206817388534546
3796 3599 0.27601155638694763
3797 3664 0.5142455697059631
3800 3666 0.5166380405426025
3801 3667 0.5586055517196655
3802 3668 0.36442214250564575
3803 3678 0.4004555344581604
3805 3683 0.25173741579055786
3807 3627 0.2742886245250702
3809 3588 0.25168004631996155
3810 3560 0.41146865487098694
3811 3658 0.3387093245983124
3812 3669 0.27780386805534363
3813 3703 0.2932104170322418
3814 3697 0.30465689301490784
3815 3705 0.3530268669128418
3817 3631 0.3509088456630707
3819 3642 0.34414035081863403
3821 3720 0.30759909749031067
3823 3680 0.30686572194099426
3825 3704 0.5011928081512451
3826 3624 0.28390538692474365
3827 3725 0.6509774327278137
3831 3744 0.3084504008293152
3832 3597 0.30459094047546387
3833 3559 0.49268099665641785
3834 3632 0.26935869455337524
3843 3630 0.3917827010154724
3844 3577 0.3057066798210144
3845 3616 0.3267977237701416
3846 3695 0.2622910141944885
3847 3719 0.3372221887111664
3848 3721 0.5289684534072876
3849 3741 0.33722636103630066
3850 3743 0.26493242383003235
3851 3724 0.2800719141960144
3855 3629 0.31534409523010254
3856 3641 0.2702028453350067
3857 3662 0.26457491517066956
3858 3722 0.32655033469200134
3865 3677 0.313045859336853
3866 3663 0.2997114658355713
3868 3716 0.4503202736377716
3871 3755 0.39840272068977356
3874 3615 0.3911972641944885
3875 3673 0.3026593029499054
3876 3639 0.33691585063934326
3877 3656 0.5228217244148254
3878 3692 0.5696312189102173
3879 3735 0.28196585178375244
3880 3715 0.2721782326698303
3881 3736 0.3881966173648834
3882 3740 0.5796852707862854
3883 3717 0.3846738338470459
3884 3780 0.36018267273902893
3885 3781 0.315180242061615
3886 3783 0.25909334421157837
3889 3672 0.2555598020553589
3891 3676 0.46112287044525146
3892 3702 0.4103267788887024
3893 3794 0.3362433612346649
3894 3737 0.3302924931049347
3895 3797 0.7477656602859497
3896 3831 0.41888368129730225
3897 3815 0.4497305750846863
3899 3628 0.6263745427131653
3901 3654 0.31579309701919556
3902 3675 0.26780980825424194
3906 3739 0.6920584440231323
3907 3754 0.292507141828537
3908 3718 0.3474811017513275
3910 3778 0.2748086154460907
3911 3782 0.43926650285720825
3912 3807 0.3855428099632263
3914 3674 0.3390185832977295
3916 3775 0.29326996207237244
3917 3776 0.3143640160560608
3919 3753 0.3446260988712311
3923 3728 0.40597662329673767
3925 3652 0.3248286843299866
3927 3698 0.28605377674102783
3928 3707 0.3466133177280426
3929 3701 0.34501051902770996
3930 3752 0.3965078890323639
3931 3734 0.6288464665412903
3932 3857 0.298124760389328
3933 3829 0.39452800154685974
3939 3761 0.2834700644016266
3940 3777 0.3988091051578522
3941 3765 0.29548585414886475
3942 3766 0.29235655069351196
3944 3814 0.3756346106529236
3945 3832 0.31763315200805664
3946 3850 0.3834461271762848
3949 3687 0.9102768301963806
3952 3772 0.26268377900123596
3955 3732 0.34141209721565247
3957 3713 0.30486151576042175
3960 3806 0.3780929446220398
3962 3796 0.35827893018722534
3963 3848 0.35467907786369324
3967 3769 0.4531852602958679
3968 3770 0.3532346487045288
3969 3711 0.34990763664245605
3970 3729 0.3799530267715454
3971 3730 0.34801504015922546
3972 3749 0.3378863036632538
3973 3750 0.3656569719314575
3975 3805 0.5295175909996033
3977 3861 0.286965012550354
3978 3849 0.38100966811180115
3980 3784 0.2975711524486542
3982 3746 0.34277284145355225
3983 3747 0.2981318533420563
3986 3759 0.46298593282699585
3988 3813 0.49233388900756836
3990 3840 0.4689217209815979
3991 3847 0.5138049125671387
3992 3901 0.3090522587299347
3995 3799 0.32489001750946045
3996 3745 0.3758467435836792
3997 3758 0.2550504505634308
3998 3791 0.2623838186264038
4000 3773 0.36895421147346497
4001 3760 0.36274048686027527
4003 3875 0.25750795006752014
4006 3830 0.5774897336959839
4007 3860 0.35131701827049255
4008 3877 0.3428398668766022
4010 3890 0.3142741024494171
4014 3771 0.3533020317554474
4015 3748 0.3403986990451813
4019 3859 0.3641393482685089
4020 3817 0.2552981972694397
4021 3790 0.4063887894153595
4024 3803 0.2856805622577667
4026 3886 0.4021543860435486
4027 3887 0.34749868512153625
4030 3833 0.530648946762085
4031 3802 0.32412251830101013
4033 3825 0.31380030512809753
4035 3828 0.25024664402008057
4037 3810 0.4331129491329193
4038 3881 0.4682040512561798
4039 3882 0.4842546582221985
4043 3786 0.3902854323387146
4044 3787 0.6065358519554138
4045 3821 0.3466351330280304
4046 3855 0.2725655436515808
4048 3827 0.32645225524902344
4050 3811 0.35372987389564514
4055 3902 0.5555030703544617
4056 3903 0.4592927098274231
4059 3839 0.39607328176498413
4063 3883 0.5931520462036133
4064 3916 0.3639352321624756
4065 3917 0.2935030460357666
4066 3904 0.26581060886383057
4069 3757 0.36231866478919983
4073 3915 0.2537863254547119
4075 3945 0.3347073793411255
4076 3947 0.39489349722862244
4081 3820 0.4525930881500244
4082 3837 0.40105557441711426
4083 3845 0.3467346429824829
4085 3899 0.265423059463501
4086 3939 0.330643892288208
4089 3946 0.3866717517375946
4091 3948 0.39442041516304016
4092 3929 0.40390321612358093
4096 3835 0.2910149395465851
4097 3844 0.44098320603370667
4099 3880 0.3119922876358032
4101 3936 0.3010099232196808
4102 3940 0.25214970111846924
4103 3912 0.3784998953342438
4104 3884 0.3535642623901367
4106 3927 0.5551959276199341
4107 3994 0.32962194085121155
4108 3928 0.31163129210472107
4112 3843 0.33422157168388367
4114 3846 0.32549601793289185
4115 3856 0.3750840723514557
4117 3869 0.3856123089790344
4118 3870 0.30038362741470337
4119 3871 0.25572606921195984
4120 3872 0.33144769072532654
4121 3934 0.32528501749038696
4122 3963 0.2518810033798218
4123 3941 0.251277357339859
4124 3914 0.3606927990913391
4127 3966 0.3050418198108673
4129 3967 0.3515419065952301
4134 3865 0.49303165078163147
4135 3867 0.3060275614261627
4136 3879 0.306793749332428
4140 3921 0.33150017261505127
4142 3973 0.2796926200389862
4143 3976 0.36052635312080383
4144 3977 0.27218759059906006
4145 3978 0.30289262533187866
4146 3991 0.3311033248901367
4147 3993 0.36234667897224426
4148 3979 0.35082384943962097
4151 3892 0.2639559507369995
4152 3972 0.26038315892219543
4153 3987 0.3180156648159027
4154 4013 0.4116264283657074
4158 3975 0.5470901131629944
4159 3992 0.5210715532302856
4163 3834 0.2903396487236023
4165 3971 0.2738294005393982
4166 4014 0.32272467017173767
4168 3926 0.2788419723510742
4169 3964 0.3045000433921814
4170 4028 0.33966097235679626
4174 3905 0.27115151286125183
4176 3919 0.5768044590950012
4177 3893 0.326673686504364
4178 4012 0.2827680706977844
4179 3989 0.27857455611228943
4180 4076 0.29254063963890076
4181 4026 0.29547879099845886
4183 4038 0.42313316464424133
4187 3909 0.34237295389175415
4188 3895 0.469861775636673
4189 3974 0.3746057450771332
4190 4036 0.4696453809738159
4191 4027 0.3195098042488098
4192 4037 0.40306246280670166
4200 3891 0.3536789119243622
4202 4022 0.3625156879425049
4206 4025 0.38629692792892456
4207 3990 0.43449389934539795
4208 4035 0.6046646237373352
4211 4042 0.5250406861305237
4212 4043 0.5529211759567261
4216 3931 0.36998698115348816
4217 3956 0.3097628057003021
4218 3959 0.380463570356369
4219 4011 0.3003813326358795
4220 4033 0.3615399897098541
4221 4040 0.5430293679237366
4222 4054 0.7349310517311096
4225 4041 0.28849783539772034
4226 4056 0.2876576781272888
4229 3957 0.29737937450408936
4230 3958 0.3232572674751282
4231 3984 0.5777337551116943
4234 4071 0.46351075172424316
4235 4060 0.28944915533065796
4241 3981 0.5544482469558716
4242 3996 0.42426052689552307
4243 3997 0.37020155787467957
4244 3982 0.3479788601398468
4245 4015 0.2653838098049164
4246 3930 0.4057536721229553
4247 3952 0.6430817246437073
4248 3953 0.41456139087677
4250 3969 0.45196855068206787
4251 3985 0.41856542229652405
4252 3986 0.4683067798614502
4253 4053 0.29183173179626465
4254 4031 0.40321779251098633
4255 4055 0.41147807240486145
4257 4068 0.5131785869598389
4260 4045 0.25507381558418274
4261 4008 0.3925950527191162
4262 4065 0.4267679750919342
4263 4067 0.32683855295181274
4265 4077 0.39179277420043945
4272 3955 0.36823782324790955
4273 3970 0.2527735233306885
4276 4094 0.6798595786094666
4277 4113 0.2575988173484802
4279 4121 0.30574312806129456
4280 4126 0.44105178117752075
4288 4046 0.32998740673065186
4289 3998 0.5746390223503113
4290 3999 0.4307538866996765
4291 4000 0.2879274785518646
4292 4002 0.3180265724658966
4293 4003 0.35834556818008423
4294 4006 0.30358147621154785
4295 4010 0.40721046924591064
4296 4074 0.5819840431213379
4297 4075 0.36612698435783386
4298 4112 0.4603275656700134
4300 4096 0.5168642401695251
4301 4078 0.3679787516593933
4302 4100 0.3912767469882965
4304 4102 0.4138985276222229
4309 4029 0.4030536115169525
4310 4004 0.3928194046020508
4313 4093 0.46220681071281433
4316 4101 0.2786351442337036
4317 4069 0.3879989981651306
4318 4123 0.37798190116882324
4322 4050 0.33626484870910645
4323 4111 0.34591686725616455
4324 4143 0.25723451375961304
4325 4114 0.2960573136806488
4326 4099 0.4971592426300049
4327 4120 0.3607591986656189
4329 4164 0.4491870701313019
4333 4105 0.5329504609107971
4335 4020 0.626139223575592
4336 4090 0.399295836687088
4337 4091 0.481968492269516
4339 4092 0.3126111924648285
4340 4119 0.37534457445144653
4341 4158 0.3439844846725464
4342 4162 0.3988528251647949
4343 4163 0.40038222074508667
4347 4057 0.32617655396461487
4348 4089 0.4223611056804657
4349 4184 0.47376736998558044
4351 4047 0.36470863223075867
4352 4049 0.5308727025985718
4356 4170 0.3603922724723816
4357 4159 0.3860972821712494
4358 4171 0.3810398280620575
4360 4063 0.5326181650161743
4361 4080 0.5985903143882751
4362 4155 0.3649713397026062
4363 4140 0.29224643111228943
4366 4167 0.4959251880645752
4368 4169 0.3500855565071106
4370 4161 0.27917030453681946
4371 4197 0.31831756234169006
4374 4104 0.4667097330093384
4375 4085 0.3673343062400818
4376 4086 0.5057040452957153
4377 4048 0.25917860865592957
4378 4058 0.42291775345802307
4379 4064 0.4435294270515442
4380 4073 0.5765377283096313
4381 4154 0.46848052740097046
4382 4181 0.3265428841114044
4384 4166 0.43381696939468384
4385 4208 0.4429486393928528
4387 4196 0.3094867169857025
4391 4106 0.337442547082901
4392 4192 0.4423723816871643
4394 4203 0.3033583164215088
4396 4185 0.3193727135658264
4398 4195 0.3472558259963989
4399 4229 0.5295968651771545
4402 4183 0.2600773870944977
4403 4204 0.47765031456947327
4404 4226 0.44801953434944153
4407 4103 0.33612218499183655
4410 4124 0.2971823215484619
4412 4201 0.4207782745361328
4413 4202 0.3845725953578949
4414 4236 0.46884703636169434
4415 4294 0.3573964238166809
4416 4237 0.5044285655021667
4418 4228 0.3009117543697357
4419 4241 0.3653324544429779
4422 4083 0.30633386969566345
4423 4131 0.349996417760849
4425 4087 0.29636579751968384
4426 4109 0.47330719232559204
4427 4151 0.4103572964668274
4428 4139 0.4027850329875946
4430 4222 0.3979656398296356
4431 4258 0.423293799161911
4432 4238 0.42194443941116333
4433 4224 0.2875257730484009
4434 4265 0.3943670094013214
4436 4239 0.33493247628211975
4437 4240 0.4203908145427704
4439 4211 0.2525525689125061
4441 4134 0.4178538918495178
4442 4135 0.2994823157787323
4443 4136 0.36360010504722595
4444 4137 0.6254147291183472
4445 4235 0.46988505125045776
4446 4278 0.4369897246360779
4447 4245 0.32879403233528137
4448 4247 0.40847843885421753
4450 4298 0.4282679557800293
4451 4267 0.4873490035533905
4453 4285 0.4538768529891968
4454 4149 0.2872651219367981
4455 4200 0.35236021876335144
4457 4219 0.4576827585697174
4462 4246 0.36350128054618835
4463 4225 0.4109271168708801
4464 4249 0.4100584089756012
4465 4147 0.27501940727233887
4467 4189 0.2863144278526306
4468 4148 0.3313225507736206
4469 4150 0.2751133143901825
4471 4216 0.2802656292915344
4472 4271 0.2783002555370331
4473 4180 0.27695658802986145
4474 4153 0.3241509795188904
4475 4257 0.3288416862487793
4476 4281 0.2910718321800232
4477 4282 0.25319936871528625
4478 4283 0.3735390901565552
4479 4333 0.36399737000465393
4480 4286 0.36527636647224426
4484 4179 0.4124170243740082
4485 4191 0.35799238085746765
4488 4299 0.47246748208999634
4494 4175 0.26288625597953796
4498 4279 0.3725159466266632
4500 4280 0.39033642411231995
4502 4295 0.26516902446746826
4503 4318 0.3659224212169647
4504 4231 0.25713714957237244
4505 4218 0.45741569995880127
4506 4313 0.29563748836517334
4507 4315 0.40152475237846375
4508 4264 0.2702319622039795
4509 4343 0.2938750088214874
4510 4320 0.37247225642204285
4513 4198 0.33990174531936646
4515 4314 0.3582960069179535
4518 4317 0.2554732859134674
4524 4307 0.6211125254631042
4525 4242 0.42309606075286865
4526 4291 0.4597844183444977
4527 4251 0.3008948266506195
4528 4212 0.31991714239120483
4530 4213 0.3022635579109192
4531 4214 0.2534496486186981
4532 4215 0.28289079666137695
4535 4232 0.3434390425682068
4536 4233 0.4042835831642151
4537 4303 0.42328372597694397
4538 4309 0.2516210079193115
4540 4310 0.3428209125995636
4541 4325 0.2834973633289337
4542 4326 0.422307550907135
4544 4316 0.3940538465976715
4545 4328 0.36214008927345276
4546 4329 0.3807052969932556
4548 4331 0.26570644974708557
4551 4269 0.27415943145751953
4553 4336 0.3049249053001404
4554 4337 0.31644973158836365
4557 4244 0.2671060860157013
4559 4255 0.4286585748195648
4560 4272 0.35510823130607605
4561 4256 0.3957017660140991
4563 4347 0.27558863162994385
4569 4301 0.25985822081565857
4570 4302 0.3647114038467407
4571 4253 0.2552465796470642
4572 4270 0.4015856385231018
4573 4274 0.2657477557659149
4574 4275 0.2793863117694855
4575 4276 0.3707467317581177
4576 4340 0.3523450791835785
4577 4323 0.35069337487220764
4578 4341 0.38201022148132324
4579 4346 0.3286764621734619
4580 4342 0.3840184807777405
4581 4360 0.3218861520290375
4586 4355 0.3929842710494995
4587 4356 0.42281651496887207
4588 4357 0.3279428780078888
4589 4390 0.8149776458740234
4591 4306 0.3962542414665222
4592 4308 0.46322086453437805
4600 4344 0.3382661044597626
4602 4398 0.4729110598564148
4604 4380 0.39504945278167725
4605 4372 0.3809402883052826
4606 4384 0.44022393226623535
4607 4385 0.3686861991882324
4608 4373 0.2983258366584778
4614 4359 0.38872233033180237
4615 4379 0.46055853366851807
4620 4401 0.27148088812828064
4627 4383 0.7255629301071167
4628 4397 0.26203298568725586
4631 4345 0.36794716119766235
4632 4399 0.4372290074825287
4633 4400 0.3075111210346222
4634 4404 0.2860810458660126
4635 4394 0.25686901807785034
4639 4363 0.33059534430503845
4640 4353 0.34621256589889526
4641 4388 0.5185631513595581
4650 4378 0.3567143678665161
4651 4382 0.34462282061576843
4656 4377 0.31840986013412476
4658 4418 0.40990281105041504
4659 4419 0.26658186316490173
4661 4425 0.3444066345691681
4662 4381 0.45438703894615173
4671 4402 0.2888146638870239
4674 4417 0.2592807114124298
4675 4403 0.6158277988433838
4676 4433 0.42633676528930664
4680 4436 0.3222203254699707
4682 4444 0.38921234011650085
4683 4413 0.3086840510368347
4684 4435 0.3182189166545868
4686 4429 0.26937335729599
4687 4432 0.3512634038925171
4690 4431 0.395947128534317
4692 4452 0.3177494704723358
4695 4448 0.4457497000694275
4698 4406 0.582493782043457
4699 4439 0.2686724364757538
4713 4423 0.3136345446109772
4714 4451 0.4041286110877991
4717 4446 0.3488560914993286
4720 4461 0.26970210671424866
4721 4467 0.32097023725509644
4723 4427 0.35076698660850525
4724 4458 0.28025707602500916
4725 4466 0.30404967069625854
4726 4462 0.2852756977081299
4728 4428 0.773411750793457
4729 4463 0.36782366037368774
4730 4459 0.40750882029533386
4739 4487 0.2766738533973694
4744 4485 0.28795522451400757
4752 4491 0.42890802025794983
4753 4475 0.425944983959198
4755 4455 0.7210069894790649
4756 4456 0.27696502208709717
4758 4494 0.34983089566230774
4759 4493 0.39925432205200195
4761 4469 0.34515631198883057
4762 4501 0.4933811128139496
4768 4477 0.5577341914176941
4769 4476 0.4022345542907715
4771 4506 0.4576081335544586
4777 4492 0.4059019088745117
4778 4482 0.27902817726135254
4780 4488 0.31227508187294006
4785 4529 0.2998083829879761
4786 4525 0.3497241735458374
4788 4499 0.3334845304489136
4790 4528 0.6155130863189697
4792 4503 0.5983368754386902
4793 4504 0.6093913912773132
4794 4505 0.4549546241760254
4795 4510 0.2586427927017212
4796 4530 0.722987949848175
4800 4519 0.34301745891571045
4802 4524 0.3705533742904663
4803 4535 0.45126476883888245
4804 4536 0.3354727327823639
4807 4520 0.4655357301235199
4809 4522 0.40754926204681396
4811 4517 0.597886860370636
4812 4523 0.2878069579601288
4813 4542 0.4179523289203644
4817 4541 0.3605545461177826
4818 4537 0.2795902192592621
4820 4548 0.48358914256095886
4823 4552 0.32269299030303955
4826 4550 0.3611202836036682
4829 4551 0.30215200781822205
4831 4546 0.38177022337913513
4832 4556 0.47455283999443054
4833 4560 0.5496405959129333
4834 4553 0.36692044138908386
4835 4547 0.4358859360218048
4841 4544 0.4700204133987427
4842 4573 0.26667237281799316
4844 4563 0.2988343834877014
4845 4565 0.46127063035964966
4846 4569 0.40123844146728516
4849 4540 0.31175464391708374
4850 4570 0.3991256654262543
4851 4571 0.4939705729484558
4852 4572 0.41245007514953613
4855 4577 0.3155408501625061
4856 4579 0.32507163286209106
4858 4582 0.31179866194725037
4859 4545 0.3063940405845642
4861 4558 0.5073140263557434
4862 4559 0.45931458473205566
4863 4598 0.3736320734024048
4866 4586 0.2595003843307495
4867 4587 0.4504774808883667
4868 4588 0.41281288862228394
4869 4589 0.401845782995224
4870 4557 0.9084183573722839
4872 4611 0.29812389612197876
4875 4576 0.4040384590625763
4876 4620 0.36265987157821655
4877 4599 0.28662174940109253
4880 4607 0.34401270747184753
4881 4623 0.5786684155464172
4884 4574 0.3948012590408325
4886 4585 0.3693879544734955
4887 4575 0.43952253460884094
4888 4632 0.25610071420669556
4892 4624 0.4428683817386627
4893 4593 0.47413891553878784
4894 4594 0.37322288751602173
4898 4591 0.39195945858955383
4901 4627 0.27412936091423035
4902 4628 0.35559114813804626
4904 4596 0.30817902088165283
4905 4592 0.30057674646377563
4906 4647 0.2581041753292084
4907 4648 0.2660358250141144
4910 4641 0.2805159091949463
4911 4635 0.32913506031036377
4913 4604 0.3709532618522644
4914 4640 0.33907032012939453
4916 4643 0.38628512620925903
4919 4616 0.25022515654563904
4921 4653 0.2956964373588562
4923 4615 0.2527284622192383
4924 4656 0.31055670976638794
4927 4609 0.3511559069156647
4928 4625 0.31667372584342957
4929 4619 0.3277105689048767
4930 4617 0.26341453194618225
4932 4618 0.27613741159439087
4937 4583 0.3062450587749481
4939 4661 0.3223211467266083
4943 4650 0.4325127899646759
4944 4662 0.4801476299762726
4946 4636 0.4266621470451355
4947 4637 0.2685737907886505
4948 4638 0.5084323883056641
4949 4652 0.3975328505039215
4950 4670 0.28775373101234436
4956 4679 0.2564944624900818
4961 4646 0.3076319694519043
4964 4675 0.2882445454597473
4965 4654 0.3402085304260254
4966 4668 0.2515065670013428
4968 4680 0.3089120090007782
4970 4681 0.3660522699356079
4971 4691 0.3163739740848541
4979 4666 0.2780294120311737
4991 4676 0.3068584203720093
4992 4704 0.27898693084716797
5002 4705 0.3577268421649933
5003 4674 0.345303475856781
5006 4693 0.31738635897636414
5009 4678 0.26805076003074646
5011 4687 0.32297283411026
5034 4706 0.4287804067134857
5036 4710 0.286702960729599
5038 4709 0.6193510293960571
5039 4716 0.9688284397125244
5040 4712 0.3499520421028137
5043 4714 0.2913651168346405
5044 4708 0.4499901235103607
5048 4717 0.3487852215766907
5053 4718 0.5856855511665344
5056 4724 0.33108627796173096
5057 4723 0.32028958201408386
5059 4726 0.3275693356990814
5061 4730 0.4968108832836151
5064 4731 0.3271591067314148
5067 4732 0.36002951860427856
5068 4733 0.3691513240337372
5069 4734 0.5430459380149841
