2100
4 59 0.29777979850769043
11 62 0.2856042683124542
12 64 0.33845973014831543
13 65 0.4523178040981293
15 68 0.29652073979377747
21 74 0.28561490774154663
32 82 0.41082873940467834
42 93 0.28593429923057556
85 119 0.32290971279144287
88 173 0.3439169228076935
91 122 0.3390486538410187
93 132 0.37918850779533386
94 128 0.38405656814575195
95 123 0.2828357517719269
97 133 0.38375815749168396
101 151 0.26044797897338867
105 153 0.2756367325782776
108 168 0.2912898063659668
113 184 0.3038351833820343
120 182 0.26317474246025085
122 171 0.32621821761131287
125 198 0.29390665888786316
127 175 0.30990344285964966
137 208 0.3314521312713623
139 216 0.5686585903167725
140 207 0.310909628868103
144 215 0.27867448329925537
146 239 0.3072771728038788
148 230 0.31184178590774536
156 231 0.28529882431030273
157 232 0.2585057020187378
166 238 0.3246441185474396
176 258 0.3479772210121155
177 266 0.27695393562316895
182 257 0.4792806804180145
186 255 0.3379240036010742
187 282 0.46655574440956116
191 274 0.3508901000022888
192 275 0.44123855233192444
196 308 0.27458542585372925
210 307 0.32783904671669006
211 325 0.2927379310131073
213 341 0.3971395194530487
227 338 0.40967613458633423
234 335 0.2576840817928314
236 383 0.3324604332447052
243 370 0.2824074625968933
245 405 0.268551766872406
249 306 0.4854494631290436
250 403 0.33886635303497314
251 404 0.2969338893890381
259 407 0.30665451288223267
261 380 0.36151930689811707
263 381 0.6585102677345276
266 401 0.3193717896938324
270 398 0.4326031506061554
277 428 0.28210678696632385
278 429 0.2665419578552246
287 427 0.29486316442489624
296 466 0.37196534872055054
303 477 0.3462895154953003
307 468 0.2971956431865692
312 458 0.4396495521068573
315 474 0.40666404366493225
325 377 0.688420832157135
327 457 0.252633273601532
328 439 0.36241957545280457
329 495 0.3550567626953125
330 497 0.30535441637039185
332 388 0.2827850580215454
339 504 0.33561834692955017
340 519 0.3186149001121521
341 378 0.520763099193573
350 411 0.4077226221561432
351 422 0.595663845539093
358 570 0.2512517273426056
360 461 0.3049778342247009
361 448 0.37571951746940613
367 423 0.5278441905975342
370 502 0.35817950963974
375 510 0.4834854006767273
376 518 0.541749119758606
382 470 0.32767871022224426
388 471 0.3724498748779297
389 491 0.440518319606781
391 591 0.2582479417324066
395 484 0.30647411942481995
398 592 0.298564076423645
399 580 0.2866417169570923
422 490 0.4259551465511322
423 514 0.5993854999542236
431 482 0.25657373666763306
432 539 0.30434995889663696
440 609 0.4180516004562378
444 575 0.2563895583152771
452 542 0.4806777238845825
456 547 0.2961098551750183
457 548 0.36168378591537476
458 549 0.5022157430648804
461 643 0.2864225506782532
467 550 0.3722716271877289
468 588 0.28930896520614624
474 656 0.4289493262767792
478 566 0.30153197050094604
485 690 0.28358471393585205
490 615 0.2767121195793152
491 629 0.391009658575058
492 630 0.329274445772171
496 661 0.3049027919769287
497 689 0.6567379236221313
506 589 0.38434016704559326
508 701 0.3166305422782898
514 587 0.40955424308776855
518 708 0.5683798789978027
521 669 0.3114446997642517
522 670 0.3387548625469208
524 616 0.43588924407958984
530 671 0.4400644302368164
531 638 0.39755406975746155
532 673 0.6068529486656189
536 651 0.6425532698631287
558 640 0.3156302273273468
559 652 0.2563110888004303
564 697 0.2886458933353424
566 760 0.46330922842025757
568 674 0.2731945216655731
572 762 0.39212357997894287
578 688 0.2970044016838074
579 681 0.2929990887641907
580 759 0.4626989960670471
581 790 0.42555075883865356
586 731 0.3772425651550293
587 680 0.40556758642196655
588 698 0.5379045009613037
592 745 0.8477675914764404
593 685 0.26321589946746826
594 687 0.43656402826309204
595 699 0.3522432744503021
598 791 0.3437464237213135
599 820 0.32186898589134216
602 716 0.5460225939750671
605 700 0.5016087889671326
606 706 0.28205406665802
607 815 0.26583850383758545
608 827 0.3176579773426056
611 751 0.4384441077709198
612 752 0.3232335150241852
613 732 0.28013548254966736
614 733 0.7089810967445374
622 738 0.36303049325942993
623 722 0.38656261563301086
626 734 0.3495331108570099
628 721 0.3838537037372589
629 737 0.4601309299468994
630 740 0.3968268036842346
632 789 0.2589918076992035
633 813 0.2981750965118408
635 845 0.25395968556404114
636 864 0.3227434456348419
637 865 0.28350549936294556
639 736 0.7340099215507507
643 814 0.3236551880836487
645 855 0.2833276391029358
648 777 0.3897598385810852
650 779 0.7356006503105164
651 769 0.33823126554489136
654 718 0.27828726172447205
656 899 0.34319087862968445
658 778 0.35270750522613525
660 739 0.31130215525627136
665 896 0.25695428252220154
666 898 0.2889874279499054
668 772 0.4061353802680969
675 844 0.6295311450958252
678 770 0.27490824460983276
682 915 0.29303568601608276
691 882 0.6488304734230042
692 916 0.35224127769470215
696 945 0.28587132692337036
699 780 0.40735262632369995
704 806 0.35365161299705505
706 836 0.36997321248054504
708 822 0.9468685388565063
709 807 0.30464380979537964
710 838 0.5783621668815613
713 597 0.2574802041053772
717 837 0.30008241534233093
729 823 0.600095272064209
730 771 0.33704277873039246
736 873 0.3751470148563385
740 889 0.2543433904647827
741 850 0.3713500499725342
753 922 0.36820727586746216
754 861 0.3410167098045349
756 875 0.3053491711616516
758 905 0.28537747263908386
759 890 0.3448871672153473
761 851 0.34435606002807617
762 874 0.48480451107025146
774 862 0.3462049663066864
791 930 0.27863726019859314
796 895 0.304708331823349
803 859 0.326083242893219
804 894 0.2881777584552765
808 947 0.32626768946647644
809 971 0.46076372265815735
810 938 0.43799442052841187
811 939 0.4184061884880066
812 940 0.5274869203567505
813 892 0.3111896812915802
820 954 0.3088313043117523
821 941 0.3295150697231293
822 908 0.30022668838500977
825 884 0.31180399656295776
834 956 0.3025450110435486
835 969 0.317339152097702
836 949 0.3146798610687256
842 990 0.29343026876449585
845 957 0.3186018466949463
846 942 0.264165461063385
853 992 0.35942503809928894
856 973 0.2843044698238373
863 1027 0.5096275210380554
864 993 0.6465370059013367
871 982 0.49224328994750977
873 974 0.47201216220855713
879 1037 0.3763388395309448
892 955 0.357146680355072
897 1005 0.32616162300109863
900 1030 0.42996013164520264
905 1028 0.5297529697418213
906 983 0.3333115577697754
914 1038 0.40740469098091125
920 1039 0.5248024463653564
922 1020 0.302750825881958
923 1006 0.8848000168800354
931 1050 0.32876768708229065
939 1078 0.3595930337905884
941 1061 0.3450782895088196
943 1062 0.383303165435791
948 863 0.2627178430557251
950 853 0.2570459246635437
961 1083 0.3919609487056732
968 1084 0.3219214677810669
969 1085 0.32415005564689636
972 1086 0.42550164461135864
974 1040 0.3924112617969513
980 1227 0.32238754630088806
986 876 0.2768710255622864
987 924 0.2860625088214874
992 1116 0.327078640460968
1000 1126 0.3403467833995819
1003 1107 0.43818995356559753
1010 1096 0.35461851954460144
1011 1090 0.311117559671402
1015 925 0.5713668465614319
1017 926 0.28723031282424927
1020 1063 0.2604387700557709
1025 1097 0.35874801874160767
1026 1133 0.3665965795516968
1027 1146 0.26152119040489197
1033 1127 0.28208500146865845
1035 1202 0.2575853168964386
1038 1144 0.325980007648468
1040 1108 0.34373462200164795
1046 1154 0.4130385220050812
1047 1129 0.623889684677124
1048 1109 0.25181686878204346
1053 975 0.3454335629940033
1054 959 0.279752641916275
1055 1147 0.3806515634059906
1059 1128 0.28248369693756104
1062 1171 0.30790022015571594
1063 1172 0.4520176649093628
1065 1155 0.32601359486579895
1066 1156 0.26730892062187195
1070 1153 0.2816457748413086
1073 995 0.2927270531654358
1075 1195 0.46246474981307983
1077 1189 0.2880936563014984
1080 1180 0.40397679805755615
1081 1181 0.3203274607658386
1082 1157 0.37889787554740906
1083 1159 0.3716317117214203
1084 1166 0.307017058134079
1087 1002 0.4112034738063812
1091 1207 0.32125595211982727
1092 1190 0.39210227131843567
1093 1208 0.3483022451400757
1094 1192 0.3483690321445465
1095 1193 0.5769034624099731
1096 1209 0.48561614751815796
1097 1194 0.34572625160217285
1099 1198 0.36809420585632324
1100 1174 0.4698944687843323
1102 1031 0.3769764304161072
1103 1266 0.3250831067562103
1110 1173 0.5303342938423157
1115 1267 0.4025146961212158
1116 1248 0.26125597953796387
1121 1250 0.26061320304870605
1122 1196 0.39797475934028625
1123 1215 0.3679819107055664
1124 1217 0.3681240677833557
1125 1218 0.37062159180641174
1127 1220 0.4766169488430023
1130 1293 0.3732186257839203
1131 1281 0.5867539644241333
1136 1216 0.3464867174625397
1139 1219 0.5261509418487549
1142 1282 0.2547995448112488
1146 1261 0.25294017791748047
1148 1309 0.3195265531539917
1151 1223 0.5148099064826965
1157 1241 0.3431149423122406
1159 1235 0.5924950838088989
1164 1240 0.2858069837093353
1165 1212 0.4087691605091095
1167 1244 0.34593895077705383
1172 1274 0.5560951828956604
1173 1242 0.2612774074077606
1174 1254 0.654818594455719
1179 1298 0.29392263293266296
1180 1289 0.32359686493873596
1181 1277 0.41409239172935486
1185 1300 0.31511712074279785
1186 1233 0.32850974798202515
1187 1275 0.41924816370010376
1190 1342 0.3273232877254486
1195 1318 0.2586827576160431
1196 1337 0.5057513117790222
1204 1319 0.2793612778186798
1205 1320 0.44872337579727173
1206 1321 0.4063771665096283
1207 1234 0.31462106108665466
1209 1112 0.8196175694465637
1213 1375 0.27439379692077637
1215 1263 0.3015265166759491
1217 1344 0.34793704748153687
1218 1416 0.2610131502151489
1219 1389 0.2650679051876068
1221 1322 0.31374314427375793
1226 1387 0.28981927037239075
1227 1388 0.30578774213790894
1229 1329 0.2533056437969208
1230 1349 0.4170866906642914
1231 1330 0.2515626847743988
1232 1323 0.4138334095478058
1238 1430 0.33062246441841125
1242 1333 0.3558635413646698
1243 1167 0.25244903564453125
1247 1391 0.4018748998641968
1249 1348 0.4465632438659668
1262 1310 0.3463882803916931
1263 1359 0.31404969096183777
1264 1312 0.3020906448364258
1268 1472 0.2772393226623535
1269 1487 0.30916959047317505
1272 1338 0.2795475423336029
1275 1339 0.2913784384727478
1276 1368 0.2565575838088989
1280 1474 0.37898534536361694
1282 1358 0.308051198720932
1283 1366 0.35907694697380066
1286 1183 0.3197042644023895
1290 1372 0.3254047632217407
1298 1350 0.28458768129348755
1299 1380 0.2838588058948517
1309 1367 0.3874535858631134
1310 1200 0.3835521936416626
1312 1225 0.28276321291923523
1317 1396 0.39015814661979675
1318 1419 0.3792528808116913
1322 1397 0.2855173945426941
1324 1406 0.311098575592041
1330 1450 0.40618225932121277
1336 1409 0.5660954117774963
1337 1440 0.4700580835342407
1338 1417 0.5386971235275269
1339 1410 0.3346703350543976
1340 1398 0.3770875632762909
1341 1360 0.38372817635536194
1347 1541 0.3743721842765808
1350 1414 0.30007123947143555
1351 1245 0.2933175265789032
1359 1441 0.5267212986946106
1360 1444 0.4353533387184143
1361 1423 0.2608329951763153
1368 1493 0.3151026964187622
1374 1399 0.37833964824676514
1378 1549 0.2827591598033905
1379 1550 0.25906887650489807
1384 1257 0.3460181653499603
1387 1265 0.32609474658966064
1390 1499 0.2603945732116699
1391 1461 0.6136434078216553
1392 1448 0.3795705735683441
1400 1439 0.6119304895401001
1401 1443 0.3004724383354187
1402 1452 0.2629339098930359
1403 1453 0.3432157635688782
1404 1421 0.32306310534477234
1407 1276 0.3809860646724701
1408 1506 0.2781217098236084
1415 1558 0.40344932675361633
1423 1525 0.28272545337677
1428 1467 0.5875166058540344
1430 1480 0.9058170318603516
1431 1489 0.3933074474334717
1432 1490 0.3737179636955261
1434 1501 0.3874417543411255
1435 1411 0.2609449625015259
1444 1500 0.40508943796157837
1445 1477 0.2503029704093933
1446 1502 0.34272217750549316
1447 1503 0.4037988483905792
1458 1446 0.26281681656837463
1460 1581 0.3973330855369568
1462 1476 0.3784858286380768
1476 1519 0.36672908067703247
1478 1510 0.3040491044521332
1479 1523 0.35398396849632263
1483 1492 0.29198458790779114
1486 1569 0.25431039929389954
1487 1548 0.29261791706085205
1495 1543 0.4702410101890564
1500 1545 0.390468955039978
1505 1633 0.32890474796295166
1511 1552 0.4152233600616455
1518 1555 0.6084314584732056
1525 1669 0.5285559296607971
1533 1530 0.45196595788002014
1534 1533 0.3414892554283142
1536 1520 0.2839755117893219
1538 1616 0.3146093487739563
1542 1667 0.3955387771129608
1543 1668 0.3861834704875946
1557 1553 0.525255560874939
1561 1653 0.30065417289733887
1562 1631 0.2634502053260803
1566 1720 0.3512731194496155
1577 1563 0.3980271518230438
1583 1645 0.38674256205558777
1584 1646 0.2640460729598999
1592 1574 0.4001257121562958
1593 1560 0.32414355874061584
1594 1561 0.32584261894226074
1595 1562 0.34213992953300476
1596 1564 0.40278923511505127
1599 1654 0.2894480526447296
1602 1700 0.49042147397994995
1606 1556 0.4753912687301636
1607 1599 0.5243306756019592
1609 1401 0.34287452697753906
1618 1621 0.2707825005054474
1619 1597 0.26732245087623596
1620 1770 0.32866737246513367
1627 1587 0.38389837741851807
1629 1588 0.712182343006134
1631 1623 0.4311537742614746
1637 1610 0.3118610978126526
1649 1714 0.33198580145835876
1652 1634 0.2722267806529999
1653 1650 0.2799127697944641
1654 1565 0.5341395735740662
1663 1640 0.34944745898246765
1664 1641 0.359254390001297
1666 1659 0.25629886984825134
1670 1698 0.2540716230869293
1672 1677 0.25901010632514954
1676 1685 0.294470876455307
1680 1715 0.3062000870704651
1681 1672 0.2814175486564636
1684 1673 0.2962592542171478
1697 1755 0.30639785528182983
1704 1637 0.37539753317832947
1705 1732 0.30171865224838257
1708 1766 0.3250691592693329
1709 1738 0.4865989685058594
1714 1813 0.2565886676311493
1715 1728 0.31306615471839905
1716 1705 0.2798161506652832
1718 1624 0.3032568097114563
1719 1684 0.28376463055610657
1720 1736 0.3254581391811371
1721 1789 0.3536226153373718
1722 1753 0.3409633934497833
1723 1754 0.3817148804664612
1724 1756 0.401675283908844
1725 1787 0.308231920003891
1727 1846 0.31259897351264954
1730 1862 0.27593207359313965
1733 1682 0.5295186042785645
1734 1651 0.32829803228378296
1735 1635 0.340171217918396
1736 1664 0.2875090539455414
1749 1823 0.26102012395858765
1754 1735 0.4136747717857361
1755 1696 0.4527303874492645
1756 1856 0.2879425883293152
1757 1857 0.3803888261318207
1760 1761 0.25990384817123413
1764 1751 0.46268755197525024
1765 1855 0.2632063627243042
1770 1729 0.35890713334083557
1771 1693 0.30014708638191223
1774 1733 0.332528293132782
1775 1749 0.346254825592041
1780 1829 0.3235175609588623
1784 1750 0.252165824174881
1786 1737 0.4148026406764984
1787 1752 0.29907673597335815
1790 1896 0.9536699056625366
1793 1727 0.8785677552223206
1795 1788 0.26214319467544556
1798 1785 0.5294403433799744
1801 1911 0.48647135496139526
1802 1927 0.354744017124176
1806 1800 0.28363123536109924
1810 1905 0.299265056848526
1815 1781 0.3363690972328186
1816 1730 0.2646758556365967
1817 1799 0.274268239736557
1819 1786 0.30415207147598267
1831 1955 0.28114205598831177
1832 1937 0.3261357843875885
1837 1601 0.278352290391922
1839 1880 0.5676171779632568
1841 1792 0.2528424859046936
1844 1795 0.36471351981163025
1851 1881 0.4244009554386139
1852 1852 0.3449993431568146
1859 1814 0.5437232255935669
1865 1841 0.3331250250339508
1870 1865 0.30728772282600403
1871 1818 0.40818172693252563
1874 1834 0.3326513469219208
1875 1849 0.5089980363845825
1876 1794 0.4104844927787781
1878 1878 0.3608648180961609
1880 1991 0.28860899806022644
1881 1992 0.27187755703926086
1882 2004 0.3575811982154846
1886 2006 0.38197997212409973
1888 2071 0.272127628326416
1892 1833 0.2978493869304657
1894 1885 0.3262770175933838
1895 1876 0.3170112669467926
1896 1850 0.3040409982204437
1897 1877 0.31390655040740967
1901 1936 0.2804565131664276
1904 1916 0.2534327507019043
1907 1886 0.298160582780838
1908 1902 0.28154614567756653
1910 1918 0.2698279321193695
1914 2024 0.49833551049232483
1918 2038 0.377561092376709
1919 2053 0.268507719039917
1921 1872 0.25609996914863586
1922 1874 0.39153504371643066
1925 1901 0.42913591861724854
1927 1888 0.28758034110069275
1935 1900 0.2619525194168091
1945 1967 0.4434126913547516
1957 2080 0.265044629573822
1960 1928 0.3176988661289215
1962 1985 0.5031707286834717
1964 1933 0.2745000720024109
1965 1934 0.3218168020248413
1971 2081 0.408423513174057
1972 2090 0.4745546579360962
1975 1917 0.2990824282169342
1977 1980 0.34071245789527893
1982 1966 0.3678755760192871
1983 1999 0.34939879179000854
1985 1943 0.28160735964775085
1986 2127 0.3695465326309204
1989 2014 0.44539105892181396
1991 1935 0.33104461431503296
1992 1950 0.3540423810482025
1995 2018 0.4262704849243164
1999 2072 0.31024736166000366
2002 1960 0.30201056599617004
2005 1986 0.46521884202957153
2006 1964 0.35045668482780457
2009 1951 0.3956368565559387
2010 1942 0.2700451910495758
2011 2019 0.28447669744491577
2013 2089 0.4849811792373657
2015 1949 0.4070202112197876
2019 2045 0.47610723972320557
2020 2034 0.309205561876297
2021 1932 0.2628817558288574
2023 1965 0.29497596621513367
2025 2047 0.5255712270736694
2026 2048 0.34409013390541077
2027 2049 0.28136953711509705
2031 2105 0.35995227098464966
2032 2135 0.4309987723827362
2034 1977 0.2560604214668274
2035 1987 0.5784956812858582
2036 1988 0.33687856793403625
2037 1989 0.28743502497673035
2038 2059 0.2537781000137329
2039 2061 0.30014365911483765
2040 2062 0.34794503450393677
2041 2046 0.3646029233932495
2043 2064 0.34995371103286743
2044 2116 0.26702558994293213
2048 1976 0.3375210762023926
2052 2016 0.4847851097583771
2054 2125 0.5278658270835876
2056 2033 0.3583318889141083
2058 2114 0.25006818771362305
2060 2078 0.3229500651359558
2069 2030 0.33396509289741516
2071 2031 0.39242175221443176
2072 1997 0.3116978704929352
2074 2086 0.273315966129303
2076 2145 0.35519492626190186
2079 2170 0.4478760063648224
2082 2041 0.3118765652179718
2083 2029 0.35586899518966675
2092 2028 0.2914540469646454
2094 2057 0.5303580164909363
2096 2206 0.27673691511154175
2100 2010 0.8025208711624146
2105 2098 0.49677202105522156
2106 2099 0.46718889474868774
2107 2102 0.2846807837486267
2108 2067 0.42046058177948
2109 2036 0.30298274755477905
2112 2184 0.293592631816864
2113 2218 0.3536239564418793
2117 2136 0.32612180709838867
2118 2149 0.3415035903453827
2121 2100 0.4999516010284424
2122 2017 0.42014792561531067
2130 2076 0.29359543323516846
2131 2065 0.3452000916004181
2132 2084 0.5696578621864319
2133 2111 0.540780782699585
2134 2101 0.33185824751853943
2135 2085 0.36888808012008667
2136 2088 0.28648868203163147
2139 2217 0.26711219549179077
2143 2153 0.41903311014175415
2145 2055 0.2515895664691925
2146 2074 0.2558824419975281
2151 2103 0.3270910978317261
2152 2144 0.32469117641448975
2156 2269 0.26614442467689514
2158 2254 0.5145600438117981
2159 2255 0.27226701378822327
2160 2243 0.25898119807243347
2161 2244 0.42525458335876465
2162 2171 0.3761483132839203
2163 2172 0.3031882643699646
2168 2075 0.4060784578323364
2171 2242 0.3074800372123718
2173 2229 0.29284432530403137
2175 2091 0.4611597955226898
2176 2093 0.4825604259967804
2177 2094 0.3422600030899048
2178 2095 0.28272706270217896
2179 2141 0.29683196544647217
2180 2124 0.26255354285240173
2181 2252 0.3000675141811371
2182 2253 0.29770371317863464
2184 2256 0.4155299663543701
2187 2108 0.2809027433395386
2191 2133 0.3039247393608093
2192 2068 0.3148981034755707
2193 2225 0.3539191484451294
2201 2290 0.35213378071784973
2203 2190 0.33682042360305786
2208 2120 0.34798917174339294
2215 2128 0.38747021555900574
2217 2155 0.2691889703273773
2218 2112 0.4226967692375183
2220 2092 0.3337947428226471
2221 2139 0.36780330538749695
2224 2163 0.4440224766731262
2226 2164 0.33212798833847046
2227 2165 0.31791800260543823
2230 2104 0.3424017131328583
2231 2238 0.30443528294563293
2237 2296 0.45255380868911743
2238 2310 0.34741517901420593
2239 2297 0.3039018511772156
2243 2246 0.5051178932189941
2244 2107 0.3920043110847473
2245 2109 0.8578999042510986
2247 2166 0.41861650347709656
2250 2134 0.3828129172325134
2251 2157 0.4173150658607483
2253 2245 0.36127734184265137
2254 2273 0.3625827729701996
2255 2257 0.27107110619544983
2257 2154 0.388683021068573
2259 2197 0.31790193915367126
2260 2143 0.3042881190776825
2263 2312 0.3041909337043762
2266 2233 0.2596457004547119
2267 2162 0.3439011871814728
2268 2196 0.3659329116344452
2272 2121 0.29511016607284546
2274 2282 0.34192657470703125
2278 2341 0.4215245246887207
2279 2355 0.40235885977745056
2287 2210 0.41093572974205017
2288 2168 0.31251460313796997
2289 2179 0.38653793931007385
2290 2200 0.39358285069465637
2293 2354 0.5396072268486023
2294 2329 0.30706802010536194
2295 2235 0.34635984897613525
2296 2236 0.44819560647010803
2297 2237 0.3256077766418457
2299 2178 0.40386855602264404
2302 2234 0.31413206458091736
2305 2180 0.30885425209999084
2308 2239 0.2552110254764557
2311 2364 0.3618104159832001
2313 2384 0.5303813219070435
2314 2393 0.2507270276546478
2319 2176 0.2607762813568115
2320 2249 0.3682146370410919
2321 2209 0.33967554569244385
2322 2195 0.4265974760055542
2323 2263 0.3673595190048218
2325 2250 0.3048801124095917
2328 2267 0.5423053503036499
2330 2380 0.3450128138065338
2331 2363 0.3560798168182373
2332 2370 0.31152936816215515
2333 2371 0.3306855261325836
2334 2382 0.38936084508895874
2338 2220 0.33001479506492615
2339 2262 0.2749166190624237
2340 2279 0.37379637360572815
2341 2383 0.5804575085639954
2342 2392 0.5100632309913635
2344 2335 0.2973303198814392
2345 2292 0.3868193030357361
2349 2177 0.3302547037601471
2350 2223 0.3649890720844269
2351 2224 0.2970069348812103
2353 2284 0.27859076857566833
2356 2391 0.47446414828300476
2357 2420 0.3932095766067505
2363 2301 0.4459478259086609
2367 2280 0.3127734065055847
2368 2264 0.3243572413921356
2369 2221 0.3838939666748047
2370 2222 0.33565738797187805
2373 2381 0.46902546286582947
2376 2313 0.25369584560394287
2377 2314 0.2670154273509979
2386 2316 0.4441041946411133
2387 2317 0.4010349214076996
2388 2318 0.3834424614906311
2389 2304 0.2516879439353943
2392 2333 0.2906518578529358
2394 2415 0.25368350744247437
2399 2248 0.37581557035446167
2400 2330 0.6796572804450989
2401 2331 0.4372532069683075
2402 2302 0.34839361906051636
2403 2303 0.27602526545524597
2404 2332 0.35564473271369934
2406 2319 0.35132405161857605
2407 2295 0.28404131531715393
2411 2285 0.2930437922477722
2414 2399 0.5264973044395447
2415 2400 0.3880404233932495
2417 2419 0.42672890424728394
2418 2428 0.38995131850242615
2419 2430 0.39627426862716675
2423 2342 0.3002971112728119
2425 2315 0.30729418992996216
2426 2338 0.27865853905677795
2427 2360 0.33491235971450806
2429 2460 0.3907293379306793
2431 2300 0.4598291516304016
2433 2339 0.7976292371749878
2438 2362 0.3129924237728119
2441 2444 0.44786104559898376
2442 2461 0.3341565728187561
2443 2454 0.5943394303321838
2446 2258 0.2640919089317322
2448 2276 0.5116539001464844
2451 2337 0.3166583478450775
2452 2346 0.34331461787223816
2454 2347 0.4098934233188629
2456 2323 0.27796605229377747
2458 2350 0.36200058460235596
2464 2344 0.45960116386413574
2465 2348 0.2639438509941101
2467 2377 0.4067416191101074
2471 2479 0.2833411395549774
2474 2343 0.3618514835834503
2475 2336 0.3139742314815521
2479 2390 0.3315030336380005
2481 2379 0.4532932937145233
2484 2359 0.30332332849502563
2485 2388 0.32079213857650757
2486 2305 0.4596419334411621
2490 2477 0.3928163945674896
2491 2500 0.3200269937515259
2492 2490 0.49229398369789124
2493 2511 0.2649998962879181
2496 2501 0.402699738740921
2498 2365 0.2935514748096466
2499 2374 0.37147438526153564
2502 2495 0.2526906132698059
2503 2497 0.4133060872554779
2504 2498 0.27896618843078613
2505 2499 0.2729840874671936
2506 2522 0.26995301246643066
2510 2387 0.7065498232841492
2511 2396 0.3545522391796112
2512 2397 0.3347948491573334
2515 2389 0.5632032155990601
2521 2404 0.41381800174713135
2527 2427 0.2931295931339264
2530 2530 0.39796754717826843
2531 2358 0.38763540983200073
2532 2386 0.32017168402671814
2533 2402 0.3602912425994873
2534 2405 0.7920578122138977
2536 2482 0.29275020956993103
2541 2417 0.7176852822303772
2542 2424 0.2508808374404907
2543 2425 0.36117711663246155
2548 2418 0.34957343339920044
2554 2423 0.3262898027896881
2555 2403 0.5469205379486084
2556 2406 0.41156286001205444
2559 2407 0.2546809911727905
2560 2408 0.29067736864089966
2567 2422 0.4967142343521118
2569 2475 0.32841670513153076
2570 2588 0.3210633099079132
2575 2452 0.28581517934799194
2576 2413 0.42057889699935913
2577 2527 0.5791868567466736
2578 2521 0.2616364657878876
2580 2474 0.4245325028896332
2581 2487 0.31900954246520996
2582 2494 0.42106810212135315
2584 2372 0.25111207365989685
2585 2373 0.2970239520072937
2587 2398 0.26842015981674194
2588 2510 0.28193414211273193
2595 2438 0.3490314483642578
2597 2488 0.35117465257644653
2598 2627 0.5140283703804016
2601 2578 0.26905831694602966
2602 2560 0.2675098776817322
2606 2434 0.35489562153816223
2607 2449 0.3650580048561096
2608 2436 0.2981131076812744
2610 2440 0.3658815920352936
2613 2585 0.6101875305175781
2614 2543 0.38478943705558777
2616 2531 0.4244280755519867
2617 2401 0.3474774658679962
2618 2432 0.311734139919281
2619 2484 0.7170011401176453
2620 2485 0.3858996033668518
2621 2505 0.3064039945602417
2622 2450 0.42298147082328796
2623 2451 0.4351997375488281
2624 2471 0.2860696017742157
2625 2426 0.29879650473594666
2629 2614 0.34786540269851685
2630 2532 0.2779138386249542
2632 2416 0.34386345744132996
2633 2467 0.3191717565059662
2636 2458 0.3677724599838257
2637 2529 0.320017546415329
2639 2615 0.2503810524940491
2644 2534 0.33427736163139343
2646 2448 0.38390496373176575
2647 2504 0.2782782316207886
2648 2524 0.30690494179725647
2651 2574 0.3072074353694916
2652 2629 0.28639087080955505
2653 2630 0.30911239981651306
2656 2433 0.3224511742591858
2657 2465 0.42351630330085754
2659 2535 0.294451504945755
2660 2470 0.3021298348903656
2663 2587 0.32037970423698425
2666 2518 0.3252933919429779
2668 2472 0.31657862663269043
2669 2576 0.33264657855033875
2670 2643 0.2951011657714844
2673 2638 0.3050863444805145
2677 2674 0.2565558850765228
2681 2597 0.41154009103775024
2682 2598 0.3520051836967468
2688 2550 0.3703502416610718
2692 2540 0.3869159519672394
2693 2509 0.2712973952293396
2694 2624 0.3361254036426544
2695 2612 0.2754906117916107
2696 2613 0.3875493109226227
2697 2692 0.4415883719921112
2701 2519 0.3258131146430969
2702 2508 0.27306872606277466
2704 2611 0.31077536940574646
2707 2673 0.3441127836704254
2708 2596 0.4078408479690552
2710 2503 0.3027060627937317
2714 2525 0.3279200494289398
2715 2639 0.32981690764427185
2718 2620 0.2675650119781494
2719 2517 0.2772972583770752
2721 2592 0.43721649050712585
2722 2581 0.49407657980918884
2723 2538 0.35139644145965576
2725 2541 0.333719938993454
2726 2640 0.36717459559440613
2728 2723 0.3325355648994446
2731 2556 0.3891696631908417
2732 2566 0.5663756728172302
2733 2603 0.2912026047706604
2736 2714 0.3530214726924896
2739 2607 0.39638805389404297
2740 2502 0.32861754298210144
2746 2567 0.47670605778694153
2747 2568 0.3631676137447357
2750 2572 0.2946135699748993
2755 2645 0.44362926483154297
2757 2591 0.27166450023651123
2758 2569 0.3273610472679138
2761 2724 0.3343181610107422
2763 2736 0.6102538704872131
2764 2754 0.6912906169891357
2765 2725 0.3257276713848114
2768 2652 0.27924007177352905
2770 2653 0.25833097100257874
2772 2600 0.31908103823661804
2773 2622 0.3082733750343323
2776 2671 0.2560562491416931
2782 2599 0.3942549228668213
2785 2593 0.25760841369628906
2786 2571 0.615623414516449
2787 2670 0.359702467918396
2788 2726 0.307140052318573
2791 2755 0.29405131936073303
2792 2663 0.38674330711364746
2793 2634 0.27891695499420166
2795 2668 0.6635497212409973
2796 2748 0.37775918841362
2802 2601 0.28230220079421997
2803 2669 0.3862950801849365
2804 2711 0.42957568168640137
2806 2701 0.3323250710964203
2807 2753 0.4237518310546875
2808 2772 0.2929934859275818
2812 2633 0.474077433347702
2818 2655 0.26895672082901
2819 2658 0.2878415584564209
2821 2771 0.39309820532798767
2823 2717 0.2846606969833374
2825 2662 0.3562486171722412
2826 2750 0.2737260162830353
2827 2751 0.29589444398880005
2828 2783 0.4432165324687958
2833 2608 0.2854245603084564
2834 2637 0.25557443499565125
2835 2817 0.3120265007019043
2837 2706 0.2696414291858673
2840 2729 0.34741681814193726
2842 2716 0.27970942854881287
2843 2687 0.29868167638778687
2844 2696 0.26654118299484253
2845 2656 0.29615163803100586
2850 2610 0.3727348744869232
2853 2691 0.6095703840255737
2855 2814 0.511314868927002
2857 2846 0.591687023639679
2859 2728 0.3238907754421234
2860 2730 0.39846885204315186
2861 2742 0.5348506569862366
2865 2759 0.44970571994781494
2868 2665 0.2505219578742981
2869 2680 0.2797905206680298
2870 2681 0.29980093240737915
2871 2659 0.6062235832214355
2875 2752 0.3182116448879242
2876 2816 0.42709246277809143
2881 2688 0.42551666498184204
2882 2667 0.25233373045921326
2883 2782 0.44673871994018555
2884 2811 0.3306754529476166
2885 2825 0.42249366641044617
2886 2859 0.38439294695854187
2894 2707 0.31342703104019165
2895 2689 0.29585355520248413
2899 2646 0.32313305139541626
2900 2660 0.37724795937538147
2902 2666 0.43499308824539185
2905 2875 0.4460439682006836
2906 2876 0.4870651066303253
2907 2815 0.30928903818130493
2909 2758 0.36034658551216125
2911 2708 0.2625027000904083
2912 2699 0.3578896224498749
2913 2831 0.40556642413139343
2914 2822 0.35456204414367676
2915 2823 0.4468443989753723
2916 2858 0.8532775044441223
2917 2848 0.43446946144104004
2921 2797 0.5855023860931396
2922 2809 0.3822194039821625
2925 2789 0.36741453409194946
2926 2776 0.2888011634349823
2927 2778 0.3533967137336731
2933 2682 0.455743670463562
2935 2781 0.5078295469284058
2936 2810 0.2965470254421234
2937 2843 0.2923058271408081
2938 2821 0.3453173041343689
2940 2878 0.3636229932308197
2942 2880 0.5335469841957092
2943 2897 0.33085745573043823
2946 2792 0.30370134115219116
2947 2790 0.4506773054599762
2948 2779 0.313241183757782
2950 2735 0.6554752588272095
2953 2864 0.3499380052089691
2954 2832 0.29213887453079224
2956 2857 0.33403581380844116
2958 2907 0.37382417917251587
2962 2745 0.31274357438087463
2966 2710 0.2722366452217102
2967 2842 0.32413890957832336
2968 2844 0.3057938814163208
2969 2845 0.27236077189445496
2970 2833 0.2820720970630646
2973 2788 0.32029080390930176
2974 2801 0.3390877842903137
2975 2802 0.38902345299720764
2976 2803 0.26356104016304016
2978 2766 0.2537901997566223
2979 2768 0.4962620437145233
2982 2698 0.5046691298484802
2985 2808 0.4716692566871643
2986 2855 0.35060209035873413
2987 2873 0.3840675354003906
2988 2874 0.3312656879425049
2993 2827 0.45587146282196045
2994 2804 0.3214401304721832
2997 2905 0.2929566204547882
2998 2914 0.4111391603946686
2999 2915 0.4672209620475769
3000 2916 0.4005831182003021
3002 2929 0.2650870978832245
3005 2794 0.2863078713417053
3007 2769 0.5528241991996765
3008 2906 0.3404071629047394
3010 2835 0.35143664479255676
3011 2860 0.3879604935646057
3014 2806 0.4110685884952545
3016 2770 0.3584563136100769
3018 2896 0.27102354168891907
3019 2888 0.4476168155670166
3021 2913 0.4384670853614807
3022 2934 0.36947110295295715
3023 2930 0.29064881801605225
3024 2780 0.31407395005226135
3032 2805 0.32852479815483093
3033 2818 0.37834542989730835
3034 2819 0.36159929633140564
3035 2829 0.28876399993896484
3038 2807 0.38387054204940796
3040 2966 0.33178165555000305
3041 2967 0.32872098684310913
3046 2828 0.3318883180618286
3050 2746 0.40574130415916443
3053 2927 0.30314403772354126
3057 2953 0.3199702203273773
3060 2861 0.2922411561012268
3063 2863 0.31031423807144165
3064 2767 0.5025731921195984
3069 2975 0.48139843344688416
3070 2933 0.4399549067020416
3071 2965 0.3029157221317291
3072 2986 0.2643771767616272
3078 2836 0.43589091300964355
3079 2837 0.3969736695289612
3080 2849 0.3766365051269531
3081 2862 0.30593565106391907
3082 2841 0.2856854498386383
3083 2886 0.32017871737480164
3084 2952 0.4381560981273651
3085 2940 0.5134737491607666
3086 2976 0.27706199884414673
3088 3002 0.33347147703170776
3094 2853 0.259268581867218
3096 2974 0.36559489369392395
3097 2963 0.31766191124916077
3099 3001 0.2824198603630066
3102 3021 0.3740399479866028
3104 2868 0.3793115019798279
3107 2820 0.31400325894355774
3108 2926 0.2972137928009033
3109 2973 0.3010317385196686
3110 3011 0.28326064348220825
3113 3012 0.42966869473457336
3121 2839 0.47363728284835815
3123 2872 0.2906917929649353
3125 2998 0.4755304753780365
3128 3031 0.29399049282073975
3131 2867 0.25772783160209656
3132 2881 0.2800748348236084
3133 2850 0.2720928490161896
3134 2852 0.42486461997032166
3136 2912 0.33606576919555664
3138 2851 0.3902057707309723
3140 3041 0.3627743721008301
3141 3050 0.6167864203453064
3143 2901 0.498823344707489
3145 2894 0.31388261914253235
3146 2870 0.3922271728515625
3149 3008 0.8507480621337891
3150 3039 0.44483497738838196
3151 3049 0.3395751416683197
3152 3061 0.29962459206581116
3153 3023 0.25540509819984436
3154 2921 0.4035774767398834
3155 2908 0.26423197984695435
3156 2882 0.48271462321281433
3157 2910 0.28449296951293945
3159 3059 0.504671573638916
3160 3010 0.5071132779121399
3162 3052 0.43705809116363525
3163 2899 0.33981552720069885
3165 2895 0.4216773211956024
3167 2962 0.33347657322883606
3171 3043 0.31044328212738037
3173 2902 0.5298236608505249
3174 2904 0.3067246973514557
3175 2925 0.27503278851509094
3177 3111 0.39488673210144043
3178 2936 0.30198925733566284
3179 2922 0.40130579471588135
3180 3068 0.37485018372535706
3181 3069 0.37255966663360596
3182 3029 0.37450000643730164
3183 3089 0.40027952194213867
3185 2923 0.27089613676071167
3186 2924 0.3143313527107239
3187 3018 0.4113929271697998
3188 3027 0.2810841500759125
3189 2946 0.2714177370071411
3192 2957 0.37922757863998413
3195 3048 0.3249327838420868
3196 3067 0.5536271929740906
3197 3110 0.29192444682121277
3198 3094 0.4101436734199524
3200 3120 0.28742459416389465
3202 3079 0.2602183222770691
3204 2958 0.34459421038627625
3205 2981 0.32726147770881653
3206 2948 0.2977641820907593
3207 3058 0.3410365581512451
3208 3109 0.5450429320335388
3209 3088 0.7570875287055969
3210 3119 0.4436948299407959
3211 2968 0.2956603467464447
3212 2989 0.34728530049324036
3213 3006 0.2768443524837494
3214 2991 0.3973827362060547
3215 2949 0.4626142978668213
3216 3077 0.33695119619369507
3217 3105 0.5767499804496765
3219 2961 0.34435802698135376
3225 3142 0.2550392746925354
3226 3154 0.2803126573562622
3228 3127 0.3400087356567383
3229 3024 0.44881367683410645
3230 2992 0.5567876696586609
3231 2982 0.4144341051578522
3232 2984 0.3264189660549164
3234 3106 0.9010026454925537
3235 3157 0.40780508518218994
3236 3143 0.38331085443496704
3237 3005 0.3371466100215912
3242 3141 0.5187689065933228
3243 3169 0.40070995688438416
3245 3033 0.27645888924598694
3246 3035 0.3360145092010498
3247 2996 0.28809696435928345
3248 2997 0.30362024903297424
3249 3124 0.2962038815021515
3251 3153 0.41218581795692444
3253 3167 0.4687965214252472
3257 3140 0.3594202399253845
3258 3172 0.39161160588264465
3261 3156 0.2547985911369324
3263 3189 0.327606201171875
3265 3053 0.3105880916118622
3266 3054 0.345560759305954
3268 3037 0.3015621602535248
3271 3166 0.2549731135368347
3273 2994 0.46585506200790405
3274 3133 0.2605227530002594
3278 3188 0.26244738698005676
3279 3160 0.2630595564842224
3285 3017 0.3880922496318817
3286 3007 0.2675274908542633
3289 3186 0.28651437163352966
3290 3195 0.346645712852478
3292 3190 0.2527520954608917
3294 3062 0.5712692737579346
3295 3082 0.3306691348552704
3296 3055 0.37647634744644165
3297 3026 0.41797545552253723
3298 3065 0.29929643869400024
3300 3196 0.33563241362571716
3301 3072 0.27055713534355164
3304 3091 0.6851087808609009
3305 3036 0.32174190878868103
3306 2995 0.5991585850715637
3307 3092 0.44087597727775574
3308 3093 0.258663535118103
3309 3164 0.3341505229473114
3310 3165 0.2723623216152191
3312 3074 0.3718366026878357
3314 3047 0.3230067193508148
3317 3176 0.44068723917007446
3318 3213 0.2894364595413208
3326 3056 0.25813713669776917
3328 3227 0.2704307436943054
3329 3241 0.29402750730514526
3331 3102 0.26688966155052185
3332 3025 0.4424031972885132
3337 3262 0.3824399709701538
3338 3214 0.4829121530056
3339 3096 0.3326561152935028
3340 3098 0.2877117395401001
3341 3099 0.38349804282188416
3342 3100 0.32791441679000854
3343 3076 0.31217503547668457
3345 3260 0.4925917387008667
3347 3215 0.4574929177761078
3353 3085 0.3248274326324463
3355 3185 0.4301089942455292
3358 3273 0.31600821018218994
3361 3261 0.2706203758716583
3363 3097 0.3760116696357727
3365 3086 0.25976109504699707
3374 3112 0.29920512437820435
3375 3129 0.3027736246585846
3376 3130 0.2713232636451721
3377 3121 0.4301680624485016
3378 3113 0.37135961651802063
3380 3117 0.282121866941452
3383 3252 0.39637860655784607
3394 3128 0.27432945370674133
3395 3145 0.5143088698387146
3398 3147 0.3359632194042206
3399 3148 0.39400047063827515
3400 3084 0.26446717977523804
3401 3150 0.3065328896045685
3404 3123 0.2595152258872986
3406 3132 0.2976199686527252
3412 3283 0.41462939977645874
3414 3317 0.3314574956893921
3415 3318 0.4595608413219452
3418 3115 0.26137757301330566
3425 3224 0.3225283920764923
3426 3270 0.3212859630584717
3429 3212 0.400206595659256
3432 3259 0.38213375210762024
3433 3329 0.6826897263526917
3434 3298 0.6816533803939819
3435 3315 0.3558591306209564
3442 3220 0.2672860026359558
3443 3332 0.25473394989967346
3444 3138 0.2748571038246155
3446 3173 0.3791038990020752
3448 3149 0.3406367599964142
3450 3330 0.5210944414138794
3451 3331 0.29130786657333374
3452 3180 0.4291420578956604
3453 3294 0.46561387181282043
3454 3295 0.38478317856788635
3455 3282 0.30009785294532776
3456 3289 0.4723850190639496
3458 3340 0.5983248949050903
3459 3139 0.4544702470302582
3463 3197 0.3896598815917969
3464 3181 0.27147364616394043
3465 3203 0.3069886565208435
3471 3198 0.3540761470794678
3472 3202 0.4504087567329407
3473 3199 0.33337926864624023
3474 3182 0.3349149227142334
3477 3314 0.3852046728134155
3478 3389 0.3231312036514282
3480 3192 0.4166191816329956
3482 3327 0.4936804473400116
3484 3297 0.27181482315063477
3485 3328 0.3100447654724121
3486 3370 0.4610190987586975
3487 3371 0.6433190703392029
3490 3391 0.2799941897392273
3492 3204 0.5008086562156677
3493 3200 0.33332014083862305
3495 3296 0.29216673970222473
3496 3368 0.4970928728580475
3497 3407 0.269100159406662
3503 3268 0.7579558491706848
3506 3355 0.44420331716537476
3507 3440 0.27285316586494446
3510 3217 0.29889026284217834
3511 3257 0.4236750602722168
3512 3231 0.44216740131378174
3515 3313 0.3137928247451782
3520 3264 0.3266914486885071
3522 3249 0.33454111218452454
3526 3245 0.5527493357658386
3529 3280 0.41429659724235535
3531 3406 0.42235830426216125
3532 3367 0.3156251013278961
3533 3429 0.4282900094985962
3534 3430 0.4323033094406128
3536 3431 0.5520797371864319
3537 3455 0.6845954060554504
3539 3438 0.32202064990997314
3541 3495 0.32023337483406067
3543 3256 0.530994176864624
3548 3404 0.5241386890411377
3550 3481 0.49845290184020996
3552 3378 0.2732667028903961
3553 3379 0.2558026611804962
3555 3397 0.2970789074897766
3556 3400 0.3122756779193878
3557 3380 0.5690112113952637
3559 3287 0.558832049369812
3563 3311 0.2692467272281647
3564 3398 0.36391785740852356
3565 3388 0.3498612642288208
3566 3399 0.3495030999183655
3567 3414 0.3424588441848755
3571 3464 0.3578592538833618
3572 3493 0.3350982964038849
3575 3387 0.3014836609363556
3578 3415 0.3187744617462158
3583 3266 0.3599759638309479
3584 3377 0.6919092535972595
3585 3421 0.25480976700782776
3590 3476 0.30601441860198975
3591 3454 0.40058156847953796
3592 3552 0.30706802010536194
3595 3427 0.35155999660491943
3596 3436 0.3849729597568512
3597 3527 0.3733631372451782
3600 3451 0.2921784520149231
3605 3309 0.3825395703315735
3607 3293 0.43401268124580383
3608 3279 0.26012229919433594
3609 3267 0.534696638584137
3612 3516 0.34847068786621094
3615 3536 0.3084471821784973
3619 3292 0.4089239537715912
3620 3278 0.4774918258190155
3621 3325 0.32746222615242004
3626 3343 0.3267098367214203
3627 3304 0.2829188406467438
3628 3324 0.30237022042274475
3631 3474 0.42108097672462463
3632 3573 0.39957088232040405
3635 3595 0.4163475036621094
3636 3341 0.31160038709640503
3641 3302 0.3225720524787903
3647 3526 0.5779558420181274
3651 3572 0.3401722013950348
3655 3596 0.2603647708892822
3657 3342 0.2956400215625763
3662 3321 0.26590847969055176
3663 3301 0.365530401468277
3667 3462 0.43482595682144165
3669 3551 0.55146723985672
3670 3622 0.27601656317710876
3671 3584 0.3356631398200989
3672 3625 0.2945604622364044
3673 3357 0.28508180379867554
3674 3347 0.2738479673862457
3678 3354 0.43057316541671753
3679 3509 0.28952065110206604
3683 3582 0.36858847737312317
3684 3606 0.27480024099349976
3685 3372 0.361005961894989
3689 3336 0.2754480540752411
3693 3512 0.39130061864852905
3695 3550 0.5830212235450745
3696 3669 0.2637506127357483
3698 3643 0.2978326380252838
3699 3408 0.34100955724716187
3700 3409 0.32481443881988525
3701 3410 0.2752330005168915
3705 3350 0.2874873876571655
3706 3334 0.5284586548805237
3707 3352 0.32753029465675354
3708 3383 0.3458574712276459
3709 3413 0.6894668340682983
3710 3546 0.42633309960365295
3711 3510 0.32097727060317993
3712 3511 0.37736383080482483
3713 3534 0.273580402135849
3716 3591 0.3666752278804779
3717 3639 0.5324541330337524
3718 3619 0.2968463897705078
3720 3381 0.3118111491203308
3723 3395 0.30223357677459717
3724 3384 0.29302480816841125
3729 3513 0.2948153614997864
3731 3640 0.3130873739719391
3732 3653 0.3320614993572235
3733 3654 0.3052425980567932
3734 3641 0.38715219497680664
3735 3642 0.40724191069602966
3738 3351 0.47527432441711426
3739 3360 0.40987151861190796
3740 3396 0.4553496241569519
3744 3548 0.25705647468566895
3748 3605 0.26204371452331543
3754 3433 0.26473569869995117
3760 3636 0.4887159466743469
3761 3638 0.35240793228149414
3765 3419 0.2775811553001404
3766 3420 0.33087101578712463
3767 3568 0.2558309733867645
3768 3666 0.32284751534461975
3770 3706 0.35300397872924805
3771 3707 0.272813618183136
3772 3441 0.4172382652759552
3773 3376 0.47346746921539307
3774 3412 0.42421358823776245
3778 3589 0.3573688268661499
3784 3668 0.30284351110458374
3785 3744 0.45315325260162354
3787 3722 0.5201897621154785
3789 3424 0.5023154020309448
3793 3382 0.25905752182006836
3794 3418 0.262636661529541
3797 3604 0.4629201292991638
3804 3682 0.44248083233833313
3806 3442 0.3729378879070282
3807 3459 0.41425156593322754
3810 3448 0.45514121651649475
3814 3742 0.2721247673034668
3815 3743 0.27920570969581604
3817 3507 0.2632869482040405
3824 3756 0.3972436785697937
3825 3741 0.4808436930179596
3827 3793 0.4890693426132202
3830 3458 0.4259251058101654
3831 3521 0.3936406672000885
3832 3443 0.35287943482398987
3833 3445 0.5657548904418945
3835 3665 0.2679802179336548
3838 3467 0.7865762710571289
3839 3497 0.2913367748260498
3840 3483 0.27067404985427856
3843 3468 0.2781164050102234
3844 3426 0.35573020577430725
3845 3447 0.3053491711616516
3847 3715 0.299812376499176
3848 3738 0.44607076048851013
3849 3755 0.349037766456604
3851 3791 0.2811409831047058
3853 3484 0.31828752160072327
3855 3434 0.2698109447956085
3857 3545 0.25214970111846924
3858 3818 0.3087335228919983
3861 3852 0.30106619000434875
3864 3505 0.3021053373813629
3867 3702 0.3244698643684387
3869 3714 0.2886461615562439
3871 3835 0.36771106719970703
3873 3520 0.3835170567035675
3874 3425 0.3520001471042633
3876 3506 0.4111274182796478
3877 3580 0.41856542229652405
3878 3544 0.400411993265152
3882 3712 0.3720473051071167
3883 3736 0.3885836899280548
3884 3820 0.3103695809841156
3885 3790 0.2541877031326294
3890 3487 0.2762754559516907
3891 3533 0.4165405333042145
3892 3588 0.3416488766670227
3893 3711 0.2880961298942566
3894 3786 0.286395788192749
3895 3849 0.6540677547454834
3896 3850 0.294986367225647
3897 3851 0.3896543085575104
3898 3501 0.41070809960365295
3899 3485 0.41318705677986145
3902 3470 0.37761908769607544
3906 3734 0.42038920521736145
3907 3754 0.265417218208313
3910 3788 0.3191072344779968
3914 3523 0.2992347776889801
3915 3578 0.3123495280742645
3916 3699 0.26497185230255127
3922 3502 0.26771560311317444
3928 3564 0.31497859954833984
3929 3542 0.3335036039352417
3930 3579 0.38306745886802673
3931 3632 0.4161660969257355
3933 3751 0.31211191415786743
3936 3563 0.2837199866771698
3937 3577 0.27646389603614807
3944 3877 0.4371514618396759
3945 3909 0.36907386779785156
3946 3919 0.3216204345226288
3947 3496 0.39872315526008606
3948 3576 0.28576937317848206
3949 3486 0.889140248298645
3954 3613 0.3166625499725342
3957 3630 0.3281991183757782
3961 3802 0.28575846552848816
3962 3803 0.2967914640903473
3963 3918 0.3510644733905792
3967 3585 0.46007388830184937
3968 3586 0.4133356511592865
3970 3560 0.33209285140037537
3971 3561 0.35101059079170227
3972 3615 0.3482966125011444
3973 3628 0.4288695752620697
3974 3616 0.2954007685184479
3975 3801 0.3924344778060913
3976 3848 0.3020266890525818
3977 3928 0.31461894512176514
3980 3598 0.4051118493080139
3982 3602 0.2734588384628296
3988 3815 0.4311562478542328
3989 3816 0.3169502019882202
3990 3873 0.3488374650478363
3991 3874 0.39868590235710144
3996 3531 0.32689154148101807
4001 3652 0.3448355197906494
4005 3784 0.46233201026916504
4006 3817 0.5477520823478699
4007 3908 0.3419278860092163
4009 3950 0.25209200382232666
4010 3957 0.2930871248245239
4013 3559 0.6502892971038818
4014 3612 0.3644273579120636
4015 3651 0.25400087237358093
4022 3661 0.2708222568035126
4024 3678 0.29764124751091003
4026 3941 0.3405052125453949
4031 3648 0.2511832118034363
4033 3675 0.3276102840900421
4037 3663 0.3836776614189148
4038 3846 0.30722737312316895
4039 3871 0.29538244009017944
4042 3608 0.27334725856781006
4043 3600 0.3586823344230652
4045 3647 0.2856355905532837
4046 3676 0.3042135536670685
4047 3677 0.27365842461586
4051 3696 0.4057660698890686
4053 3869 0.30432817339897156
4055 3979 0.6875960826873779
4056 3917 0.31999099254608154
4064 3993 0.39212918281555176
4065 3994 0.31935563683509827
4068 3672 0.690366268157959
4069 3539 0.3119550943374634
4071 3695 0.29082903265953064
4073 3905 0.2504737079143524
4075 3967 0.41218072175979614
4076 4006 0.3255438208580017
4078 3656 0.2751983404159546
4080 3659 0.2843261659145355
4081 3646 0.36615246534347534
4082 3687 0.5404121279716492
4083 3719 0.28937461972236633
4084 3720 0.31555888056755066
4085 3885 0.31161049008369446
4086 3925 0.30178943276405334
4089 4005 0.47121426463127136
4091 4007 0.3349548578262329
4092 4011 0.3339628577232361
4093 3655 0.32555437088012695
4096 3748 0.25937148928642273
4099 3727 0.3030627965927124
4101 3886 0.3424608111381531
4105 3904 0.3459317088127136
4106 3956 0.44670891761779785
4108 4008 0.26186859607696533
4109 3657 0.2553848624229431
4111 3587 0.3125855624675751
4112 3686 0.34727537631988525
4113 3749 0.4004662334918976
4115 3799 0.29159611463546753
4118 3729 0.2903316020965576
4120 3764 0.340069055557251
4121 3903 0.3591105043888092
4124 3949 0.3899052143096924
4129 4004 0.3131497800350189
4133 3685 0.5026642680168152
4135 3691 0.36624956130981445
4140 3884 0.33254826068878174
4144 3992 0.2833651900291443
4147 4042 0.34633806347846985
4148 4043 0.35276806354522705
4152 3936 0.3157503604888916
4154 3964 0.2889496684074402
4158 3991 0.5731536149978638
4159 4041 0.4693986773490906
4162 3725 0.35675248503685
4163 3674 0.3086914122104645
4164 3750 0.4883716404438019
4168 3940 0.3159949481487274
4172 4040 0.29344287514686584
4175 3777 0.35148724913597107
4176 3778 0.4502459764480591
4178 3954 0.3354759216308594
4182 4093 0.4863651394844055
4183 4095 0.31347694993019104
4184 4044 0.25069141387939453
4188 3834 0.30383285880088806
4192 4094 0.39538639783859253
4193 3717 0.3069678843021393
4195 3746 0.26151445508003235
4199 3809 0.2547208368778229
4200 3710 0.37203383445739746
4201 3867 0.3698899447917938
4203 3923 0.27378425002098083
4204 3913 0.3038925528526306
4206 3990 0.3299266993999481
4207 3966 0.327426940202713
4208 4039 0.4523419737815857
4211 4062 0.5208325982093811
4212 4108 0.42579472064971924
4215 3774 0.28747695684432983
4217 3813 0.40205737948417664
4218 3866 0.30193856358528137
4220 3989 0.368600070476532
4221 4000 0.6491170525550842
4222 4001 0.8109151124954224
4226 4031 0.28790825605392456
4227 3797 0.26238155364990234
4229 3833 0.26321941614151
4230 3843 0.26428818702697754
4231 3868 0.3922642171382904
4232 3875 0.33712348341941833
4234 4111 0.3963600695133209
4237 3795 0.25048255920410156
4241 3824 0.4481695294380188
4242 3825 0.41620856523513794
4244 3808 0.3140706419944763
4246 3762 0.4346667528152466
4247 3776 0.36321818828582764
4248 3811 0.32702934741973877
4251 3876 0.3432641923427582
4253 3947 0.3180760145187378
4255 4053 0.3684675693511963
4257 4078 0.42517712712287903
4259 3796 0.2967764735221863
4260 3822 0.35197094082832336
4261 3900 0.48593953251838684
4262 4030 0.3405997157096863
4263 4052 0.32857805490493774
4265 4075 0.288151353597641
4270 3839 0.3155853748321533
4271 3823 0.5445525050163269
4272 3865 0.3259162902832031
4273 3901 0.2858991324901581
4274 3910 0.2821369469165802
4275 3912 0.28904035687446594
4276 4051 0.7901407480239868
4280 4151 0.405085951089859
4281 3805 0.28688374161720276
4285 3837 0.29711034893989563
4286 3838 0.2833676338195801
4287 3862 0.366577684879303
4288 3893 0.27840059995651245
4289 3827 0.3161088824272156
4290 3810 0.40079328417778015
4292 3829 0.3063928782939911
4293 3830 0.33425378799438477
4294 3832 0.5835490822792053
4295 3911 0.2901087999343872
4296 3998 0.46943897008895874
4298 4072 0.5597227811813354
4299 4073 0.3800012469291687
4301 4077 0.26160502433776855
4302 4119 0.4322649836540222
4304 4170 0.540103554725647
4305 4185 0.3469678461551666
4306 3856 0.3285573720932007
4308 3861 0.28452229499816895
4309 3879 0.4621473252773285
4310 3831 0.43694472312927246
4313 4086 0.28973472118377686
4314 4087 0.3193821310997009
4318 4184 0.4253973662853241
4320 3860 0.2555040121078491
4321 3896 0.34619539976119995
4322 3897 0.30944156646728516
4323 4018 0.37865081429481506
4324 4106 0.3239646255970001
4325 4088 0.34061530232429504
4326 4091 0.35655757784843445
4327 4158 0.3654080629348755
4331 3891 0.25317883491516113
4333 3930 0.41927534341812134
4334 3895 0.4582304358482361
4335 3883 0.4942132234573364
4336 4019 0.3722730576992035
4338 4021 0.5465128421783447
4339 4050 0.2982049584388733
4342 4219 0.29811906814575195
4343 4220 0.3727242052555084
4348 4029 0.4009132981300354
4349 4132 0.3053293824195862
4350 4169 0.31712615489959717
4351 3840 0.2688179910182953
4352 3933 0.48914164304733276
4353 3899 0.3985535800457001
4357 4182 0.5177779197692871
4358 4199 0.464718222618103
4360 3922 0.46266812086105347
4362 4061 0.5047091245651245
4366 4149 0.41772159934043884
4369 4216 0.5736649036407471
4370 4217 0.27408623695373535
4371 4251 0.32440054416656494
4375 3929 0.44508108496665955
4378 3894 0.34192168712615967
4379 3932 0.2771740257740021
4380 3961 0.5610657930374146
4381 4060 0.39813876152038574
4384 4148 0.43646910786628723
4385 4259 0.2588895857334137
4387 4249 0.26357007026672363
4391 3881 0.29492083191871643
4392 4130 0.44811439514160156
4395 4144 0.39735886454582214
4398 4183 0.27590101957321167
4402 4129 0.3026867210865021
4403 4165 0.3291111886501312
4405 4218 0.3243420720100403
4410 3931 0.2997157573699951
4411 3945 0.40281304717063904
4412 4126 0.3937867283821106
4413 4143 0.396233469247818
4414 4176 0.6213518977165222
4415 4166 0.4397053122520447
4416 4178 0.2998555600643158
4418 4238 0.3816468119621277
4421 3943 0.5222859978675842
4422 3980 0.270551472902298
4423 3951 0.39751502871513367
4424 3952 0.2622494697570801
4426 3971 0.32227256894111633
4427 3946 0.2952847182750702
4428 4017 0.34991031885147095
4429 3988 0.3637409210205078
4430 4142 0.4001951515674591
4431 4190 0.41698965430259705
4432 4191 0.29778262972831726
4436 4248 0.4069177508354187
4438 4272 0.3003973662853241
4441 3960 0.2670111060142517
4442 3974 0.27866968512535095
4443 3987 0.37256357073783875
4444 3975 0.4124830961227417
4445 4156 0.4458313286304474
4446 4202 0.4287199079990387
4448 4204 0.43404537439346313
4449 4195 0.37932088971138
4450 4260 0.4083541929721832
4451 4288 0.9198744893074036
4452 4294 0.41240403056144714
4455 4105 0.342096209526062
4456 4071 0.4005357325077057
4457 4123 0.42339757084846497
4458 4124 0.5817254781723022
4460 4210 0.3966168165206909
4461 4211 0.4409840404987335
4462 4213 0.3709263801574707
4463 4214 0.29108959436416626
4464 4237 0.2581179440021515
4467 4024 0.28069868683815
4468 3982 0.3269651234149933
4469 3970 0.32337626814842224
4473 4027 0.2702407240867615
4474 4028 0.32946449518203735
4475 4203 0.4322798252105713
4477 4227 0.2517503798007965
4478 4228 0.3140634596347809
4479 4306 0.3587808609008789
4483 3985 0.2866523861885071
4484 4016 0.41858696937561035
4485 4049 0.28782564401626587
4488 4293 0.4317421615123749
4492 4013 0.3402458429336548
4493 4014 0.29432404041290283
4496 4175 0.25337135791778564
4498 4244 0.37232205271720886
4501 4245 0.3150816559791565
4503 4298 0.34368380904197693
4505 4059 0.377206951379776
4507 4258 0.3125992715358734
4510 4327 0.34556934237480164
4513 4026 0.35743391513824463
4514 4056 0.3991854190826416
4520 4064 0.35874083638191223
4522 4046 0.2709845006465912
4524 4047 0.43175411224365234
4525 4099 0.40275120735168457
4527 3983 0.3524576723575592
4529 4035 0.300404816865921
4530 4025 0.34240955114364624
4531 4015 0.2573159635066986
4532 4048 0.32390376925468445
4533 4068 0.7066711187362671
4535 4069 0.2895236909389496
4536 4070 0.3830583393573761
4537 4189 0.4014887511730194
4540 4209 0.4257792830467224
4541 4286 0.3133813142776489
4542 4243 0.33167409896850586
4544 4279 0.3907032608985901
4545 4267 0.3105561137199402
4546 4268 0.2613202631473541
4551 4066 0.26889875531196594
4553 4255 0.2581883668899536
4554 4256 0.261207640171051
4555 4234 0.3371935784816742
4556 4292 0.2596561014652252
4559 4082 0.4054778814315796
4561 4103 0.3954406976699829
4567 4081 0.3282085061073303
4570 4067 0.33868348598480225
4575 4116 0.2925194203853607
4576 4207 0.2713020443916321
4577 4208 0.3807390630245209
4578 4242 0.4593158960342407
4579 4303 0.38371315598487854
4580 4278 0.3995122015476227
4587 4287 0.31242313981056213
4589 4324 0.413047194480896
4592 4139 0.3144395649433136
4595 4097 0.29466667771339417
4596 4115 0.3727234899997711
4600 4114 0.3749445676803589
4604 4323 0.3694069981575012
4607 4335 0.3383990526199341
4608 4357 0.2685169577598572
4610 4133 0.3739607632160187
4612 4113 0.32570964097976685
4613 4121 0.4150099754333496
4614 4277 0.36602190136909485
4615 4302 0.4448867440223694
4616 4313 0.3325270116329193
4619 4365 0.25067371129989624
4620 4398 0.27154356241226196
4623 4120 0.3489479124546051
4625 4291 0.27173420786857605
4627 4310 0.921166718006134
4631 4163 0.4011102616786957
4634 4353 0.2919280529022217
4635 4396 0.31514567136764526
4636 4134 0.3807190954685211
4637 4135 0.342969685792923
4639 4173 0.3317933678627014
4647 4136 0.4708814024925232
4648 4138 0.32179775834083557
4649 4172 0.2981153726577759
4651 4312 0.2791080176830292
4657 4223 0.4924395680427551
4658 4352 0.36884620785713196
4661 4421 0.25362059473991394
4662 4201 0.33997175097465515
4673 4187 0.35023415088653564
4675 4361 0.49622371792793274
4676 4370 0.42023569345474243
4678 4364 0.5011411905288696
4681 4431 0.2712205648422241
4683 4356 0.30950382351875305
4684 4379 0.38040661811828613
4686 4360 0.25046679377555847
4687 4394 0.3377416431903839
4690 4393 0.36002230644226074
4691 4253 0.25645899772644043
4692 4362 0.29443493485450745
4693 4378 0.2574259340763092
4695 4406 0.3919542133808136
4702 4369 0.3242848515510559
4704 4419 0.26126518845558167
4707 4263 0.42049306631088257
4711 4283 0.30828219652175903
4713 4265 0.31860974431037903
4714 4390 0.298236221075058
4717 4392 0.31892284750938416
4722 4274 0.3913871943950653
4723 4264 0.381152868270874
4724 4401 0.25136077404022217
4725 4418 0.32860156893730164
4727 4275 0.31953996419906616
4728 4276 0.5829333662986755
4730 4404 0.3707541525363922
4731 4443 0.30887606739997864
4735 4427 0.323388934135437
4739 4442 0.25556614995002747
4742 4415 0.3115415573120117
4744 4437 0.2526470124721527
4748 4317 0.5557028651237488
4751 4440 0.2628045380115509
4754 4300 0.7560102939605713
4755 4319 0.4953324794769287
4756 4321 0.3124493360519409
4760 4320 0.29255932569503784
4761 4301 0.388657808303833
4762 4461 0.299694299697876
4763 4330 0.3637676239013672
4764 4316 0.4034939706325531
4767 4329 0.25789305567741394
4768 4348 0.5526976585388184
4769 4343 0.2722651958465576
4770 4318 0.34503090381622314
4771 4459 0.3770875632762909
4772 4338 0.2941385507583618
4776 4342 0.36763954162597656
4777 4368 0.33739686012268066
4779 4376 0.5456540584564209
4782 4367 0.3194896876811981
4785 4493 0.2571452260017395
4786 4494 0.3177028298377991
4787 4355 0.36369025707244873
4788 4400 0.2891506254673004
4789 4386 0.34739795327186584
4792 4387 0.592643141746521
4793 4388 0.5769211053848267
4794 4374 0.38988810777664185
4796 4481 0.4682603180408478
4798 4373 0.322518527507782
4800 4428 0.3257003426551819
4802 4509 0.28267234563827515
4803 4517 0.3395068347454071
4804 4510 0.2738693654537201
4806 4399 0.6393685936927795
4807 4410 0.40937814116477966
4808 4411 0.4040195643901825
4809 4412 0.42189332842826843
4810 4413 0.47835052013397217
4813 4529 0.3243943452835083
4817 4519 0.38743066787719727
4818 4528 0.2874583303928375
4819 4425 0.38648557662963867
4820 4520 0.4444291591644287
4822 4533 0.3744643032550812
4823 4542 0.29474425315856934
4824 4543 0.30756333470344543
4825 4445 0.25856512784957886
4830 4435 0.2609608769416809
4831 4454 0.34553372859954834
4832 4532 0.45222723484039307
4833 4556 0.3778269290924072
4834 4570 0.30537742376327515
4835 4450 0.30596598982810974
4838 4564 0.40049755573272705
4839 4565 0.3289552330970764
4840 4438 0.3449667692184448
4841 4449 0.42514753341674805
4845 4561 0.3786417841911316
4846 4563 0.3179762363433838
4847 4447 0.32194510102272034
4848 4448 0.3385049104690552
4849 4457 0.30024442076683044
4851 4546 0.37093380093574524
4852 4547 0.3687378764152527
4855 4559 0.27577054500579834
4856 4560 0.2717362940311432
4857 4576 0.2789185643196106
4859 4463 0.3237098157405853
4861 4464 0.3801810145378113
4862 4465 0.444927453994751
4863 4466 0.41075119376182556
4864 4584 0.36122119426727295
4865 4453 0.47073590755462646
4867 4591 0.32975274324417114
4868 4597 0.2974536716938019
4870 4491 0.49787425994873047
4872 4587 0.2504739463329315
4873 4456 0.3563876152038574
4874 4486 0.264899343252182
4875 4479 0.43366432189941406
4876 4508 0.4248378872871399
4878 4468 0.5048280358314514
4880 4590 0.32786908745765686
4881 4596 0.3348689377307892
4883 4469 0.43475422263145447
4884 4471 0.33854591846466064
4885 4472 0.4280678629875183
4887 4478 0.39345526695251465
4892 4611 0.2839590013027191
4893 4531 0.4205893278121948
4895 4595 0.25336629152297974
4897 4484 0.38629913330078125
4898 4485 0.29071035981178284
4899 4602 0.2626451849937439
4902 4612 0.31783950328826904
4903 4470 0.43314558267593384
4905 4497 0.4078400731086731
4909 4606 0.268632709980011
4910 4607 0.2887009382247925
4913 4492 0.3067852556705475
4915 4608 0.3040618598461151
4916 4609 0.294413298368454
4917 4501 0.2861945629119873
4918 4489 0.46452945470809937
4919 4490 0.2527769207954407
4925 4503 0.44285866618156433
4926 4496 0.38950827717781067
4927 4504 0.34311920404434204
4928 4506 0.28804200887680054
4929 4515 0.34579482674598694
4930 4513 0.342901349067688
4932 4514 0.333792507648468
4935 4502 0.3325355648994446
4936 4511 0.37383630871772766
4937 4505 0.4243665337562561
4941 4523 0.29761940240859985
4944 4636 0.32262712717056274
4946 4522 0.41420021653175354
4947 4539 0.2724781930446625
4949 4569 0.6406949162483215
4950 4640 0.29326632618904114
4951 4646 0.2583930492401123
4956 4645 0.3024463653564453
4959 4653 0.877010703086853
4961 4537 0.34818536043167114
4965 4557 0.4977099895477295
4968 4649 0.2830062806606293
4970 4651 0.329192191362381
4977 4571 0.3019546866416931
4978 4578 0.2796880900859833
4979 4572 0.337760329246521
4981 4654 0.2788403630256653
4987 4579 0.47536635398864746
4988 4582 0.4086756110191345
4990 4567 0.4608050286769867
4991 4586 0.42331963777542114
4998 4581 0.5212703943252563
4999 4583 0.33845198154449463
5003 4593 0.33178260922431946
5004 4604 0.47235438227653503
5009 4632 0.2529039978981018
5010 4598 0.289289653301239
5012 4618 0.27183452248573303
5015 4614 0.3328998386859894
5017 4615 0.3071470856666565
5019 4616 0.4349623918533325
5021 4630 0.25558003783226013
5022 4623 0.271489679813385
5027 4629 0.2771957218647003
5030 4626 0.25139960646629333
5032 4627 0.31663569808006287
5033 4628 0.3005908131599426
5035 4637 0.284213662147522
5036 4650 0.3209047317504883
5037 4639 0.313357412815094
5040 4657 0.38072672486305237
5043 4658 0.29904478788375854
5044 4666 0.359035849571228
5046 4660 0.29163894057273865
5049 4668 0.3275578022003174
5051 4669 0.3727554976940155
5053 4670 0.5023834109306335
5054 4678 0.6635275483131409
5055 4672 0.25881922245025635
5056 4676 0.443256676197052
5057 4677 0.32594799995422363
5058 4675 0.26730892062187195
5059 4679 0.3431277275085449
5060 4683 0.35357436537742615
5061 4681 0.9065049290657043
5062 4682 0.31594493985176086
5063 4685 0.3256251811981201
5064 4686 0.41117092967033386
5065 4688 0.41350555419921875
5066 4684 0.2908914387226105
5068 4689 0.3334530293941498
5069 4690 0.46633511781692505
