3356
1 64 0.38411298394203186
4 65 0.3327471613883972
6 69 0.42518725991249084
7 71 0.3295741677284241
10 74 0.32660236954689026
11 82 0.3341068625450134
12 77 0.3565157651901245
13 78 0.4416831433773041
21 88 0.2574848532676697
22 91 0.25527092814445496
27 100 0.28035303950309753
31 95 0.33111345767974854
32 101 0.4953291714191437
33 104 0.2864703834056854
39 105 0.3345688581466675
40 108 0.2729622423648834
42 117 0.3009263873100281
44 110 0.25240281224250793
46 116 0.4400186836719513
48 120 0.3771889805793762
49 66 0.6316208839416504
55 136 0.438981294631958
64 131 0.27832257747650146
68 133 0.27477535605430603
71 139 0.2544821500778198
77 151 0.2524206340312958
79 155 0.2557729184627533
85 149 0.586471438407898
86 168 0.30857840180397034
88 181 0.25326868891716003
90 150 0.43427643179893494
91 153 0.39771562814712524
93 163 0.5842451453208923
94 152 0.49244001507759094
95 154 0.2812058925628662
97 164 0.37483587861061096
108 191 0.25880688428878784
113 201 0.3518350422382355
114 197 0.2875902056694031
117 202 0.29395654797554016
118 225 0.7289634943008423
119 200 0.3460102379322052
121 192 0.370944082736969
122 218 0.35372817516326904
125 211 0.27548640966415405
129 221 0.4376833438873291
132 219 0.3379136919975281
133 173 0.9399534463882446
138 241 0.3076927065849304
139 220 0.559649646282196
143 227 0.3736680746078491
144 229 0.3074049651622772
145 235 0.415300577878952
146 236 0.5122984051704407
148 232 0.4391915202140808
149 234 0.4491506516933441
151 240 0.4155731797218323
152 237 0.3756396472454071
153 251 0.278542697429657
154 252 0.4163963496685028
156 238 0.5766565203666687
157 239 0.5665950179100037
159 243 0.3244624137878418
161 266 0.3173321783542633
162 254 0.519840657711029
163 255 0.35388168692588806
164 262 0.3910670876502991
166 244 0.33062055706977844
167 242 0.6235221028327942
168 247 0.27674272656440735
175 249 0.32709547877311707
176 272 0.34678688645362854
177 280 0.34957411885261536
179 253 0.4470959007740021
181 259 0.2993481159210205
182 265 0.4131413400173187
183 264 0.4491857886314392
184 276 0.7622261047363281
185 269 0.2610676884651184
186 258 0.5732547640800476
187 274 0.5339465737342834
188 285 0.28468161821365356
190 279 0.8088930249214172
191 275 0.34540194272994995
192 281 0.4588807225227356
193 270 0.4725048542022705
195 271 0.44944503903388977
196 292 0.3447053134441376
199 287 0.2549726366996765
200 329 0.3271463215351105
201 267 0.2896007299423218
203 278 0.25006747245788574
205 293 0.25677689909935
207 311 0.40339162945747375
210 290 0.5655299425125122
211 291 0.5917412042617798
216 310 0.3489622175693512
217 326 0.31592777371406555
219 297 0.4513973593711853
221 327 0.26564666628837585
222 328 0.44368976354599
224 324 0.3582461178302765
225 318 0.37999001145362854
226 319 0.4539971947669983
227 325 0.6480129957199097
230 286 0.2989119291305542
231 282 0.37584388256073
233 309 0.48214641213417053
234 335 0.46398618817329407
235 351 0.4411560893058777
236 352 0.5106350779533386
237 323 0.36286088824272156
243 348 0.31979817152023315
244 349 0.272861510515213
245 367 0.4020892083644867
246 360 0.36909180879592896
247 368 0.343474417924881
249 305 0.5413282513618469
250 374 0.4822623133659363
251 376 0.3218662142753601
252 380 0.29285213351249695
254 347 0.4248840808868408
255 372 0.3327164053916931
258 369 0.3207707107067108
259 377 0.5540508031845093
261 354 0.4725629985332489
262 358 0.26566919684410095
263 363 0.6260132193565369
264 371 0.3731403052806854
265 364 0.2976352870464325
266 373 0.5658784508705139
270 386 0.6203624606132507
272 306 0.26002630591392517
273 314 0.31099504232406616
275 308 0.25886043906211853
277 403 0.4800468981266022
279 398 0.3868757486343384
280 313 0.317696750164032
282 341 0.25838762521743774
285 384 0.4664801359176636
286 385 0.26854896545410156
289 395 0.25474974513053894
290 396 0.33052757382392883
293 331 0.293513685464859
294 408 0.5380963683128357
295 418 0.5666231513023376
296 402 0.3888602554798126
301 415 0.3007473647594452
302 416 0.3006317913532257
303 419 0.6427812576293945
310 392 0.324768602848053
312 414 0.727081298828125
315 407 0.41325798630714417
317 422 0.3522788882255554
318 343 0.3208768963813782
319 370 0.4277699589729309
320 397 0.47783759236335754
322 357 0.8144570589065552
324 401 0.40329891443252563
325 390 0.6678547263145447
327 406 0.472014844417572
328 429 0.5364076495170593
329 426 0.394150048494339
330 432 0.4568001627922058
332 393 0.37809908390045166
333 413 0.4959545135498047
334 388 0.28685447573661804
335 431 0.46547579765319824
337 428 0.2733399569988251
339 441 0.3979390859603882
341 404 0.5198307037353516
343 405 0.38017159700393677
345 389 0.26837408542633057
346 399 0.33751657605171204
347 438 0.3415159583091736
348 449 0.26573964953422546
349 459 0.2556990087032318
350 411 0.6169552206993103
355 457 0.2959314286708832
356 458 0.30569007992744446
358 527 0.30530431866645813
359 410 0.28363367915153503
361 423 0.4064205586910248
362 424 0.42068880796432495
363 425 0.36242789030075073
364 447 0.3401397466659546
366 479 0.30419063568115234
367 420 0.471906840801239
370 448 0.49347758293151855
371 476 0.39987239241600037
372 488 0.42087581753730774
373 480 0.3323884606361389
375 455 0.6484994888305664
376 464 0.4315902590751648
377 430 0.4995255470275879
378 436 0.27606475353240967
379 462 0.41701310873031616
380 507 0.26437389850616455
382 444 0.3953000605106354
384 461 0.2863124907016754
385 494 0.3527407944202423
388 445 0.4903700351715088
389 434 0.39159029722213745
390 471 0.4038258194923401
391 505 0.4242200553417206
393 520 0.31334125995635986
394 528 0.5565036535263062
395 433 0.38750162720680237
396 469 0.7029138207435608
397 453 0.27255719900131226
398 506 0.4298805892467499
399 518 0.43088164925575256
400 535 0.25475946068763733
407 442 0.34108826518058777
408 450 0.3589068055152893
410 504 0.2741633653640747
414 500 0.47503596544265747
415 571 0.36239540576934814
423 472 0.8241361975669861
425 515 0.2606266140937805
426 456 0.40687042474746704
427 525 0.40273356437683105
429 521 0.25330033898353577
430 509 0.28754058480262756
431 460 0.3186188340187073
432 474 0.3920772075653076
433 503 0.44887402653694153
434 579 0.2997274696826935
435 497 0.29339781403541565
436 499 0.39910662174224854
437 493 0.5336324572563171
438 514 0.656348466873169
440 534 0.4501051604747772
441 613 0.30968600511550903
442 602 0.3246902525424957
444 510 0.42091473937034607
447 487 0.2749614715576172
450 529 0.3451020121574402
453 491 0.31262311339378357
455 614 0.3838020861148834
456 511 0.32048603892326355
457 501 0.4293508231639862
458 502 0.5639777183532715
460 556 0.36164411902427673
462 569 0.35026153922080994
463 586 0.32073310017585754
464 601 0.2653486430644989
466 634 0.35902148485183716
467 533 0.45240968465805054
468 523 0.343948096036911
469 540 0.27397361397743225
473 544 0.3072168231010437
475 621 0.2892146110534668
476 635 0.4618455171585083
478 522 0.35190483927726746
479 645 0.3590690791606903
482 538 0.4285408556461334
483 599 0.37237387895584106
485 620 0.314564049243927
486 628 0.2603076696395874
487 644 0.2900426983833313
488 629 0.5869055986404419
490 552 0.29413744807243347
491 588 0.48689883947372437
492 589 0.40839898586273193
493 553 0.35322892665863037
495 542 0.2757816016674042
496 600 0.46312636137008667
498 550 0.3498082160949707
500 653 0.3758865296840668
503 559 0.3334997892379761
504 554 0.3412567973136902
505 577 0.5018193125724792
506 539 0.41273337602615356
508 642 0.4276149570941925
510 674 0.47487789392471313
515 576 0.40727803111076355
518 585 0.5975425839424133
519 713 0.31682929396629333
521 616 0.4653768241405487
524 580 0.4817883372306824
528 696 0.42751792073249817
530 654 0.4412650763988495
531 604 0.4692724347114563
532 649 0.7101104855537415
533 655 0.5089126229286194
534 605 0.2766593396663666
537 638 0.3866647481918335
538 582 0.39656803011894226
539 562 0.3201029896736145
541 666 0.49400731921195984
542 709 0.43290895223617554
544 575 0.26254576444625854
546 608 0.6760513782501221
547 591 0.26220646500587463
552 710 0.35765793919563293
553 711 0.3726968467235565
554 712 0.3493318259716034
557 656 0.29256516695022583
558 622 0.28482580184936523
566 695 0.7111561894416809
567 637 0.2979300618171692
568 639 0.2752697467803955
569 609 0.28497061133384705
570 658 0.2819760739803314
571 693 0.2807425856590271
572 706 0.7295560836791992
573 728 0.5032858848571777
574 725 0.39035093784332275
575 729 0.3427882194519043
576 730 0.6312836408615112
578 665 0.322314977645874
579 651 0.279417484998703
580 705 0.574276864528656
586 698 0.4908215403556824
587 650 0.25719723105430603
588 663 0.471553236246109
590 761 0.35626083612442017
593 667 0.3468398153781891
594 662 0.5410227179527283
595 682 0.3649473190307617
599 752 0.5348711013793945
603 675 0.40157991647720337
604 668 0.3653031885623932
605 669 0.5475055575370789
606 671 0.30948612093925476
608 751 0.3912968933582306
611 714 0.435477077960968
614 701 0.7574998736381531
615 681 0.6931985020637512
619 736 0.3102364242076874
622 679 0.5862734913825989
623 680 0.45354801416397095
624 781 0.2500741481781006
626 716 0.459662526845932
627 685 0.26537951827049255
628 686 0.3436795473098755
629 722 0.6790547966957092
630 690 0.4899222254753113
633 735 0.3363630175590515
634 760 0.458586722612381
635 768 0.3437349498271942
636 777 0.38933447003364563
637 778 0.3064408004283905
639 688 0.606069803237915
640 691 0.3458390235900879
641 750 0.2631737291812897
642 734 0.2704469859600067
643 745 0.4709855914115906
644 801 0.26050832867622375
645 780 0.45215994119644165
648 747 0.44623756408691406
649 748 0.40760132670402527
650 756 0.8456608653068542
651 749 0.27822914719581604
652 717 0.40959957242012024
653 718 0.2534332275390625
654 719 0.3185094892978668
655 818 0.29237496852874756
656 792 0.3722339868545532
658 755 0.49497121572494507
659 720 0.32663723826408386
660 689 0.35008522868156433
662 555 0.31396493315696716
663 759 0.26523783802986145
666 798 0.38433027267456055
668 618 0.35625338554382324
669 708 0.4824959933757782
674 766 0.30295413732528687
675 775 0.662920355796814
676 790 0.6001118421554565
677 782 0.25496581196784973
678 739 0.3413502275943756
680 742 0.5880810618400574
681 779 0.4240073263645172
683 813 0.785224199295044
686 820 0.4585617780685425
688 741 0.5829917192459106
690 567 0.3126654624938965
691 800 0.6694074273109436
692 817 0.39426282048225403
693 827 0.34906139969825745
694 828 0.3527892529964447
695 829 0.30876678228378296
696 830 0.3725990951061249
697 831 0.2850187420845032
698 819 0.3033117651939392
699 772 0.5919771790504456
702 565 0.33614397048950195
703 584 0.31655627489089966
704 770 0.29185038805007935
705 740 0.2980738580226898
706 802 0.36855295300483704
707 794 0.2559676468372345
708 795 0.6142235994338989
709 763 0.3575723469257355
710 757 0.8603759407997131
711 773 0.6333725452423096
714 596 0.398802250623703
715 868 0.3292659819126129
716 821 0.3185635507106781
717 783 0.44844529032707214
718 764 0.33696499466896057
719 786 0.42150282859802246
722 595 0.37418657541275024
723 566 0.40230974555015564
725 624 0.43400028347969055
726 816 0.6070103645324707
729 796 0.667752206325531
730 785 0.35715383291244507
732 625 0.4108303189277649
733 832 0.27769288420677185
734 833 0.28672128915786743
735 822 0.2760215699672699
736 814 0.37801289558410645
737 774 0.4147326350212097
738 610 0.25364407896995544
739 594 0.2562282383441925
740 845 0.2687298357486725
741 834 0.39153727889060974
744 784 0.34522774815559387
747 849 0.5319115519523621
748 850 0.4322678744792938
749 854 0.3135146200656891
750 934 0.39706945419311523
753 857 0.48081710934638977
754 805 0.5452020168304443
756 807 0.3142414093017578
757 808 0.37906414270401
759 855 0.31011247634887695
762 803 0.5919596552848816
763 804 0.4642663896083832
765 672 0.267374724149704
766 908 0.4548409581184387
769 911 0.35353222489356995
770 923 0.47613266110420227
773 846 0.34375953674316406
774 809 0.3956195116043091
775 881 0.3733457028865814
778 884 0.28966039419174194
779 885 0.31497079133987427
780 874 0.41749897599220276
781 921 0.31848883628845215
782 922 0.30817902088165283
783 837 0.3196704089641571
784 883 0.26513564586639404
785 875 0.37623119354248047
786 904 0.5002296566963196
787 905 0.3994348645210266
788 906 0.45392748713493347
789 935 0.27706804871559143
790 912 0.3882395923137665
791 877 0.26569098234176636
792 859 0.41217362880706787
794 836 0.5104510188102722
795 847 0.3803485631942749
797 810 0.32807081937789917
798 692 0.3402532935142517
799 917 0.8004181981086731
800 918 0.32499104738235474
804 838 0.41631296277046204
805 641 0.4845595359802246
806 982 0.3001866042613983
808 936 0.2994825839996338
810 878 0.4501193165779114
811 886 0.4196609854698181
812 887 0.6084117293357849
813 871 0.3545600175857544
814 862 0.3032064735889435
815 942 0.28773534297943115
816 943 0.43682265281677246
820 901 0.34164953231811523
821 889 0.31249672174453735
822 860 0.6214218139648438
823 861 0.31339266896247864
824 872 0.3364996910095215
825 839 0.3352619707584381
827 949 0.2968664765357971
828 944 0.32063859701156616
829 959 0.5228800773620605
830 960 0.26227423548698425
832 963 0.5252705812454224
833 976 0.3052644431591034
835 946 0.28977975249290466
836 890 0.30816638469696045
837 962 0.3736908733844757
839 925 0.3088383674621582
840 891 0.5309714078903198
843 938 0.2749174237251282
844 940 0.2510809302330017
845 914 0.27848267555236816
847 980 0.27105066180229187
851 970 0.3218499422073364
852 971 0.39746686816215515
853 972 0.4429921507835388
854 939 0.3126720190048218
856 915 0.45401841402053833
857 898 0.32343581318855286
858 986 0.45871400833129883
859 987 0.32972946763038635
863 1018 0.41490471363067627
864 951 0.6035169959068298
865 952 0.46619728207588196
866 894 0.3543247580528259
867 1005 0.6313607096672058
870 953 0.5769463777542114
871 985 0.3908955752849579
873 896 0.3362700045108795
875 897 0.4896088242530823
879 992 0.27885791659355164
885 916 0.3440878391265869
888 1003 0.27418845891952515
892 928 0.37989652156829834
894 1013 0.4334344267845154
897 993 0.3584080934524536
898 888 0.35905537009239197
899 947 0.26970210671424866
900 929 0.5349894165992737
902 797 0.4192545711994171
904 998 0.38385188579559326
905 999 0.5574220418930054
906 955 0.33028462529182434
913 990 0.29848378896713257
914 1020 0.5491213798522949
919 1006 0.2529609203338623
920 1021 0.5954417586326599
921 1026 0.45263582468032837
922 978 0.323394775390625
923 956 0.8184904456138611
924 957 0.662212073802948
927 1012 0.4908800423145294
929 1025 0.5121752619743347
931 1019 0.2861640155315399
935 1052 0.4304623007774353
937 1054 0.2838360667228699
939 1017 0.38605791330337524
940 1069 0.32157841324806213
941 1034 0.2697736322879791
942 1055 0.38616541028022766
944 1035 0.38592758774757385
945 1007 0.37066611647605896
946 994 0.7615097165107727
947 811 0.2603181004524231
949 824 0.42417919635772705
950 825 0.3999517261981964
954 1066 0.29597461223602295
959 995 0.5136628150939941
961 1068 0.5339384078979492
962 1071 0.36058205366134644
964 841 0.25889450311660767
965 1023 0.258041650056839
970 1085 0.6066602468490601
971 1044 0.43548455834388733
972 1056 0.4161248207092285
974 979 0.38577893376350403
980 1051 0.39073753356933594
982 1072 0.6842644810676575
983 1008 0.5646563172340393
984 1028 0.4981112480163574
986 879 0.28781765699386597
987 864 0.3798925280570984
989 1065 0.6133970618247986
990 1046 0.29323723912239075
991 1047 0.2559359073638916
992 1042 0.540128231048584
993 1040 0.2788504660129547
994 1075 0.3480190336704254
995 1076 0.30668142437934875
996 1077 0.2656712234020233
998 1099 0.34180140495300293
1000 1067 0.35023248195648193
1002 1109 0.5628836750984192
1003 1101 0.4228467643260956
1006 903 0.26636838912963867
1007 1133 0.2743140161037445
1008 1093 0.28867286443710327
1010 1049 0.4004058837890625
1011 1037 0.4663008749485016
1012 1038 0.25779592990875244
1015 865 0.7071470618247986
1016 866 0.2693135142326355
1018 1030 0.4402230978012085
1019 1092 0.4885486364364624
1020 1045 0.4012790024280548
1023 1057 0.29467707872390747
1024 1048 0.37790295481681824
1025 1058 0.4041702449321747
1026 1059 0.4934573471546173
1027 1074 0.47556087374687195
1033 1107 0.256361186504364
1034 1061 0.5150814652442932
1038 1119 0.2588140368461609
1040 1073 0.39767390489578247
1041 1079 0.64892578125
1042 1036 0.41343972086906433
1046 1120 0.42227452993392944
1047 1145 0.568013072013855
1049 1102 0.38126155734062195
1055 1125 0.3686527907848358
1058 1134 0.3325231969356537
1059 1108 0.2554267644882202
1060 1132 0.38566046953201294
1062 1142 0.3015126883983612
1063 1143 0.413983017206192
1064 1144 0.7906435132026672
1066 1096 0.27990981936454773
1067 1110 0.5320724248886108
1068 1111 0.509678065776825
1069 1103 0.2847212553024292
1070 1158 0.32210418581962585
1074 933 0.4922526776790619
1075 1129 0.41383615136146545
1076 1160 0.6743000149726868
1078 1171 0.358476459980011
1079 1173 0.36197710037231445
1080 1113 0.44357171654701233
1081 1115 0.36240991950035095
1082 1136 0.37493133544921875
1083 1117 0.3504025340080261
1084 1121 0.5802814960479736
1087 973 0.46801745891571045
1089 1127 0.2758544683456421
1092 1184 0.3844127357006073
1093 1185 0.37259626388549805
1094 1186 0.5689666867256165
1095 1200 0.603146493434906
1096 1201 0.44231247901916504
1098 1161 0.9735659956932068
1100 1130 0.6702225208282471
1101 1131 0.7153708338737488
1103 1154 0.5019150376319885
1104 1126 0.3030029833316803
1107 1170 0.43407726287841797
1108 1140 0.266893208026886
1110 1137 0.4626989960670471
1112 1152 0.26048919558525085
1113 1199 0.39808863401412964
1114 1146 0.6434553265571594
1115 1167 0.6464858651161194
1116 1168 0.5104203820228577
1117 1155 0.27780863642692566
1120 1212 0.387789249420166
1122 1174 0.38480961322784424
1123 1177 0.43208980560302734
1124 1164 0.35710445046424866
1125 1165 0.4275619387626648
1126 1139 0.3211652636528015
1127 1153 0.7049520015716553
1128 1147 0.403860479593277
1130 1169 0.6269410848617554
1131 1195 0.92850661277771
1134 1182 0.2703085243701935
1135 1196 0.29395684599876404
1137 1179 0.38908466696739197
1138 1163 0.3811423182487488
1140 1166 0.42261171340942383
1143 1228 0.39890000224113464
1144 1217 0.3662572503089905
1146 1197 0.3310610353946686
1147 1183 0.3412587642669678
1148 1264 0.6325750946998596
1149 1251 0.31268393993377686
1150 1204 0.533470630645752
1151 1206 0.4943315386772156
1154 1227 0.4092380106449127
1155 1285 0.32248225808143616
1157 1202 0.29416802525520325
1158 1213 0.4683474004268646
1159 1205 0.4472029209136963
1160 1208 0.25598302483558655
1161 1233 0.2877361476421356
1162 1210 0.3346741795539856
1163 1211 0.38248410820961
1164 1260 0.30082452297210693
1165 1176 0.682334303855896
1166 1188 0.4098004102706909
1167 1189 0.3954610824584961
1171 1219 0.3397228419780731
1172 1252 0.43758025765419006
1173 1203 0.3909679055213928
1177 1226 0.2703268229961395
1178 1283 0.43071815371513367
1179 1220 0.432270348072052
1180 1297 0.2848396599292755
1181 1225 0.5101020932197571
1183 1282 0.3737853169441223
1186 1214 0.39865508675575256
1187 1230 0.3593263328075409
1189 1104 0.6766667366027832
1190 1216 0.4246799051761627
1191 1292 0.3200385868549347
1192 1284 0.4421939551830292
1195 1312 0.27567195892333984
1196 1298 0.6067013144493103
1199 1247 0.4482879340648651
1200 1253 0.28003478050231934
1201 1254 0.4078676998615265
1202 1380 0.2641019821166992
1205 1321 0.47377732396125793
1206 1322 0.4188908636569977
1207 1236 0.36619332432746887
1208 1243 0.3159331679344177
1209 1190 0.3086675703525543
1210 1240 0.3372154235839844
1213 1343 0.4195057451725006
1214 1265 0.4466411769390106
1215 1242 0.3635425567626953
1217 1272 0.787204384803772
1218 1379 0.4580163359642029
1220 1400 0.3627218008041382
1221 1313 0.5032959580421448
1222 1088 0.29152241349220276
1224 1291 0.26772579550743103
1225 1387 0.28291425108909607
1226 1318 0.514612078666687
1227 1341 0.44144901633262634
1228 1319 0.2642019987106323
1230 1351 0.44163429737091064
1231 1336 0.34489867091178894
1232 1314 0.4340251088142395
1235 1271 0.2582053542137146
1236 1377 0.2866266965866089
1239 1391 0.44194310903549194
1240 1279 0.3088966906070709
1241 1266 0.3533020317554474
1242 1324 0.29214584827423096
1243 1122 0.26141947507858276
1244 1123 0.34387362003326416
1245 1342 0.33353668451309204
1247 1293 0.7887923121452332
1248 1349 0.534284770488739
1249 1350 0.5240347385406494
1253 1105 0.31303301453590393
1255 1317 0.3316693603992462
1256 1376 0.29099661111831665
1258 1412 0.31038883328437805
1259 1392 0.2813413441181183
1260 1427 0.6016969680786133
1261 1393 0.4174169600009918
1262 1369 0.4638693928718567
1263 1354 0.49128422141075134
1264 1316 0.5171674489974976
1265 1363 0.3804875314235687
1266 1364 0.3097078502178192
1267 1423 0.3093560039997101
1268 1409 0.34160780906677246
1269 1390 0.31870394945144653
1270 1401 0.4228459596633911
1271 1352 0.4755273163318634
1273 1301 0.27636608481407166
1274 1315 0.26689067482948303
1275 1331 0.43434518575668335
1277 1148 0.30915483832359314
1279 1424 0.3217603266239166
1280 1410 0.514579176902771
1281 1411 0.3091079592704773
1282 1381 0.2667303681373596
1283 1382 0.3905017375946045
1284 1358 0.32539668679237366
1286 1150 0.44485023617744446
1289 1334 0.29804033041000366
1290 1340 0.3222658038139343
1291 1408 0.2704944610595703
1292 1433 0.27158111333847046
1295 1422 0.27908140420913696
1296 1448 0.2967410981655121
1298 1337 0.3443107306957245
1299 1373 0.29250380396842957
1303 1460 0.3299924433231354
1304 1425 0.35051417350769043
1305 1462 0.45672306418418884
1306 1449 0.28365856409072876
1310 1207 0.6025341749191284
1312 1181 0.3211655914783478
1313 1362 0.3283403217792511
1315 1461 0.3792080581188202
1316 1447 0.26001638174057007
1317 1490 0.2752414047718048
1320 1414 0.3672617971897125
1322 1439 0.4189228415489197
1324 1416 0.34729525446891785
1325 1330 0.3126082122325897
1330 1375 0.44688189029693604
1331 1386 0.2676415741443634
1335 1435 0.3521502614021301
1336 1438 0.647643506526947
1337 1464 0.59153813123703
1338 1451 0.8078384399414062
1339 1466 0.3974612057209015
1340 1415 0.5039121508598328
1343 1405 0.5578640103340149
1344 1431 0.5920488834381104
1346 1434 0.3295983672142029
1347 1507 0.7329096794128418
1348 1488 0.2921547591686249
1349 1480 0.7889909148216248
1350 1372 0.5050235390663147
1351 1191 0.25592297315597534
1352 1457 0.33679279685020447
1353 1388 0.3991248905658722
1355 1486 0.38468706607818604
1356 1498 0.41129839420318604
1359 1465 0.4823901653289795
1360 1452 0.47171738743782043
1361 1356 0.2685835361480713
1362 1224 0.4374508857727051
1364 1444 0.25760865211486816
1365 1445 0.28417572379112244
1367 1432 0.31927189230918884
1368 1446 0.30734047293663025
1370 1497 0.37212324142456055
1373 1403 0.35642531514167786
1374 1404 0.34194451570510864
1375 1395 0.2912420332431793
1376 1441 0.4738740026950836
1377 1520 0.33640214800834656
1378 1521 0.5980967283248901
1379 1522 0.6933690905570984
1380 1523 0.3590694069862366
1381 1463 0.3442420959472656
1383 1454 0.29721009731292725
1384 1221 0.30648931860923767
1389 1476 0.25040969252586365
1390 1426 0.45187458395957947
1391 1456 0.43395349383354187
1394 1482 0.2938794791698456
1395 1470 0.3155212700366974
1396 1484 0.31154510378837585
1397 1485 0.41833993792533875
1398 1496 0.4429106116294861
1400 1500 0.6511587500572205
1401 1524 0.3876025378704071
1402 1525 0.2693219780921936
1403 1526 0.3438352644443512
1405 1428 0.2836601734161377
1407 1239 0.3811699450016022
1408 1473 0.27416127920150757
1412 1551 0.3218511641025543
1414 1562 0.28119248151779175
1415 1552 0.5295292139053345
1416 1417 0.48291581869125366
1417 1418 0.43175986409187317
1422 1246 0.32030361890792847
1423 1494 0.3820222318172455
1424 1518 0.302322655916214
1426 1585 0.3140757381916046
1428 1535 0.6437757015228271
1431 1554 0.3609897792339325
1433 1534 0.3098159730434418
1434 1543 0.3169904053211212
1437 1506 0.2725847661495209
1440 1550 0.2800337076187134
1441 1584 0.28440454602241516
1444 1542 0.4880792200565338
1445 1544 0.3216167688369751
1446 1545 0.3356100022792816
1447 1527 0.3830159604549408
1448 1429 0.360723078250885
1452 1531 0.40975233912467957
1453 1519 0.2736338973045349
1456 1502 0.2535550594329834
1458 1469 0.6358933448791504
1459 1540 0.28166699409484863
1460 1569 0.5336126089096069
1462 1596 0.5019906759262085
1463 1577 0.3668077886104584
1464 1546 0.4703280031681061
1465 1547 0.3395858407020569
1467 1517 0.4211207330226898
1468 1541 0.2850589454174042
1471 1634 0.36148619651794434
1473 1637 0.29702678322792053
1476 1573 0.36145931482315063
1477 1533 0.298206090927124
1478 1575 0.3922922909259796
1479 1576 0.3620789647102356
1481 1481 0.3029133975505829
1482 1537 0.4700576364994049
1485 1328 0.47013115882873535
1486 1549 0.4862709939479828
1487 1530 0.37940990924835205
1488 1559 0.3144644796848297
1495 1614 0.6075617074966431
1497 1572 0.4327971041202545
1499 1513 0.2630728483200073
1500 1568 0.4430335462093353
1501 1581 0.4222882091999054
1502 1582 0.5275975465774536
1503 1570 0.5786750316619873
1504 1592 0.4357495903968811
1505 1665 0.4002741575241089
1506 1635 0.5151590704917908
1507 1553 0.6634048223495483
1511 1641 0.4110732972621918
1512 1642 0.3714772164821625
1513 1555 0.3651196360588074
1515 1536 0.2579823434352875
1516 1578 0.4297395944595337
1518 1579 0.7131964564323425
1522 1591 0.33677932620048523
1523 1593 0.29270192980766296
1524 1648 0.4189711809158325
1525 1649 0.5515261292457581
1536 1538 0.3302944004535675
1538 1607 0.3552206754684448
1539 1590 0.3034856617450714
1540 1608 0.29752346873283386
1542 1664 0.3885010778903961
1543 1667 0.464077353477478
1545 1594 0.3048097491264343
1546 1650 0.32807207107543945
1557 1613 0.42354416847229004
1558 1558 0.2541491687297821
1561 1599 0.2897595763206482
1562 1622 0.5561206340789795
1564 1609 0.6489598155021667
1565 1610 0.3046165108680725
1566 1668 0.34798485040664673
1567 1636 0.43791964650154114
1569 1684 0.3541754484176636
1577 1653 0.28808680176734924
1578 1565 0.28521451354026794
1579 1557 0.36094674468040466
1581 1603 0.5612016916275024
1582 1604 0.4913020133972168
1583 1620 0.46903395652770996
1584 1621 0.5253016352653503
1585 1670 0.33782121539115906
1587 1672 0.3250332176685333
1588 1673 0.3254736661911011
1591 1651 0.2713015377521515
1592 1638 0.4923677146434784
1593 1639 0.37968751788139343
1594 1640 0.541019082069397
1595 1652 0.30250751972198486
1597 1566 0.3868325650691986
1598 1656 0.3540055751800537
1599 1633 0.316134512424469
1600 1623 0.3739925026893616
1602 1695 0.43460747599601746
1605 1666 0.28021350502967834
1607 1647 0.5240397453308105
1609 1397 0.4410984516143799
1611 1360 0.37675684690475464
1614 1660 0.5459179282188416
1621 1669 0.3334842026233673
1622 1671 0.4265901446342468
1627 1686 0.3587750494480133
1628 1958 0.34360286593437195
1630 1616 0.4347546398639679
1631 1601 0.7381023168563843
1637 1605 0.29216256737709045
1638 1680 0.2934112548828125
1639 1682 0.28978389501571655
1640 1625 0.3160271942615509
1641 1626 0.33975687623023987
1642 1697 0.27905744314193726
1644 1655 0.3615010380744934
1647 1430 0.30194517970085144
1648 1681 0.3203033208847046
1649 1701 0.42255330085754395
1650 1716 0.36486032605171204
1653 1688 0.2647051513195038
1654 1617 0.3381274342536926
1656 1723 0.4211203157901764
1658 1724 0.5387736558914185
1659 1704 0.3642619848251343
1662 1643 0.3008793294429779
1663 1692 0.3188760280609131
1665 1698 0.4210440218448639
1666 1699 0.38521644473075867
1667 1709 0.46019238233566284
1673 1683 0.2683869004249573
1675 1690 0.3671896457672119
1676 1727 0.633692741394043
1680 1712 0.5356786251068115
1681 1766 0.3460204601287842
1682 1717 0.30800625681877136
1684 1725 0.3176358640193939
1687 1765 0.43329721689224243
1689 1773 0.3790099322795868
1691 1707 0.4254375398159027
1693 1720 0.334758460521698
1697 1736 0.38106489181518555
1698 1694 0.29062220454216003
1700 1744 0.29557010531425476
1701 1714 0.3008021414279938
1703 1715 0.34225741028785706
1704 1689 0.27045679092407227
1705 1726 0.45055052638053894
1706 1760 0.38562920689582825
1708 1733 0.5212833285331726
1709 1754 0.5957547426223755
1710 1737 0.35429197549819946
1711 1804 0.7804818749427795
1712 1805 0.46060335636138916
1713 1743 0.39711642265319824
1717 1774 0.38831809163093567
1718 1675 0.32561802864074707
1719 1759 0.41141921281814575
1720 1747 0.40458211302757263
1721 1764 0.516714870929718
1722 1735 0.6536026000976562
1723 1753 0.4645515978336334
1724 1738 0.4276667535305023
1727 1829 0.46622973680496216
1728 1807 0.42117613554000854
1730 1959 0.5761876106262207
1732 1785 0.40910768508911133
1733 1797 0.3837292492389679
1734 1745 0.3591608703136444
1735 1746 0.4982205033302307
1736 1757 0.3576405346393585
1738 1811 0.39280664920806885
1739 1812 0.2854291796684265
1740 1813 0.26633358001708984
1741 1768 0.3705781102180481
1742 1758 0.40492719411849976
1743 1788 0.43637922406196594
1746 1514 0.9385784268379211
1749 1830 0.55855393409729
1750 1772 0.29524415731430054
1751 1755 0.3805920481681824
1754 1789 0.36685502529144287
1757 1842 0.5517544150352478
1761 1837 0.3810965120792389
1762 1800 0.46165087819099426
1764 1776 0.4098934233188629
1765 1854 0.5005990266799927
1766 1844 0.35799920558929443
1768 1857 0.2653774917125702
1769 1836 0.43922585248947144
1770 1877 0.3133009374141693
1771 1786 0.3491063714027405
1774 1798 0.36781734228134155
1775 1799 0.536229133605957
1778 1790 0.2788371741771698
1780 1793 0.4665375053882599
1783 1806 0.38770678639411926
1784 1822 0.5494969487190247
1785 1823 0.4065508246421814
1786 1778 0.4554968476295471
1787 1779 0.2703526020050049
1788 1740 0.31855079531669617
1790 2088 0.5782629251480103
1793 1819 0.6570649147033691
1795 1821 0.3663913905620575
1796 1859 0.3476378917694092
1797 1867 0.45281845331192017
1798 1815 0.368710458278656
1799 1884 0.44177499413490295
1800 1871 0.3222897946834564
1801 1872 0.5493848323822021
1802 1886 0.3599025011062622
1804 1903 0.3918166756629944
1807 1780 0.2654438018798828
1808 1824 0.42921939492225647
1809 1826 0.26939982175827026
1810 1853 0.2699676752090454
1815 1858 0.36816197633743286
1816 1890 0.4028814435005188
1817 1849 0.3086093068122864
1818 1868 0.4166819751262665
1820 1598 0.3824191987514496
1822 1898 0.35228997468948364
1824 2040 0.2603171169757843
1826 1865 0.2751828730106354
1828 1892 0.44727757573127747
1831 1918 0.35910913348197937
1835 1880 0.49969133734703064
1836 1851 0.25574997067451477
1837 1628 0.5075100064277649
1838 1629 0.37463754415512085
1839 1861 0.44914552569389343
1841 1900 0.4397481083869934
1842 1911 0.5628037452697754
1844 1889 0.3032490015029907
1845 1878 0.595949649810791
1846 1879 0.31338369846343994
1847 1860 0.3729325532913208
1848 1630 0.35352179408073425
1849 1631 0.3929160535335541
1850 1632 0.5071268081665039
1851 1881 0.45855480432510376
1852 1870 0.3274937570095062
1853 1801 0.2976222336292267
1854 1926 0.31042346358299255
1859 1909 0.3871440589427948
1864 1658 0.46548911929130554
1865 1896 0.3057408034801483
1868 1919 0.4708099961280823
1869 1910 0.26588159799575806
1870 1922 0.5185132026672363
1871 1913 0.38556376099586487
1872 1894 0.5698789954185486
1874 1901 0.41628557443618774
1875 1937 0.39577460289001465
1876 1962 0.5626255869865417
1877 1921 0.4749875068664551
1878 1947 0.34782758355140686
1880 1952 0.3468345105648041
1881 1927 0.29000699520111084
1882 1977 0.9775983095169067
1883 2146 0.255511075258255
1886 1993 0.7680607438087463
1887 1978 0.3476783335208893
1888 1940 0.36831650137901306
1892 1943 0.28224727511405945
1894 1984 0.32248347997665405
1895 1945 0.3111816644668579
1897 1938 0.4799942672252655
1898 1946 0.35800841450691223
1901 1905 0.38889509439468384
1905 2026 0.26751142740249634
1907 1971 0.44737398624420166
1909 1963 0.4552953541278839
1913 1923 0.2894345223903656
1914 1992 0.7512502670288086
1915 1914 0.27482959628105164
1918 2021 0.35086166858673096
1919 2036 0.3816067576408386
1921 1981 0.2560005784034729
1922 1982 0.28500378131866455
1924 2025 0.2893083989620209
1925 2003 0.4631069302558899
1926 2027 0.30526620149612427
1927 1988 0.31029173731803894
1928 1731 0.3486897647380829
1930 1606 0.2643832266330719
1931 1951 0.30515092611312866
1935 2072 0.2884384095668793
1936 2044 0.4400140643119812
1937 2060 0.48331621289253235
1938 1987 0.3929632604122162
1939 1749 0.30759090185165405
1940 1750 0.2552633583545685
1941 1751 0.35895711183547974
1942 1752 0.4383554458618164
1944 1974 0.5499709248542786
1945 1966 0.6202885508537292
1946 1967 0.37230074405670166
1947 1950 0.2849510610103607
1948 1979 0.3628719449043274
1949 2059 0.3761167526245117
1950 2073 0.43608009815216064
1951 2074 0.4153837561607361
1952 2062 0.3856218457221985
1953 1949 0.3567977249622345
1958 1980 0.32524344325065613
1961 2002 0.293822318315506
1962 2104 0.39711982011795044
1963 2061 0.39834460616111755
1965 2004 0.3258954584598541
1968 1770 0.27707889676094055
1969 1781 0.2973234951496124
1970 1991 0.32989805936813354
1971 2098 0.3464150130748749
1972 2099 0.3006191849708557
1975 2090 0.36841800808906555
1976 2071 0.3496434688568115
1977 2092 0.4365119934082031
1978 2014 0.5143176913261414
1980 2007 0.256313294172287
1981 2008 0.3420068025588989
1983 1990 0.47259318828582764
1985 1917 0.2934073209762573
1986 1995 0.37693652510643005
1987 2056 0.2525990605354309
1988 2013 0.7076584696769714
1989 2141 0.4180699288845062
1990 2063 0.5675262808799744
1991 2029 0.3253991901874542
1994 2032 0.4946640133857727
1995 2033 0.48573240637779236
1997 2035 0.31688249111175537
1999 2068 0.4212886393070221
2000 2070 0.2816353142261505
2001 2103 0.29448941349983215
2002 2012 0.2986386716365814
2003 2043 0.3035582900047302
2004 2106 0.36214250326156616
2005 2077 0.34048670530319214
2007 2045 0.29542556405067444
2008 2015 0.426381915807724
2010 2018 0.3217845857143402
2011 2065 0.2950595021247864
2012 2050 0.323224276304245
2013 2132 0.3077872097492218
2014 2276 0.31646814942359924
2016 2136 0.44643890857696533
2017 2137 0.3655785024166107
2018 2127 0.3398187756538391
2019 2076 0.5889487862586975
2021 2093 0.3252304196357727
2023 2030 0.3167504668235779
2025 2082 0.4470515549182892
2026 2064 0.32959333062171936
2031 2114 0.559457540512085
2032 2037 0.4392685890197754
2033 2118 0.31196433305740356
2034 2124 0.35672932863235474
2035 2006 0.5127837657928467
2036 2046 0.3909410536289215
2037 2048 0.3320133686065674
2038 2078 0.3402640223503113
2039 2079 0.34763988852500916
2040 2080 0.34253594279289246
2041 2081 0.3238333463668823
2042 2084 0.48634982109069824
2043 1840 0.3715742826461792
2044 2133 0.32307448983192444
2047 2386 0.5282647013664246
2049 2126 0.29638388752937317
2052 2094 0.5035921931266785
2053 2017 0.389563649892807
2055 2101 0.4834286868572235
2056 2153 0.2878184914588928
2057 2169 0.4796707332134247
2058 2108 0.34497368335723877
2059 2109 0.38461074233055115
2060 2110 0.2727995812892914
2061 2113 0.25347915291786194
2062 2067 0.30526530742645264
2065 2332 0.2531742453575134
2069 2149 0.4629320502281189
2070 2150 0.45292946696281433
2071 2152 0.44192203879356384
2072 2135 0.43523335456848145
2073 2095 0.32691991329193115
2075 2128 0.4003913700580597
2076 2129 0.548626720905304
2077 2111 0.29193806648254395
2079 2183 0.7226818799972534
2081 2123 0.25160178542137146
2082 2164 0.37060001492500305
2083 2165 0.434125691652298
2084 2167 0.33638834953308105
2085 2107 0.43613001704216003
2086 2112 0.38979142904281616
2088 2160 0.3628612160682678
2089 2116 0.3799254894256592
2090 2350 0.3032270073890686
2091 2387 0.5489025115966797
2092 2173 0.356656551361084
2094 2201 0.4921001195907593
2095 2143 0.3719572126865387
2096 2184 0.28970322012901306
2097 2134 0.27099329233169556
2100 2162 0.8528227806091309
2103 2163 0.2711266875267029
2104 2168 0.4134211838245392
2105 2231 0.602664053440094
2106 2232 0.5435780882835388
2108 2138 0.5658692717552185
2109 2139 0.36001887917518616
2111 2157 0.42337778210639954
2112 2211 0.3655366897583008
2113 2198 0.3118361234664917
2114 2243 0.4746890664100647
2115 2223 0.3051154315471649
2117 2422 0.27192994952201843
2119 2423 0.33073726296424866
2120 2189 0.3097876310348511
2121 2233 0.6241485476493835
2122 2142 0.4585644006729126
2123 2156 0.45654845237731934
2125 2226 0.3883591890335083
2126 2185 0.3014712929725647
2129 2180 0.45585232973098755
2130 2263 0.32287830114364624
2131 2190 0.33948642015457153
2132 2234 0.6036413311958313
2133 2194 0.4959975481033325
2135 2247 0.3668728768825531
2136 2130 0.45932599902153015
2137 2241 0.43203461170196533
2138 2242 0.38113903999328613
2139 2222 0.42028218507766724
2140 2178 0.6495282053947449
2141 2425 0.31321728229522705
2143 2407 0.5011703372001648
2144 2181 0.43697890639305115
2145 2199 0.34090062975883484
2147 2192 0.4862862825393677
2148 2235 0.6885823607444763
2149 2218 0.32526639103889465
2150 2219 0.36915168166160583
2151 2202 0.3546266555786133
2152 2171 0.4344980716705322
2154 2259 0.27731257677078247
2155 2240 0.3871473968029022
2156 2260 0.35570645332336426
2158 2271 0.5162661671638489
2159 2272 0.3105821907520294
2160 2224 0.3000148832798004
2161 2225 0.4087808430194855
2162 2472 0.36567264795303345
2163 2473 0.3138604462146759
2164 2442 0.3447191119194031
2166 2424 0.3285786807537079
2167 2426 0.3307243287563324
2168 2228 0.5726045370101929
2169 2176 0.44311508536338806
2170 2281 0.3440419137477875
2171 2269 0.3082645535469055
2173 2275 0.4779433310031891
2175 2216 0.40157991647720337
2177 2229 0.46286848187446594
2179 2321 0.4341534376144409
2180 2182 0.49438953399658203
2181 2268 0.41375526785850525
2182 2280 0.4418238699436188
2183 2302 0.3782840967178345
2184 2261 0.35645559430122375
2185 2486 0.3305291533470154
2186 2444 0.26883262395858765
2187 2246 0.2831687927246094
2189 2265 0.2553011178970337
2192 2170 0.3258562982082367
2193 2196 0.4452610909938812
2194 2177 0.3602675497531891
2195 2257 0.38019153475761414
2196 2258 0.29738616943359375
2197 2267 0.4354056417942047
2199 2318 0.29136455059051514
2200 2301 0.29906532168388367
2201 2273 0.35778483748435974
2204 2497 0.28129976987838745
2205 2458 0.28116995096206665
2206 2289 0.348285973072052
2207 2230 0.35480085015296936
2208 2237 0.5431002974510193
2209 2204 0.44395262002944946
2210 2197 0.38687536120414734
2212 2327 0.2871514558792114
2213 2485 0.2970089316368103
2214 2475 0.2774300277233124
2215 2309 0.2697159945964813
2217 2312 0.38007986545562744
2218 2203 0.4546731114387512
2221 2284 0.3022041618824005
2222 2311 0.4604952931404114
2223 2339 0.7389876842498779
2224 2346 0.4905688464641571
2225 2340 0.641898512840271
2226 2341 0.3985414206981659
2227 2322 0.29821717739105225
2229 2248 0.3109114170074463
2230 2195 0.3603273332118988
2231 2206 0.4809597134590149
2232 2207 0.2567536532878876
2233 2208 0.39140400290489197
2234 2221 0.3506509065628052
2235 2255 0.35071781277656555
2236 2256 0.34691786766052246
2237 2303 0.38402286171913147
2238 2319 0.2975024878978729
2239 2328 0.39439070224761963
2240 2329 0.6286414265632629
2241 2262 0.4904378652572632
2242 2557 0.31725865602493286
2243 2558 0.42624935507774353
2244 2282 0.35549789667129517
2247 2290 0.46810805797576904
2248 2238 0.41632169485092163
2250 2250 0.3342626988887787
2251 2209 0.48258158564567566
2253 2564 0.3962179720401764
2256 2305 0.5429853200912476
2257 2351 0.2635665535926819
2258 2353 0.366956502199173
2259 2347 0.3456197679042816
2260 2249 0.3691301941871643
2261 2251 0.5884984731674194
2263 2562 0.43629807233810425
2265 2577 0.3723124563694
2266 2565 0.4766010344028473
2267 2338 0.35454243421554565
2268 2354 0.362732857465744
2269 2380 0.36081698536872864
2270 2355 0.805121123790741
2271 2291 0.27474939823150635
2272 2279 0.37850964069366455
2273 2239 0.4567766487598419
2274 2252 0.3555290997028351
2276 2298 0.31440240144729614
2278 2367 0.3579261302947998
2279 2330 0.5506321787834167
2283 2335 0.5788543820381165
2284 2378 0.2887488603591919
2285 2391 0.9712994694709778
2286 2463 0.7648679614067078
2287 2342 0.4504813551902771
2288 2292 0.3427692651748657
2289 2324 0.4126467704772949
2290 2253 0.47917190194129944
2291 2344 0.3167211413383484
2292 2436 0.4033454656600952
2294 2575 0.2926868498325348
2295 2393 0.39443808794021606
2296 2394 0.3360176980495453
2299 2278 0.32811713218688965
2301 2390 0.2747281789779663
2304 2357 0.2505403757095337
2305 2293 0.31286558508872986
2307 2313 0.733486533164978
2308 2294 0.43418365716934204
2309 2316 0.3638540208339691
2310 2453 0.495553582906723
2311 2416 0.44717735052108765
2312 2417 0.4390365779399872
2313 2418 0.4157000184059143
2314 2368 0.5199199914932251
2316 2612 0.3254777193069458
2317 2371 0.29448434710502625
2319 2373 0.2712935209274292
2321 2412 0.35154157876968384
2322 2379 0.45818716287612915
2323 2431 0.4780048429965973
2324 2392 0.30487602949142456
2325 2381 0.3704318106174469
2328 2296 0.44883593916893005
2329 2384 0.3769911825656891
2331 2415 0.5224738121032715
2333 2437 0.4717763364315033
2334 2438 0.45965903997421265
2335 2594 0.3350951075553894
2336 2578 0.28387776017189026
2339 2400 0.3318563401699066
2340 2432 0.4000799059867859
2341 2454 0.6896575689315796
2342 2456 0.4049866795539856
2343 2440 0.5602701902389526
2344 2644 0.4074493646621704
2345 2429 0.25517040491104126
2346 2446 0.3238988220691681
2347 2447 0.2614835500717163
2348 2401 0.2577057182788849
2351 2348 0.2935769557952881
2352 2343 0.26988711953163147
2354 2326 0.4619349241256714
2355 2452 0.411620169878006
2356 2455 0.7335711717605591
2362 2388 0.39598339796066284
2363 2478 0.6469700336456299
2366 2433 0.32152658700942993
2369 2358 0.510017991065979
2370 2359 0.46891993284225464
2371 2360 0.4289493262767792
2373 2495 0.4968430995941162
2374 2471 0.3488507568836212
2375 2484 0.3639255166053772
2377 2613 0.27849701046943665
2378 2629 0.36635610461235046
2380 2462 0.42319008708000183
2381 2349 0.4107433557510376
2382 2496 0.5019543170928955
2383 2427 0.38577452301979065
2384 2537 0.3350142538547516
2385 2490 0.73100745677948
2386 2526 0.7321216464042664
2387 2501 0.4066683053970337
2388 2511 0.4592357575893402
2390 2402 0.32588738203048706
2391 2396 0.4513973593711853
2392 2382 0.3078388571739197
2393 2494 0.533154308795929
2394 2483 0.2971837520599365
2399 2445 0.37071844935417175
2400 2500 0.5122597813606262
2401 2527 0.3988102376461029
2402 2540 0.37129446864128113
2404 2505 0.3158952295780182
2406 2480 0.36711785197257996
2407 2491 0.33572524785995483
2408 2404 0.25844112038612366
2409 2383 0.3628484308719635
2411 2325 0.5155640840530396
2412 2363 0.4385051429271698
2413 2364 0.5370018482208252
2414 2518 0.5962787866592407
2415 2519 0.4272122383117676
2416 2520 0.5609256029129028
2417 2554 0.4822370111942291
2418 2521 0.3886570632457733
2419 2556 0.3180280923843384
2420 2522 0.43193531036376953
2421 2533 0.3579435348510742
2422 2523 0.26859018206596375
2423 2664 0.30885955691337585
2424 2460 0.30778515338897705
2425 2499 0.3330376446247101
2428 2397 0.35845014452934265
2429 2531 0.5002248883247375
2430 2476 0.37915924191474915
2432 2525 0.38522928953170776
2433 2512 0.8326461911201477
2434 2567 0.3097887933254242
2435 2506 0.33725982904434204
2436 2449 0.3545982241630554
2437 2361 0.554215669631958
2438 2450 0.3955734670162201
2439 2517 0.3842184841632843
2440 2551 0.32862287759780884
2441 2552 0.35072648525238037
2442 2532 0.5335296988487244
2443 2555 0.7644493579864502
2447 2534 0.3421594798564911
2448 2488 0.6588947176933289
2449 2477 0.5236655473709106
2452 2541 0.3232039213180542
2454 2513 0.3635058104991913
2455 2528 0.39233043789863586
2456 2448 0.4222753345966339
2457 2451 0.3217271864414215
2458 2414 0.5164050459861755
2459 2405 0.510805070400238
2460 2561 0.5571568608283997
2461 2791 0.3154054582118988
2462 2482 0.33022603392601013
2463 2435 0.45151832699775696
2464 2536 0.3197457194328308
2465 2544 0.2942681908607483
2467 2493 0.3841411769390106
2468 2588 0.3893619477748871
2469 2600 0.4601730704307556
2470 2590 0.29815688729286194
2471 2592 0.323866069316864
2472 2498 0.7559728026390076
2474 2535 0.48629137873649597
2475 2566 0.338859885931015
2477 2466 0.739194929599762
2479 2507 0.4141385853290558
2484 2603 0.3801596164703369
2485 2605 0.3611822724342346
2486 2481 0.39642396569252014
2487 2516 0.2616499364376068
2490 2622 0.5321748852729797
2492 2611 0.36800718307495117
2494 2661 0.3472442626953125
2495 2627 0.3231040835380554
2496 2643 0.4733256995677948
2498 2602 0.3612280786037445
2499 2615 0.4098367393016815
2500 2582 0.39477112889289856
2501 2572 0.4681558310985565
2502 2549 0.46224385499954224
2503 2624 0.46147480607032776
2504 2639 0.37991100549697876
2505 2625 0.28506386280059814
2506 2641 0.31953874230384827
2507 2662 0.38256874680519104
2510 2538 0.5436304211616516
2511 2647 0.3656196594238281
2512 2648 0.3266609311103821
2513 2604 0.4857875406742096
2515 2635 0.3518497943878174
2516 2545 0.2743762731552124
2517 2492 0.2891329824924469
2521 2616 0.47520679235458374
2522 2667 0.4750749468803406
2525 2583 0.3298552632331848
2526 2547 0.2950994670391083
2528 2514 0.9246345162391663
2529 2679 0.5466442108154297
2531 2614 0.3712601065635681
2533 2666 0.3738758862018585
2534 2670 0.7231361865997314
2535 2596 0.26677006483078003
2536 2858 0.2591850459575653
2537 2841 0.3059750199317932
2538 2689 0.3493514955043793
2539 2683 0.35633423924446106
2540 2684 0.42467260360717773
2541 2691 0.7813636660575867
2543 2685 0.44821271300315857
2544 2669 0.45926815271377563
2545 2617 0.2942202091217041
2546 2650 0.34787899255752563
2548 2620 0.3713270425796509
2550 2571 0.3329239785671234
2551 2548 0.4460069537162781
2552 2585 0.392037957906723
2554 2690 0.28758254647254944
2555 2646 0.593011736869812
2556 2631 0.4922146499156952
2558 2632 0.32610687613487244
2559 2649 0.34516289830207825
2560 2633 0.309261292219162
2561 2651 0.278727650642395
2562 2584 0.31597447395324707
2563 2573 0.4404834508895874
2564 2559 0.3350008428096771
2565 2665 0.2681172490119934
2566 2734 0.4552132785320282
2567 2703 0.4653151333332062
2569 2598 0.4265608489513397
2570 2709 0.43928787112236023
2572 2702 0.45676663517951965
2574 2618 0.3589690923690796
2575 2673 0.31590306758880615
2576 2606 0.4449317157268524
2577 2719 0.716153085231781
2578 2655 0.6103452444076538
2580 2656 0.5832208395004272
2581 2657 0.4715113937854767
2582 2658 0.5313705801963806
2584 2680 0.3171814978122711
2585 2681 0.4068494737148285
2586 2692 0.3044808804988861
2588 2738 0.521895170211792
2589 2609 0.5542040467262268
2590 2610 0.36920166015625
2591 2728 0.33808261156082153
2593 2712 0.3144518733024597
2594 2757 0.36297786235809326
2595 2672 0.34053605794906616
2596 2621 0.35979336500167847
2597 2638 0.3816697299480438
2598 2742 0.5175266265869141
2599 2729 0.3410710394382477
2600 2731 0.2979922890663147
2602 2732 0.27408936619758606
2603 2744 0.28655534982681274
2604 2745 0.6541257500648499
2606 2735 0.39642584323883057
2607 2686 0.5643656253814697
2608 2671 0.38377755880355835
2609 2687 0.26740914583206177
2610 2636 0.3120003342628479
2612 2720 0.38839030265808105
2613 2698 0.44798579812049866
2614 2706 0.45956259965896606
2615 2711 0.28632697463035583
2616 2911 0.48487019538879395
2617 2713 0.38431450724601746
2618 2716 0.45559242367744446
2619 2758 0.8530871272087097
2620 2778 0.35012996196746826
2621 2779 0.34121158719062805
2622 2693 0.44397294521331787
2623 2694 0.5822421908378601
2624 2705 0.3188389241695404
2626 2675 0.38928139209747314
2627 2659 0.42913100123405457
2628 2741 0.2978513836860657
2629 2766 0.34050196409225464
2630 2912 0.3075677156448364
2631 2890 0.2983921468257904
2632 2715 0.5405415296554565
2633 2756 0.6362548470497131
2634 2777 0.3075014352798462
2636 2723 0.44558054208755493
2637 2707 0.3685750961303711
2639 2769 0.5072820782661438
2640 2770 0.31034767627716064
2641 2771 0.40765419602394104
2643 2755 0.3671042025089264
2644 2921 0.45272520184516907
2645 2884 0.25237753987312317
2646 2746 0.3801291882991791
2648 2759 0.801703929901123
2650 2654 0.35152512788772583
2651 2752 0.31761041283607483
2652 2801 0.47398972511291504
2653 2790 0.46823710203170776
2656 2733 0.362800657749176
2657 2776 0.3998948931694031
2660 2781 0.347565621137619
2661 2760 0.3808349370956421
2663 2725 0.40194427967071533
2664 2935 0.41468003392219543
2665 2806 0.46638670563697815
2666 2807 0.3561354875564575
2667 2793 0.32162413001060486
2668 2696 0.25053176283836365
2669 2726 0.3507000803947449
2670 2812 0.37771597504615784
2672 2957 0.4020608365535736
2673 2718 0.5105498433113098
2675 2826 0.3238963484764099
2676 2827 0.42059412598609924
2677 2772 0.38139793276786804
2679 2802 0.26401737332344055
2681 2956 0.4424276649951935
2682 2958 0.35097241401672363
2683 2964 0.35431328415870667
2684 2774 0.3160416781902313
2686 2805 0.37829673290252686
2687 2816 0.4758920669555664
2688 2817 0.30514657497406006
2689 2818 0.5870354771614075
2691 2782 0.34154561161994934
2692 2750 0.42451590299606323
2693 2751 0.2687470018863678
2694 2762 0.5494717955589294
2695 2740 0.3224188983440399
2696 2753 0.4171789884567261
2697 2829 0.47563526034355164
2698 2833 0.570548951625824
2699 2834 0.5813050866127014
2702 2722 0.37424972653388977
2704 2787 0.4505423605442047
2706 2727 0.2780410945415497
2708 2980 0.5188045501708984
2710 2803 0.5107436776161194
2711 2804 0.329510360956192
2712 2749 0.28162240982055664
2713 2761 0.46271225810050964
2714 2724 0.2890549600124359
2715 2798 0.33414700627326965
2716 2786 0.6369196176528931
2717 2840 0.29401010274887085
2720 2851 0.2943930923938751
2721 2873 0.5105766654014587
2722 2863 0.6583420038223267
2723 2794 0.3151952624320984
2724 2795 0.26419469714164734
2726 2799 0.4241735339164734
2727 2800 0.7094213962554932
2728 2860 0.4783327281475067
2729 2866 0.4267960488796234
2730 2813 0.30230361223220825
2735 2765 0.3330300450325012
2736 2855 0.3603919446468353
2737 2868 0.38237687945365906
2738 2876 0.25142383575439453
2740 2814 0.3513548672199249
2741 2815 0.36733919382095337
2744 2871 0.3062824606895447
2745 2872 0.4676997661590576
2746 2819 0.6060582399368286
2747 2820 0.43657901883125305
2748 2821 0.35795924067497253
2749 2808 0.31446537375450134
2750 2785 0.2938750088214874
2751 2839 0.3319823443889618
2752 2869 0.37253764271736145
2754 2773 0.6770366430282593
2755 3038 0.42813727259635925
2756 2861 0.3102390766143799
2759 2822 0.28189757466316223
2760 2837 0.2963007986545563
2761 2882 0.6704065799713135
2763 2888 0.43399778008461
2765 2867 0.7263736724853516
2767 3006 0.30241695046424866
2769 3020 0.33832740783691406
2770 3007 0.3037422001361847
2771 3008 0.36309418082237244
2772 2881 0.47900286316871643
2773 2892 0.4302365779876709
2774 2838 0.45325785875320435
2775 2789 0.3293667733669281
2776 2848 0.2925272285938263
2780 3049 0.3986147940158844
2783 2891 0.322796106338501
2784 2844 0.3965933620929718
2786 2796 0.4024156630039215
2787 2854 0.7063059210777283
2789 2889 0.4962691366672516
2790 2902 0.4242253303527832
2792 3048 0.29340341687202454
2793 2916 0.2813652455806732
2794 2893 0.4089493155479431
2795 2847 0.762075662612915
2796 2853 0.4861569106578827
2797 3060 0.30616241693496704
2800 2923 0.5149169564247131
2801 2917 0.35778144001960754
2802 2852 0.2740211486816406
2804 2886 0.5357798337936401
2807 2875 0.5127607583999634
2808 2901 0.2787770926952362
2815 3094 0.3525181710720062
2816 3078 0.3053649067878723
2817 3079 0.31491342186927795
2818 2982 0.346116840839386
2819 2915 0.2717907130718231
2821 2976 0.33543145656585693
2822 3116 0.3275509178638458
2823 3128 0.3564049303531647
2825 2846 0.3608779013156891
2827 2887 0.39991357922554016
2828 2864 0.2821614146232605
2829 3104 0.34266236424446106
2830 3119 0.3794952929019928
2831 3010 0.2801368236541748
2832 3011 0.2831091284751892
2833 2928 0.3593136668205261
2836 3162 0.2968093156814575
2838 3144 0.31697648763656616
2842 3117 0.26425641775131226
2843 3021 0.333592027425766
2844 3022 0.39302510023117065
2845 2914 0.39458632469177246
2846 2922 0.42792418599128723
2847 2937 0.40460294485092163
2849 2940 0.26356178522109985
2850 2894 0.45524412393569946
2853 2898 0.44433000683784485
2854 2920 0.4582147002220154
2855 2954 0.5333338379859924
2857 2997 0.6159975528717041
2858 3165 0.33189621567726135
2859 3145 0.34279605746269226
2861 3146 0.485440194606781
2862 3077 0.32386359572410583
2863 3102 0.2581898272037506
2865 3167 0.38394084572792053
2866 3009 0.3111884891986847
2868 2929 0.28218403458595276
2869 2959 0.3077786862850189
2872 2907 0.3598242402076721
2873 2927 0.30783653259277344
2875 2953 0.5482093095779419
2876 2977 0.4564378559589386
2877 2962 0.4020865261554718
2878 2910 0.5209627747535706
2879 3050 0.34984225034713745
2881 2983 0.4317866265773773
2882 2897 0.3156266212463379
2883 2919 0.358963280916214
2884 2931 0.4727225601673126
2885 3002 0.5666117668151855
2887 3143 0.4317755103111267
2889 3164 0.26292362809181213
2890 3190 0.2842814326286316
2891 3192 0.2796219289302826
2893 3062 0.2794390618801117
2896 2966 0.26282232999801636
2897 2967 0.29708370566368103
2898 2968 0.33573678135871887
2899 2895 0.41964858770370483
2900 2906 0.5533880591392517
2902 2896 0.4914913475513458
2903 2945 0.33743903040885925
2905 2996 0.47582533955574036
2906 3031 0.5515276789665222
2908 2978 0.2934165596961975
2909 3179 0.46031177043914795
2910 3193 0.37128913402557373
2911 2987 0.2915685772895813
2914 2946 0.4200012981891632
2915 2995 0.33770623803138733
2916 3003 0.9715292453765869
2918 3080 0.3254547417163849
2919 3082 0.3199998438358307
2920 2984 0.29087701439857483
2921 2930 0.5364434719085693
2922 2943 0.4436715543270111
2923 3236 0.32485222816467285
2927 3194 0.3012341856956482
2930 2986 0.36068040132522583
2931 3013 0.3861834704875946
2933 2950 0.5933438539505005
2935 2942 0.5868552327156067
2936 2972 0.40109536051750183
2937 2990 0.39858171343803406
2938 2974 0.3825235068798065
2939 3045 0.3802274465560913
2940 3004 0.4036352038383484
2941 3018 0.40787819027900696
2942 3032 0.6484382748603821
2943 3034 0.4392547607421875
2944 3019 0.4065612852573395
2946 3209 0.3952597379684448
2947 3228 0.28226450085639954
2948 3210 0.2632548213005066
2949 3063 0.3934267461299896
2950 2941 0.527896523475647
2952 3016 0.6674376726150513
2953 3017 0.32323044538497925
2954 2989 0.33833321928977966
2955 2993 0.38154709339141846
2956 3001 0.3450164496898651
2957 3029 0.44735008478164673
2958 3058 0.6744093298912048
2959 3053 0.4092770516872406
2960 2979 0.3387244939804077
2961 3105 0.3027340769767761
2962 3107 0.3603971004486084
2963 3024 0.25051623582839966
2964 3025 0.2602490782737732
2969 2991 0.45106858015060425
2970 2992 0.39163100719451904
2971 3264 0.3561575710773468
2972 3248 0.34604355692863464
2973 3249 0.4157404601573944
2974 3237 0.32895776629447937
2976 3195 0.3041248023509979
2977 3239 0.28379738330841064
2978 3106 0.4001150131225586
2979 3012 0.5080862641334534
2980 3023 0.38171595335006714
2981 3026 0.3234040439128876
2982 3015 0.4011611342430115
2985 2971 0.49677297472953796
2986 3041 0.45121702551841736
2987 3028 0.4947659373283386
2990 3033 0.5442383885383606
2992 3054 0.33678221702575684
2993 3277 0.3921748101711273
2994 3253 0.3133379817008972
2995 2970 0.5265681147575378
2998 3096 0.5065004229545593
2999 3090 0.5921713709831238
3000 3091 0.5771180987358093
3001 3074 0.30700212717056274
3002 3093 0.33453506231307983
3004 3036 0.3264647126197815
3005 3120 0.360185444355011
3009 3075 0.5018050074577332
3010 3292 0.5856353044509888
3011 3265 0.5962998270988464
3012 3136 0.402174711227417
3013 3051 0.34730154275894165
3014 3121 0.3407433032989502
3017 2999 0.2673532962799072
3019 3043 0.4335700273513794
3020 3044 0.3554609417915344
3021 3072 0.4039244055747986
3022 3089 0.4271906316280365
3023 3059 0.43293496966362
3026 3069 0.4921113848686218
3027 3111 0.30110350251197815
3030 3076 0.5487978458404541
3033 3211 0.40206122398376465
3034 3212 0.4173843264579773
3037 3055 0.5311481952667236
3038 3095 0.3404353857040405
3040 3110 0.6177152991294861
3041 3140 0.33952009677886963
3043 3114 0.359935462474823
3044 3241 0.36113473773002625
3045 3230 0.5693341493606567
3047 3149 0.4998352825641632
3048 3084 0.44002705812454224
3049 3086 0.27086254954338074
3050 3087 0.4457084536552429
3052 3065 0.37539181113243103
3053 3066 0.4693762958049774
3054 3124 0.3075791597366333
3055 3070 0.36351481080055237
3056 3127 0.3565790057182312
3057 3132 0.4438924789428711
3060 3214 0.40266212821006775
3061 3242 0.31724926829338074
3064 3083 0.7320197224617004
3065 3088 0.49364325404167175
3066 3068 0.3416319191455841
3071 3131 0.4168218672275543
3072 3139 0.27947184443473816
3073 3141 0.3613765835762024
3074 3097 0.2972452640533447
3078 3229 0.4092095196247101
3079 3240 0.3360782861709595
3081 3196 0.2918289601802826
3083 3067 0.3461432456970215
3084 3125 0.4360455870628357
3085 3126 0.5494403839111328
3086 3159 0.3281165063381195
3089 3278 0.2710025906562805
3091 3259 0.4091072976589203
3094 3123 0.30030226707458496
3095 3064 0.27066656947135925
3096 3156 0.4508973956108093
3098 3157 0.4536483585834503
3099 3158 0.36444857716560364
3100 3176 0.38389286398887634
3101 3160 0.39758554100990295
3102 3161 0.3595093786716461
3104 3267 0.3832903802394867
3105 3268 0.4264160692691803
3106 3287 0.6034727096557617
3107 3108 0.308769166469574
3108 3056 0.365628719329834
3109 3155 0.4044008255004883
3110 3175 0.3117382824420929
3111 3188 0.4323800206184387
3113 3177 0.7344566583633423
3117 3266 0.2902385890483856
3119 3243 0.34933748841285706
3121 3137 0.3683909773826599
3122 3085 0.4879121482372284
3124 3198 0.4033500850200653
3125 3174 0.5121498703956604
3127 3244 0.2876763343811035
3128 3205 0.3178819417953491
3130 3304 0.35032233595848083
3131 3284 0.27346065640449524
3132 3293 0.27616429328918457
3133 3254 0.5182546377182007
3134 3152 0.2640017569065094
3137 3203 0.4825981557369232
3138 3138 0.45889338850975037
3140 3206 0.41371384263038635
3141 3225 0.5295746326446533
3143 3285 0.5359095931053162
3145 3286 0.41134703159332275
3146 3181 0.37949857115745544
3147 3197 0.27183401584625244
3149 3185 0.7655283808708191
3150 3223 0.7406160235404968
3151 3234 0.29638954997062683
3152 3245 0.35361552238464355
3154 3384 0.5674456357955933
3155 3311 0.26544734835624695
3156 3130 0.4249829649925232
3157 3153 0.34050455689430237
3158 3154 0.5737113952636719
3159 3201 0.4896732568740845
3161 3246 0.6448350548744202
3162 3247 0.5789145827293396
3164 3321 0.37226593494415283
3165 3218 0.4160343408584595
3167 3173 0.3003503978252411
3168 3199 0.9660006761550903
3169 3235 0.5807947516441345
3170 3226 0.3737311363220215
3171 3227 0.5077447891235352
3172 3385 0.3405165672302246
3173 3231 0.5446417927742004
3175 3172 0.36044830083847046
3176 3257 0.624264657497406
3177 3275 0.38885244727134705
3178 3404 0.371234267950058
3179 3316 0.37268295884132385
3180 3261 0.4316503405570984
3182 3262 0.5581215620040894
3184 3392 0.35786470770835876
3186 3260 0.3089868426322937
3188 3232 0.5252470374107361
3189 3383 0.3671119213104248
3191 3396 0.3953520953655243
3192 3354 0.35319894552230835
3193 3169 0.3696635365486145
3195 3272 0.38442152738571167
3196 3290 0.7792012095451355
3198 3263 0.6762590408325195
3199 3300 0.26821544766426086
3200 3310 0.36069485545158386
3202 3276 0.4453693926334381
3203 3416 0.2782254219055176
3204 3340 0.5462548732757568
3206 3288 0.2921263575553894
3207 3222 0.5382452011108398
3208 3303 0.5595973134040833
3209 3296 0.8272789716720581
3210 3297 0.39238470792770386
3212 3441 0.4467941224575043
3213 3430 0.3778964877128601
3214 3386 0.3696381747722626
3215 3255 0.37230145931243896
3216 3289 0.4269682466983795
3217 3307 0.49257105588912964
3218 3314 0.3768567442893982
3219 3217 0.41483232378959656
3221 3220 0.39973780512809753
3222 3256 0.36068040132522583
3226 3328 0.4276537001132965
3227 3298 0.501003086566925
3229 3429 0.3259933888912201
3230 3369 0.4661661386489868
3231 3306 0.3782898783683777
3232 3271 0.37211722135543823
3233 3282 0.30057618021965027
3234 3308 0.9749987125396729
3235 3315 0.5782612562179565
3237 3402 0.3410905599594116
3238 3457 0.37736886739730835
3239 3446 0.40095001459121704
3240 3341 0.2904900312423706
3241 3342 0.26642733812332153
3242 3309 0.5035936832427979
3243 3319 0.36059924960136414
3244 3464 0.2925450801849365
3245 3465 0.2788693606853485
3249 3326 0.432901531457901
3251 3331 0.40250164270401
3252 3313 0.31226375699043274
3253 3332 0.45218151807785034
3254 3428 0.34722670912742615
3256 3372 0.2648536264896393
3257 3334 0.4587354362010956
3259 3350 0.2632836699485779
3260 3366 0.45278608798980713
3263 3337 0.31554415822029114
3264 3320 0.47841712832450867
3266 3431 0.445278525352478
3267 3305 0.38066571950912476
3270 3348 0.3132181763648987
3271 3335 0.5774450898170471
3273 3322 0.6454373598098755
3274 3317 0.36609208583831787
3275 3380 0.3693101108074188
3277 3365 0.47902432084083557
3278 3367 0.31679606437683105
3279 3352 0.4374575614929199
3280 3353 0.35795924067497253
3285 3346 0.3424608111381531
3286 3281 0.4121477007865906
3288 3349 0.434300035238266
3289 3378 0.35829874873161316
3290 3351 0.33303481340408325
3291 3368 0.3103935718536377
3293 3470 0.4728582799434662
3294 3471 0.5273017883300781
3295 3447 0.347278356552124
3296 3344 0.544360876083374
3297 3323 0.42969900369644165
3298 3312 0.2810300290584564
3299 3377 0.41391825675964355
3300 3379 0.4072391986846924
3302 3425 0.25292930006980896
3303 3343 0.4824817180633545
3304 3355 0.5647597312927246
3305 3345 0.2654954493045807
3306 3356 0.4797073304653168
3307 3347 0.5051959753036499
3308 3333 0.557311475276947
3309 3329 0.3769987225532532
3311 3381 0.345051646232605
3312 3444 0.3002624809741974
3314 3374 0.2613394558429718
3315 3375 0.41792920231819153
3316 3280 0.3412574529647827
3317 3362 0.5082501173019409
3318 3411 0.4663804769515991
3319 3413 0.3158554434776306
3320 3414 0.31663990020751953
3322 3472 0.3419014811515808
3325 3443 0.26359671354293823
3327 3422 0.3551715612411499
3329 3412 0.4323189854621887
3330 3497 0.4177590608596802
3331 3449 0.3679938316345215
3332 3373 0.6069652438163757
3333 3387 0.2601848244667053
3335 3361 0.5901817679405212
3336 3424 0.5681528449058533
3337 3415 0.6949526071548462
3338 3440 0.5017470717430115
3339 3536 0.4355551600456238
3340 3538 0.3605174124240875
3341 3466 0.5243411660194397
3342 3467 0.33076342940330505
3344 3390 0.31271377205848694
3345 3426 0.673194169998169
3346 3436 0.27295389771461487
3347 3427 0.5029855370521545
3352 3459 0.2708826959133148
3354 3462 0.412135511636734
3355 3410 0.3438287079334259
3357 3482 0.5308149456977844
3358 3423 0.3552233874797821
3360 3438 0.29696106910705566
3361 3439 0.44891127943992615
3363 3537 0.5131986141204834
3365 3408 0.26713308691978455
3366 3400 0.27342623472213745
3367 3485 0.31856870651245117
3368 3478 0.3408915400505066
3369 3479 0.42368313670158386
3371 3395 0.3834819495677948
3374 3545 0.3473634719848633
3375 3560 0.3244692385196686
3376 3561 0.2624914348125458
3377 3562 0.37165722250938416
3378 3498 0.4921569228172302
3383 3455 0.46128690242767334
3384 3456 0.32415714859962463
3386 3499 0.27182260155677795
3388 3419 0.5548497438430786
3389 3506 0.472644567489624
3395 3588 0.5503811836242676
3396 3590 0.40320470929145813
3399 3539 0.520979642868042
3401 3418 0.2742135524749756
3402 3490 0.4879484474658966
3403 3580 0.5488862991333008
3407 3469 0.3840756118297577
3408 3489 0.5423229336738586
3409 3507 0.46857526898384094
3410 3508 0.6231095194816589
3411 3454 0.5329606533050537
3412 3481 0.3872356414794922
3413 3495 0.4725914001464844
3414 3496 0.4556880295276642
3415 3511 0.5509840846061707
3420 3501 0.7551974654197693
3421 3502 0.6487649083137512
3422 3445 0.3522788882255554
3423 3488 0.48405101895332336
3424 3504 0.517660915851593
3425 3505 0.4525231719017029
3426 3491 0.37935489416122437
3428 3492 0.3401443064212799
3429 3433 0.4215551018714905
3430 3434 0.41499772667884827
3432 3463 0.369380921125412
3433 3510 0.6796398162841797
3434 3521 0.47964054346084595
3435 3494 0.7257670760154724
3437 3602 0.28280338644981384
3438 3603 0.2569461762905121
3441 3451 0.3417896628379822
3443 3513 0.4697376489639282
3444 3587 0.3557722866535187
3445 3624 0.6011108160018921
3446 3582 0.468784898519516
3447 3460 0.35098180174827576
3449 3517 0.3472767174243927
3451 3535 0.3560197055339813
3452 3604 0.49868398904800415
3453 3524 0.4783131182193756
3454 3525 0.37515345215797424
3455 3452 0.5311223268508911
3456 3480 0.5324114561080933
3457 3486 0.3846140503883362
3458 3532 0.48670801520347595
3459 3500 0.4626125395298004
3461 3540 0.796524703502655
3462 3542 0.37934404611587524
3464 3514 0.33418938517570496
3467 3461 0.6725672483444214
3468 3544 0.35708707571029663
3471 3662 0.2843872010707855
3472 3644 0.545993983745575
3473 3611 0.3964345455169678
3474 3450 0.33125999569892883
3476 3509 0.5348185300827026
3477 3549 0.39970770478248596
3478 3559 0.5134267210960388
3480 3652 0.5647990703582764
3482 3615 0.3331250250339508
3483 3598 0.3522120416164398
3484 3531 0.435651957988739
3485 3516 0.4664649963378906
3486 3550 0.6201353669166565
3487 3558 0.6725236177444458
3488 3566 0.34430810809135437
3489 3567 0.2973708510398865
3490 3568 0.5046272873878479
3492 3515 0.46238669753074646
3495 3541 0.39174309372901917
3496 3557 0.5767175555229187
3497 3585 0.3687705993652344
3498 3586 0.5005660653114319
3499 3685 0.3338202238082886
3500 3636 0.42058852314949036
3501 3625 0.35062751173973083
3503 3592 0.7766579985618591
3504 3523 0.5904486179351807
3505 3556 0.4522065222263336
3507 3569 0.3549101650714874
3511 3672 0.5519370436668396
3512 3637 0.4702948331832886
3514 3526 0.29221105575561523
3515 3530 0.362276166677475
3516 3564 0.4735988676548004
3517 3600 0.31488820910453796
3518 3596 0.2911509573459625
3519 3742 0.37585070729255676
3522 3548 0.5090864300727844
3523 3609 0.3073885440826416
3524 3806 0.48700472712516785
3526 3686 0.7340526580810547
3527 3597 0.3598475754261017
3529 3553 0.5734094977378845
3530 3528 0.4146396815776825
3531 3595 0.37365347146987915
3532 3584 0.47541892528533936
3533 3607 0.5520291924476624
3534 3620 0.5247378349304199
3535 3621 0.41657787561416626
3536 3622 0.6766228675842285
3538 3631 0.40727338194847107
3539 3623 0.42034512758255005
3540 3601 0.2974950969219208
3542 3743 0.6692376136779785
3543 3744 0.4503374397754669
3544 3745 0.4780212640762329
3545 3527 0.3129345178604126
3546 3555 0.26823899149894714
3548 3593 0.5424988269805908
3549 3633 0.386673241853714
3551 3610 0.4267931878566742
3552 3712 0.4108252227306366
3553 3694 0.3402159810066223
3554 3696 0.3180893659591675
3557 3703 0.6605386734008789
3558 3643 0.2689087688922882
3559 3716 0.5377373099327087
3560 3612 0.27853524684906006
3561 3606 0.36384186148643494
3562 3563 0.46070176362991333
3563 3574 0.7430993318557739
3564 3721 0.3523598611354828
3565 3699 0.4660523533821106
3566 3700 0.3516029119491577
3567 3667 0.3027690052986145
3568 3577 0.3279481828212738
3570 3619 0.4314400553703308
3572 3651 0.37969040870666504
3573 3660 0.41972702741622925
3575 3720 0.41781604290008545
3576 3554 0.3235718607902527
3577 3626 0.2601136267185211
3578 3713 0.37483730912208557
3579 3578 0.3768984377384186
3580 3579 0.38122665882110596
3581 3707 0.3369743227958679
3582 3760 0.5049382448196411
3584 3677 0.7933195233345032
3585 3737 0.4541816711425781
3587 3599 0.3166634738445282
3590 3650 0.2857165038585663
3591 3642 0.4719657897949219
3592 3659 0.4337114691734314
3595 3763 0.43036994338035583
3596 3618 0.40346935391426086
3597 3704 0.5088247656822205
3598 3705 0.3805695176124573
3600 3738 0.4434795081615448
3602 3616 0.3973096013069153
3603 3706 0.33287063241004944
3605 3839 0.28880226612091064
3607 3653 0.38466212153434753
3608 3645 0.3703957796096802
3609 3646 0.47407788038253784
3610 3780 0.3592872619628906
3611 3629 0.3315618336200714
3612 3683 0.39462244510650635
3613 3684 0.3879275918006897
3615 3728 0.37893256545066833
3616 3756 0.33487755060195923
3620 3638 0.3854086101055145
3622 3655 0.5559170246124268
3623 3698 0.32371941208839417
3624 3649 0.40051817893981934
3627 3675 0.4402927756309509
3628 3640 0.58915776014328
3629 3681 0.2527937889099121
3630 3648 0.30587291717529297
3631 3682 0.5348266959190369
3632 3739 0.4650897681713104
3633 3740 0.2596241533756256
3634 3753 0.428886353969574
3635 3754 0.3868432641029358
3636 3867 0.2787223160266876
3639 3665 0.40819457173347473
3640 3687 0.3132701516151428
3641 3673 0.4669465720653534
3642 3674 0.3214067220687866
3644 3647 0.3918514549732208
3645 3668 0.30845776200294495
3646 3725 0.7858662009239197
3647 3726 0.8132680058479309
3648 3727 0.6655384302139282
3649 3769 0.36724919080734253
3650 3751 0.2864416837692261
3651 3752 0.5229553580284119
3652 3784 0.33085712790489197
3653 3755 0.3252915143966675
3654 3786 0.27986419200897217
3655 3771 0.3158343732357025
3656 3772 0.3366049528121948
3657 3870 0.31236204504966736
3658 3885 0.27306610345840454
3665 3692 0.5300935506820679
3666 3859 0.31766101717948914
3667 3749 0.5599811673164368
3668 3800 0.3225969970226288
3669 3767 0.5230197310447693
3670 3785 0.38339200615882874
3671 3757 0.5887218713760376
3672 3758 0.4890003204345703
3674 3869 0.3801726698875427
3676 3887 0.2568148672580719
3678 3690 0.392711877822876
3679 3825 0.39444786310195923
3682 3724 0.2815394401550293
3683 3617 0.29533401131629944
3684 3802 0.4253925085067749
3685 3935 0.2541840672492981
3687 3729 0.3357492685317993
3688 3717 0.29565611481666565
3690 3573 0.3378022015094757
3691 3666 0.321793794631958
3692 3678 0.37252235412597656
3693 3797 0.3591122329235077
3695 3750 0.97383713722229
3697 3803 0.31931179761886597
3699 3936 0.3197118639945984
3705 3748 0.28382983803749084
3706 3807 0.31594976782798767
3707 3815 0.7176462411880493
3708 3689 0.3931293189525604
3709 3779 0.5039078593254089
3710 3877 0.439632773399353
3711 3860 0.3927823007106781
3712 3849 0.5786358118057251
3713 3850 0.49320751428604126
3714 3782 0.4724535048007965
3717 3821 0.4642845392227173
3718 3813 0.35370489954948425
3719 3804 0.38295862078666687
3720 3952 0.3323085904121399
3722 3918 0.2642032504081726
3723 3940 0.3696177303791046
3724 3735 0.29758986830711365
3725 3710 0.4758407771587372
3726 3711 0.4454607367515564
3728 3913 0.3766792416572571
3729 3879 0.2931494414806366
3730 3783 0.29427042603492737
3731 3822 0.3711882531642914
3732 3827 0.3586101531982422
3733 3828 0.4122691750526428
3734 3768 0.5758920311927795
3736 3746 0.28270766139030457
3738 3790 0.5179077982902527
3739 3761 0.58730149269104
3740 3730 0.6094971299171448
3742 3719 0.33610519766807556
3743 3878 0.39556556940078735
3744 3899 0.3849509358406067
3745 3679 0.29813244938850403
3746 3722 0.2511901557445526
3747 3723 0.5298267006874084
3750 3811 0.5731044411659241
3757 3732 0.2960265576839447
3758 3718 0.2610875964164734
3759 3852 0.3737810552120209
3760 3801 0.6263805031776428
3761 3810 0.3271797001361847
3763 4022 0.34278297424316406
3765 3734 0.2764517664909363
3767 3961 0.345732182264328
3768 3799 0.3707672357559204
3769 3864 0.2898333668708801
3770 3904 0.47345662117004395
3772 4048 0.40808480978012085
3773 3814 0.6259147524833679
3774 3776 0.3703919053077698
3775 3792 0.32412439584732056
3778 3960 0.46319347620010376
3779 3765 0.34122490882873535
3780 3766 0.2741006314754486
3781 3826 0.3673139810562134
3782 3880 0.37710192799568176
3784 3837 0.3781996965408325
3785 3933 0.30830955505371094
3786 3905 0.3467105031013489
3788 3829 0.2618478834629059
3789 4020 0.4488355219364166
3790 4047 0.40395137667655945
3791 4040 0.2842426598072052
3794 3774 0.3253852128982544
3795 3775 0.2876746952533722
3796 3794 0.35748913884162903
3797 3974 0.4754955768585205
3798 3995 0.3727640211582184
3799 3975 0.3614579439163208
3800 3834 0.6070011258125305
3801 3835 0.6737716197967529
3802 3836 0.3735889792442322
3803 3902 0.3600861728191376
3804 3903 0.8720840811729431
3806 4023 0.4686369299888611
3807 3967 0.43802908062934875
3808 3875 0.2747672200202942
3809 3773 0.4753649830818176
3810 3762 0.4044702351093292
3814 3931 0.2850959300994873
3815 3932 0.32983073592185974
3816 3883 0.25613662600517273
3817 3818 0.35942402482032776
3818 3820 0.3507876992225647
3819 3795 0.709236741065979
3820 3808 0.4880564212799072
3821 3930 0.3479815125465393
3822 3915 0.3431558609008789
3823 3881 0.34811195731163025
3824 4017 0.3145904541015625
3825 3916 0.585799515247345
3827 3934 0.4948470890522003
3828 3882 0.3711443543434143
3830 4064 0.5312484502792358
3831 4049 0.25349172949790955
3832 3823 0.3767460584640503
3833 3874 0.7196035385131836
3834 3819 0.29458940029144287
3836 3965 0.32787877321243286
3837 4071 0.5962805151939392
3838 4091 0.6164635419845581
3839 4065 0.2691347897052765
3840 4085 0.3028380274772644
3841 4024 0.3902042806148529
3843 3841 0.3943617343902588
3845 3817 0.32569754123687744
3849 3964 0.5997313857078552
3850 3949 0.26130855083465576
3851 3980 0.3023206293582916
3853 4092 0.4194633364677429
3855 3876 0.5147426128387451
3856 3856 0.2917076349258423
3857 3847 0.25074905157089233
3858 4035 0.6240538954734802
3860 4019 0.3854898512363434
3862 3982 0.36617064476013184
3863 4124 0.37708717584609985
3865 3857 0.3685564696788788
3866 3897 0.3398388624191284
3867 3927 0.4749671220779419
3869 3929 0.4607764482498169
3871 4038 0.3051331639289856
3874 3906 0.3423331379890442
3876 3842 0.29729655385017395
3877 3846 0.6894971132278442
3878 3896 0.6751332879066467
3879 4057 0.29208287596702576
3880 4058 0.39228031039237976
3881 3901 0.5129339098930359
3882 3977 0.46774259209632874
3883 3963 0.5438565015792847
3884 4016 0.3775351941585541
3885 4000 0.33526962995529175
3886 4001 0.27280035614967346
3888 3853 0.35918381810188293
3890 3844 0.2814623713493347
3891 3894 0.4582129418849945
3893 3898 0.3807139992713928
3895 4037 0.84585040807724
3896 4018 0.3181290924549103
3897 4063 0.33955636620521545
3898 4156 0.4769265949726105
3899 3921 0.528033971786499
3902 3910 0.43596282601356506
3903 3911 0.2790933847427368
3904 3925 0.3114946186542511
3905 3972 0.5137539505958557
3906 3914 0.578732967376709
3907 3978 0.35170823335647583
3909 3948 0.30208200216293335
3914 3854 0.2584070861339569
3916 4089 0.39394938945770264
3917 4090 0.3416104316711426
3918 3947 0.3496111035346985
3919 4015 0.4101428985595703
3922 4105 0.3638973832130432
3924 3907 0.28270119428634644
3925 3955 0.309078186750412
3926 3968 0.321979820728302
3927 3956 0.3195829391479492
3928 3969 0.40951207280158997
3929 3971 0.3429926037788391
3930 3944 0.4592401385307312
3931 3973 0.6331086158752441
3932 3926 0.5648534893989563
3933 3945 0.468496173620224
3934 4197 0.5435189604759216
3937 3988 0.3077458143234253
3938 3891 0.3098198175430298
3939 3943 0.36283665895462036
3941 4033 0.4541929364204407
3942 4046 0.2980218529701233
3943 4061 0.31022635102272034
3944 4062 0.31855687499046326
3945 4083 0.3431961238384247
3951 3923 0.31122201681137085
3952 3892 0.26882389187812805
3954 3970 0.3504513204097748
3957 3958 0.5687491297721863
3958 4123 0.3330097198486328
3959 4032 0.3617272675037384
3961 4045 0.44179773330688477
3963 4084 0.340168297290802
3964 4183 0.3118599057197571
3967 4158 0.4071063995361328
3968 4159 0.5044834017753601
3970 4007 0.37268367409706116
3972 3989 0.34839293360710144
3973 3990 0.37841036915779114
3974 3993 0.450338751077652
3975 4044 0.41569286584854126
3978 4104 0.5474220514297485
3979 4198 0.2685302495956421
3980 4160 0.5838780999183655
3981 4173 0.28308969736099243
3982 4052 0.2906091809272766
3984 4043 0.3127695322036743
3986 3991 0.4609135687351227
3987 3992 0.32896026968955994
3988 4014 0.41874948143959045
3989 4059 0.46593502163887024
3990 4034 0.4470784068107605
3992 4082 0.37057918310165405
3996 4006 0.45151445269584656
3997 4051 0.29287225008010864
3998 4026 0.3270368278026581
4000 4029 0.40276196599006653
4001 4030 0.5968403220176697
4002 4178 0.42056044936180115
4003 4208 0.33935242891311646
4005 4013 0.9751391410827637
4006 4060 0.6762229204177856
4007 4102 0.3755984306335449
4008 4103 0.48372843861579895
4009 4113 0.3767058253288269
4010 4114 0.3458799123764038
4013 3987 0.48641058802604675
4014 4025 0.32183337211608887
4015 4054 0.297555536031723
4017 4031 0.5060209631919861
4018 4011 0.4522988200187683
4019 4112 0.3961699903011322
4020 4216 0.33287349343299866
4023 4028 0.32697197794914246
4025 4056 0.36160412430763245
4026 4132 0.4122616946697235
4027 4134 0.39590218663215637
4029 4227 0.25679993629455566
4030 4187 0.26725465059280396
4031 4077 0.3388786315917969
4035 4053 0.30458369851112366
4037 4055 0.4737113416194916
4038 4231 0.5316615104675293
4039 4220 0.531428337097168
4040 4133 0.48385855555534363
4041 4277 0.3883647322654724
4042 4251 0.38176730275154114
4043 4072 0.5217697620391846
4044 4042 0.5248539447784424
4045 4087 0.4408789277076721
4047 4067 0.3621777296066284
4049 4079 0.3014738857746124
4050 4088 0.42958304286003113
4051 4074 0.594066321849823
4052 4081 0.45743054151535034
4053 4100 0.5915629267692566
4055 4154 0.5176233649253845
4056 4155 0.5324556231498718
4058 4107 0.4056120812892914
4060 4096 0.3439444601535797
4062 4099 0.38020095229148865
4063 4221 0.7355431318283081
4065 4168 0.4033462405204773
4066 4169 0.3351603150367737
4068 4278 0.8119838237762451
4069 4136 0.32799792289733887
4070 4097 0.26825636625289917
4071 4080 0.2741176187992096
4072 4257 0.37449073791503906
4073 4181 0.3740706145763397
4075 4167 0.5284717679023743
4076 4170 0.448860764503479
4077 4325 0.30564168095588684
4078 4326 0.3199442923069
4080 4296 0.43214133381843567
4081 4094 0.5046581029891968
4082 4095 0.600870668888092
4083 4108 0.2962782084941864
4084 4098 0.37193307280540466
4085 4272 0.4127810001373291
4086 4317 0.4149589240550995
4087 4232 0.3122994899749756
4089 4196 0.4641995429992676
4090 4214 0.4851139187812805
4091 4171 0.6441318988800049
4092 4172 0.44972628355026245
4093 4324 0.4622694253921509
4095 4310 0.3114880621433258
4096 4125 0.34913167357444763
4098 4117 0.33858755230903625
4099 4126 0.39674922823905945
4100 4256 0.3008592426776886
4101 4302 0.44791316986083984
4102 4303 0.29133203625679016
4103 4111 0.46131330728530884
4105 4131 0.39042428135871887
4106 4165 0.6734041571617126
4108 4182 0.5448485612869263
4109 4294 0.3529413640499115
4111 4174 0.290268212556839
4112 4139 0.6457550525665283
4113 4116 0.4903237521648407
4114 4109 0.2922132909297943
4115 4119 0.47238051891326904
4116 4128 0.4569456875324249
4117 4120 0.42196011543273926
4118 4121 0.40718910098075867
4120 4129 0.5754583477973938
4121 4230 0.6235512495040894
4122 4304 0.27933329343795776
4123 4305 0.3095203638076782
4124 4194 0.5091640949249268
4125 4195 0.30844658613204956
4126 4222 0.30555015802383423
4127 4224 0.35455629229545593
4129 4213 0.3903256058692932
4130 4359 0.29972490668296814
4132 4346 0.30342283844947815
4133 4137 0.4940893054008484
4134 4138 0.5047904849052429
4135 4148 0.47136977314949036
4137 4149 0.32763370871543884
4138 4150 0.41442543268203735
4139 4270 0.3623397648334503
4140 4288 0.5573088526725769
4141 4316 0.2508396804332733
4143 4166 0.4417341351509094
4145 4223 0.3603634238243103
4146 4212 0.3787800967693329
4147 4236 0.4351557493209839
4151 4147 0.682112455368042
4152 4331 0.4027458429336548
4153 4301 0.266568124294281
4154 4352 0.3447335958480835
4155 4179 0.3473784029483795
4156 4164 0.25666698813438416
4157 4249 0.44938117265701294
4158 4211 0.4415677487850189
4159 4235 0.4568668305873871
4162 4201 0.44146373867988586
4164 4140 0.5028986930847168
4165 4207 0.3348056972026825
4166 4343 0.31327733397483826
4167 4344 0.2639061212539673
4168 4180 0.3725234270095825
4169 4233 0.355817049741745
4171 4290 0.35081881284713745
4172 4250 0.444828599691391
4174 4311 0.294555127620697
4175 4162 0.37209203839302063
4176 4189 0.44735094904899597
4177 4152 0.30900686979293823
4178 4351 0.4099661409854889
4180 4318 0.40495461225509644
4181 4320 0.451094388961792
4184 4258 0.4528495669364929
4186 4390 0.408179372549057
4187 4163 0.30176469683647156
4188 4193 0.4911684989929199
4189 4209 0.34456726908683777
4190 4289 0.29646870493888855
4193 4389 0.3002498745918274
4194 4440 0.29150575399398804
4198 4312 0.3474738299846649
4200 4217 0.2905437648296356
4201 4191 0.37841761112213135
4202 4245 0.3780302107334137
4205 4377 0.3342958688735962
4206 4319 0.4958448112010956
4208 4274 0.4748412072658539
4209 4275 0.36350685358047485
4211 4291 0.4023500382900238
4212 4292 0.5681517124176025
4213 4307 0.8352269530296326
4214 4393 0.2664390206336975
4216 4329 0.5014514327049255
4217 4203 0.47648924589157104
4219 4247 0.323947936296463
4220 4384 0.4514731168746948
4221 4445 0.6213447451591492
4222 4409 0.9782137870788574
4224 4354 0.2909538745880127
4225 4369 0.49114274978637695
4226 4332 0.291359543800354
4228 4188 0.6192919611930847
4229 4204 0.3125321865081787
4230 4218 0.38900044560432434
4231 4192 0.49244001507759094
4234 4336 0.46546870470046997
4235 4308 0.4560984671115875
4236 4461 0.3169810175895691
4237 4479 0.27576082944869995
4240 4417 0.2826572358608246
4241 4396 0.4567160904407501
4242 4397 0.5574215054512024
4243 4398 0.4965077340602875
4244 4399 0.45406126976013184
4246 4252 0.4112897515296936
4247 4237 0.5065656304359436
4248 4238 0.4010823369026184
4250 4219 0.3610944449901581
4251 4240 0.5703662037849426
4252 4241 0.499033659696579
4254 4368 0.5294812321662903
4256 4355 0.4203908145427704
4257 4322 0.4325487017631531
4258 4345 0.4605849087238312
4259 4481 0.33682170510292053
4260 4394 0.36853012442588806
4261 4242 0.5222660899162292
4265 4370 0.36673295497894287
4267 4334 0.35245195031166077
4268 4450 0.38068023324012756
4269 4495 0.25951918959617615
4271 4395 0.5390969514846802
4273 4262 0.37914910912513733
4275 4267 0.39754346013069153
4276 4490 0.6390082836151123
4277 4378 0.38665223121643066
4279 4333 0.2930206060409546
4281 4522 0.37100350856781006
4282 4464 0.25850963592529297
4283 4465 0.2722184658050537
4285 4482 0.3032394349575043
4286 4451 0.2983383536338806
4290 4260 0.45833706855773926
4291 4279 0.2951090335845947
4292 4281 0.4011802673339844
4293 4282 0.43786996603012085
4294 4286 0.39066189527511597
4295 4263 0.3872744143009186
4296 4406 0.5963783264160156
4298 4502 0.7253609299659729
4299 4503 0.4887886643409729
4301 4434 0.4048183262348175
4302 4356 0.3863403797149658
4304 4381 0.4755118787288666
4306 4463 0.40748435258865356
4309 4466 0.5927070379257202
4310 4283 0.6374641060829163
4311 4261 0.499368816614151
4313 4472 0.4108875095844269
4314 4528 0.40941834449768066
4315 4210 0.3954859673976898
4316 4380 0.37461110949516296
4317 4335 0.4307021200656891
4318 4387 0.3140808343887329
4319 4511 0.26418536901474
4320 4497 0.3134249448776245
4322 4341 0.3125333786010742
4323 4376 0.401695191860199
4324 4429 0.3421930968761444
4325 4410 0.5774049162864685
4326 4431 0.5521676540374756
4328 4448 0.4377843737602234
4329 4438 0.5474851727485657
4333 4467 0.35456880927085876
4334 4328 0.46144750714302063
4335 4315 0.40179288387298584
4336 4422 0.4031670093536377
4337 4424 0.4947734773159027
4338 4425 0.6092129945755005
4339 4407 0.3387904167175293
4341 4379 0.42941758036613464
4342 4449 0.3202843964099884
4343 4437 0.4250709116458893
4347 4552 0.3926875591278076
4348 4350 0.5018882751464844
4349 4606 0.2772562503814697
4351 4327 0.2908015847206116
4352 4340 0.5295145511627197
4353 4349 0.3390370309352875
4354 4545 0.3982158303260803
4355 4428 0.29569530487060547
4356 4435 0.451717734336853
4357 4436 0.4977859556674957
4360 4420 0.49675971269607544
4361 4367 0.5083315372467041
4362 4501 0.39368122816085815
4363 4471 0.43443092703819275
4365 4426 0.542004406452179
4366 4504 0.4861680567264557
4367 4505 0.33426111936569214
4368 4506 0.37774190306663513
4369 4475 0.8275385499000549
4370 4476 0.48605817556381226
4374 4534 0.4767374098300934
4376 4553 0.5408658981323242
4378 4365 0.4069899320602417
4379 4375 0.49465978145599365
4380 4405 0.5086719393730164
4381 4516 0.5378413796424866
4382 4458 0.4147947430610657
4383 4474 0.4119119346141815
4384 4518 0.5174042582511902
4385 4447 0.4946177899837494
4386 4459 0.3900502622127533
4387 4477 0.3502054214477539
4391 4400 0.3405548930168152
4392 4580 0.5724936723709106
4393 4593 0.32070496678352356
4395 4581 0.3653132915496826
4397 4517 0.3367854058742523
4400 4579 0.3797096014022827
4402 4567 0.45540565252304077
4403 4594 0.4015810489654541
4404 4547 0.29260173439979553
4405 4532 0.3885640501976013
4407 4603 0.33848297595977783
4410 4403 0.3615792989730835
4412 4542 0.5647295713424683
4413 4614 0.5871261954307556
4414 4616 0.5596256256103516
4415 4605 0.4585714042186737
4416 4618 0.490491658449173
4417 4460 0.33630815148353577
4418 4510 0.4419519603252411
4419 4521 0.2979812026023865
4420 4623 0.5274989604949951
4421 4601 0.5505014061927795
4423 4602 0.3726886510848999
4424 4588 0.251776784658432
4425 4441 0.3490394353866577
4426 4442 0.6068946123123169
4427 4485 0.3685150146484375
4428 4457 0.4210066795349121
4429 4421 0.41635704040527344
4430 4613 0.45651185512542725
4431 4617 0.44356706738471985
4432 4619 0.5622962117195129
4433 4568 0.3506733179092407
4435 4509 0.5152711272239685
4436 4519 0.3621777296066284
4437 4520 0.4857407510280609
4438 4559 0.356972336769104
4441 4443 0.35518747568130493
4443 4455 0.3927152752876282
4444 4456 0.7007946968078613
4445 4632 0.47024279832839966
4446 4633 0.5016346573829651
4447 4625 0.39343199133872986
4448 4584 0.48450687527656555
4449 4585 0.49371999502182007
4450 4548 0.4374033510684967
4451 4550 0.5622822642326355
4453 4610 0.4101123809814453
4455 4540 0.36093538999557495
4456 4577 0.48269665241241455
4457 4578 0.4736517071723938
4458 4564 0.46932750940322876
4459 4642 0.4730395972728729
4460 4643 0.34872403740882874
4461 4595 0.42786625027656555
4462 4582 0.4143558740615845
4463 4569 0.42783480882644653
4464 4507 0.8266259431838989
4465 4647 0.4421585500240326
4466 4640 0.3400937020778656
4468 4629 0.29289403557777405
4471 4486 0.3382941782474518
4472 4487 0.6132789254188538
4473 4469 0.3064750134944916
4474 4470 0.41849157214164734
4475 4649 0.41621410846710205
4476 4635 0.3757084310054779
4478 4608 0.5646854043006897
4479 4599 0.41848281025886536
4484 4488 0.4888455271720886
4485 4499 0.3295295238494873
4486 4648 0.4089559316635132
4488 4587 0.4945838153362274
4490 4712 0.3599454164505005
4491 4689 0.2862609028816223
4492 4639 0.3603135943412781
4494 4513 0.32255974411964417
4495 4558 0.31188341975212097
4496 4576 0.38508862257003784
4498 4668 0.31124013662338257
4500 4657 0.3859224319458008
4501 4626 0.3710254430770874
4502 4620 0.3416358530521393
4503 4598 0.574155867099762
4504 4663 0.31998395919799805
4505 4515 0.42641687393188477
4506 4659 0.2879848778247833
4508 4586 0.5122172832489014
4509 4609 0.5438145399093628
4513 4525 0.2742499113082886
4514 4538 0.4472481310367584
4517 4596 0.2927597165107727
4518 4597 0.25518718361854553
4520 4706 0.3824910521507263
4521 4690 0.2512351870536804
4523 4679 0.26776641607284546
4525 4664 0.48341256380081177
4526 4651 0.6494136452674866
4530 4554 0.3609505295753479
4531 4535 0.3268519341945648
4533 4562 0.6184998750686646
4535 4539 0.26342180371284485
4536 4556 0.31770554184913635
4537 4652 0.4453069567680359
4538 4630 0.35621464252471924
4539 4631 0.31562569737434387
4540 4666 0.41005998849868774
4541 4667 0.36975979804992676
4542 4693 0.4579883813858032
4543 4660 0.27909258008003235
4545 4646 0.41129446029663086
4546 4627 0.4095827639102936
4551 4680 0.3179698586463928
4554 4673 0.3012295961380005
4558 4571 0.26905807852745056
4560 4573 0.3419761657714844
4561 4575 0.30037787556648254
4563 4628 0.40968942642211914
4567 4713 0.3215869963169098
4568 4691 0.2696962058544159
4569 4676 0.34920892119407654
4570 4681 0.36962053179740906
4571 4604 0.3211318850517273
4572 4572 0.44883978366851807
4573 4590 0.31469428539276123
4574 4612 0.2790758013725281
4575 4574 0.269154816865921
4576 4653 0.4067873954772949
4577 4654 0.5771797299385071
4578 4682 0.4273459017276764
4579 4692 0.39469847083091736
4580 4684 0.3107418715953827
4581 4704 0.26834285259246826
4582 4622 0.529698371887207
4583 4650 0.31247347593307495
4585 4738 0.28979936242103577
4586 4683 0.3849707543849945
4587 4694 0.366184264421463
4588 4695 0.34980088472366333
4589 4686 0.8095652461051941
4591 4707 0.6148694753646851
4592 4589 0.3944301903247833
4595 4728 0.331297904253006
4598 4764 0.26103082299232483
4599 4750 0.3406546115875244
4602 4746 0.6696653962135315
4603 4747 0.43911612033843994
4604 4714 0.5060581564903259
4605 4715 0.46014851331710815
4606 4757 0.25671911239624023
4607 4734 0.30465051531791687
4608 4696 0.3537716865539551
4610 4749 0.4639738202095032
4611 4725 0.4473100006580353
4612 4729 0.295107364654541
4614 4708 0.3907017707824707
4616 4733 0.5356919169425964
4620 4702 0.322202205657959
4623 4730 0.4105021357536316
4624 4744 0.5540867447853088
4626 4726 0.8409215807914734
4627 4745 0.7769580483436584
4629 4781 0.2646511197090149
4630 4752 0.3432825207710266
4631 4731 0.38335543870925903
4632 4755 0.48481470346450806
4636 4771 0.3839445114135742
4637 4772 0.30366137623786926
4639 4754 0.3230649530887604
4640 4740 0.2694666087627411
4641 4766 0.4345494508743286
4642 4716 0.33726173639297485
4647 4773 0.44971299171447754
4648 4751 0.3497058153152466
4649 4753 0.43554311990737915
4651 4732 0.3462314009666443
4658 4775 0.4215398132801056
4659 4776 0.263751357793808
4660 4762 0.3186149001121521
4661 4720 0.35256627202033997
4662 4767 0.5008124709129333
4664 4748 0.2839248776435852
4665 4709 0.5332555174827576
4666 4723 0.2970505654811859
4669 4783 0.6115787029266357
4671 4765 0.3387555181980133
4672 4736 0.28492578864097595
4673 4793 0.4623183608055115
4675 4774 0.5926849842071533
4676 4788 0.46639204025268555
4678 4785 0.42340603470802307
4679 4778 0.35677969455718994
4681 4741 0.43550655245780945
4682 4742 0.46674978733062744
4683 4784 0.31754136085510254
4684 4796 0.3588397204875946
4686 4782 0.2960864007472992
4687 4801 0.2941295802593231
4689 4768 0.3555901348590851
4691 4807 0.2939540445804596
4692 4795 0.4220377802848816
4695 4813 0.40789297223091125
4698 4797 0.6289988160133362
4699 4794 0.32525399327278137
4702 4787 0.3412320911884308
4703 4804 0.28154078125953674
4705 4837 0.43276119232177734
4707 4843 0.4594850242137909
4710 4855 0.4646495282649994
4711 4825 0.264564573764801
4713 4819 0.4399259388446808
4714 4798 0.3801212012767792
4717 4809 0.375955730676651
4718 4799 0.2528494894504547
4721 4817 0.2777341902256012
4722 4851 0.4784623086452484
4723 4827 0.4122145175933838
4725 4811 0.3712838292121887
4726 4816 0.3204900026321411
4727 4826 0.321674108505249
4728 4802 0.8277169466018677
4729 4803 0.4542778432369232
4730 4839 0.37830212712287903
4731 4822 0.468553364276886
4732 4842 0.3311156630516052
4734 4854 0.3758578598499298
4739 4858 0.25432032346725464
4744 4847 0.33334237337112427
4745 4848 0.2602565288543701
4746 4860 0.27733904123306274
4747 4859 0.5198351740837097
4748 4852 0.38359352946281433
4749 4862 0.2660865783691406
4751 4864 0.4116970896720886
4752 4824 0.49623316526412964
4753 4818 0.5874779224395752
4754 4861 0.793782651424408
4759 4849 0.39305171370506287
4760 4829 0.2599625885486603
4761 4838 0.4235118627548218
4762 4865 0.4525952637195587
4763 4872 0.41678014397621155
4764 4867 0.5519202351570129
4765 4830 0.3054144084453583
4766 4875 0.4253227412700653
4767 4871 0.2961728274822235
4768 4868 0.5871143937110901
4769 4856 0.35285723209381104
4770 4857 0.30624711513519287
4771 4877 0.42555519938468933
4772 4880 0.3171391487121582
4775 4928 0.2990584969520569
4776 4884 0.5473588705062866
4777 4876 0.32146894931793213
4778 4866 0.28109434247016907
4779 4869 0.9760919213294983
4780 4828 0.43044424057006836
4782 4909 0.3940846621990204
4784 4874 0.3123093247413635
4785 4883 0.39855509996414185
4786 4879 0.4047187268733978
4787 4892 0.3782689571380615
4790 4889 0.44294145703315735
4792 4887 0.536632776260376
4793 4885 0.6091089844703674
4794 4881 0.3903390169143677
4795 4882 0.28868332505226135
4796 4890 0.6236981153488159
4797 4891 0.3654564917087555
4798 4910 0.2945166528224945
4799 4912 0.38926172256469727
4800 4897 0.4224819839000702
4802 4888 0.6766945123672485
4803 4907 0.5432142615318298
4804 4908 0.38579216599464417
4805 4896 0.3774142265319824
4806 4905 0.5942691564559937
4807 4894 0.5741230249404907
4808 4898 0.423831045627594
4809 4899 0.4596230685710907
4810 4900 0.5069571137428284
4812 4895 0.2614835500717163
4813 4911 0.42718005180358887
4814 4920 0.4132004678249359
4817 4902 0.5266308784484863
4818 4919 0.4148857295513153
4819 4915 0.38051363825798035
4820 4952 0.40902379155158997
4822 4904 0.6544820666313171
4823 4924 0.38696539402008057
4825 4906 0.3169713616371155
4826 4914 0.6490799188613892
4827 4916 0.43955186009407043
4828 4917 0.29746246337890625
4829 4918 0.32751405239105225
4830 4930 0.32629600167274475
4831 4927 0.347467839717865
4832 4929 0.5545969009399414
4833 4936 0.7767009735107422
4834 4925 0.3760661780834198
4836 4934 0.2668364644050598
4838 4944 0.4748896658420563
4840 4966 0.2938772439956665
4841 4921 0.7820972204208374
4842 4950 0.35283637046813965
4843 4951 0.38511285185813904
4844 4958 0.3957715928554535
4845 4933 0.39271751046180725
4846 4942 0.3210216760635376
4847 4937 0.2871095538139343
4849 4938 0.5661208033561707
4850 4947 0.3488660752773285
4851 4948 0.5428719520568848
4853 4949 0.3411741554737091
4854 4922 0.49483293294906616
4855 4956 0.42617538571357727
4856 4957 0.3566313683986664
4857 4960 0.3072766065597534
4859 4961 0.4187330901622772
4860 4953 0.3836494982242584
4861 4962 0.4001310467720032
4862 4955 0.5572625994682312
4865 4965 0.31405478715896606
4866 4964 0.2973572611808777
4867 4959 0.48288774490356445
4868 4974 0.3174523413181305
4869 4975 0.34757688641548157
4870 4970 0.9358140230178833
4871 4946 0.42093801498413086
4873 4976 0.34629544615745544
4875 4967 0.3913775086402893
4876 4972 0.44594231247901917
4877 4973 0.34936314821243286
4878 4991 0.565700888633728
4879 4988 0.3515526354312897
4880 4983 0.4086974263191223
4883 4992 0.5138352513313293
4884 4977 0.3259716033935547
4885 4978 0.4023461937904358
4886 4984 0.4092114567756653
4887 4971 0.4191698133945465
4888 4985 0.3577268421649933
4889 4986 0.281534343957901
4890 4981 0.3239377439022064
4891 4987 0.32279640436172485
4893 4980 0.5009930729866028
4894 4941 0.27937379479408264
4895 4990 0.3240149915218353
4897 5011 0.3985566198825836
4898 5016 0.3792803883552551
4899 5001 0.32105809450149536
4900 4996 0.2514454126358032
4901 4997 0.31821194291114807
4902 5003 0.35273173451423645
4903 4993 0.2952689528465271
4905 4989 0.3162288963794708
4907 4999 0.3036903440952301
4908 5006 0.31083524227142334
4909 5007 0.3181591331958771
4910 5008 0.33719614148139954
4911 5000 0.36204373836517334
4913 4998 0.32765713334083557
4915 5009 0.37982115149497986
4916 5010 0.43314477801322937
4917 5024 0.34440794587135315
4918 5019 0.5231788158416748
4919 5015 0.31291094422340393
4923 5014 0.32145974040031433
4924 5017 0.4281731843948364
4925 5030 0.5048828721046448
4928 5028 0.32067927718162537
4929 5004 0.3917434513568878
4930 5020 0.46155446767807007
4931 5021 0.5164085030555725
4932 5022 0.4463788568973541
4933 5023 0.26174551248550415
4934 5034 0.3128736615180969
4935 5029 0.5054566860198975
4936 5026 0.583389401435852
4937 5036 0.2749764025211334
4941 5043 0.3277893364429474
4942 5037 0.3270062804222107
4944 5041 0.5732694864273071
4945 5033 0.25916969776153564
4946 5038 0.4556715190410614
4947 5039 0.29539623856544495
4948 5027 0.31893137097358704
4949 5032 0.5972041487693787
4950 5045 0.3192545473575592
4951 5042 0.28021296858787537
4953 5047 0.3595176041126251
4955 5052 0.3347083330154419
4956 5054 0.3463103175163269
4957 5046 0.25637391209602356
4958 5049 0.29672184586524963
4960 5040 0.2544020712375641
4961 5057 0.3099847435951233
4962 5058 0.2770598828792572
4963 5055 0.2941764295101166
4964 5056 0.3652282953262329
4965 5050 0.5380748510360718
4967 5053 0.25705915689468384
4968 5048 0.32732608914375305
4970 5062 0.3373749852180481
4977 5064 0.28632423281669617
4978 5088 0.36527740955352783
4980 5065 0.42164915800094604
4981 5063 0.3689183294773102
4984 5070 0.3191869556903839
4987 5089 0.9344994425773621
4988 5091 0.4304984509944916
4989 5080 0.4445444643497467
4990 5073 0.5746538043022156
4991 5081 0.4868064522743225
4992 5092 0.30551111698150635
4993 5084 0.35904648900032043
4997 5079 0.2866668701171875
4998 5090 0.6824553608894348
4999 5093 0.3766253590583801
5000 5066 0.2762454152107239
5002 5085 0.28104180097579956
5004 5099 0.913329005241394
5005 5096 0.3950340151786804
5009 5083 0.3016323447227478
5011 5098 0.26884132623672485
5015 5104 0.27389025688171387
5016 5114 0.28041425347328186
5017 5112 0.384591668844223
5019 5101 0.28189489245414734
5020 5108 0.26935023069381714
5021 5109 0.29720330238342285
5022 5116 0.340744286775589
5023 5110 0.7269107103347778
5025 5087 0.5131810307502747
5026 5111 0.28000888228416443
5027 5122 0.28164389729499817
5029 5115 0.3500491678714752
5030 5118 0.2882852256298065
5031 5119 0.41001030802726746
5032 5120 0.38089486956596375
5033 5121 0.3103604018688202
5035 5127 0.383228600025177
5036 5129 0.29325681924819946
5037 5123 0.30480509996414185
5038 5117 0.38608255982398987
5039 5125 0.6161649823188782
5040 5128 0.3657291531562805
5042 5133 0.35073551535606384
5043 5130 0.43032151460647583
5045 5131 0.36565765738487244
5046 5132 0.30840274691581726
5047 5136 0.30527231097221375
5048 5134 0.5026153326034546
5049 5135 0.33826738595962524
5051 5137 0.44865748286247253
5053 5138 0.5622372031211853
5054 5139 0.699889063835144
5055 5142 0.37809330224990845
5056 5143 0.5263035297393799
5057 5144 0.39713382720947266
5058 5145 0.34331363439559937
5059 5147 0.4489365518093109
5060 5149 0.7606445550918579
5061 5153 0.48081159591674805
5062 5156 0.3465039134025574
5063 5157 0.43933773040771484
5064 5161 0.475280225276947
5066 5158 0.3707566261291504
5067 5159 0.5926877856254578
5068 5160 0.40139496326446533
5070 5162 0.26457667350769043
5074 5168 0.27260270714759827
