1960
3 61 0.3345082402229309
4 62 0.2797766625881195
11 66 0.25582852959632874
12 70 0.31895509362220764
13 67 0.36186492443084717
21 81 0.26037469506263733
32 84 0.30361300706863403
42 92 0.2889474630355835
85 130 0.3875034749507904
88 166 0.29893815517425537
90 131 0.3127155601978302
91 132 0.3015753924846649
93 145 0.3363017439842224
94 129 0.3653770387172699
97 148 0.4424082338809967
108 178 0.30141207575798035
113 185 0.3324594795703888
125 199 0.3013741374015808
129 186 0.3309076130390167
132 187 0.2751025855541229
137 214 0.32012680172920227
139 210 0.3757363557815552
140 213 0.2793990969657898
143 229 0.37188592553138733
144 227 0.30293795466423035
148 240 0.3480021059513092
167 239 0.3425767719745636
173 254 0.329434335231781
176 265 0.2790159285068512
177 282 0.25214970111846924
187 296 0.296978622674942
192 299 0.4406700134277344
210 336 0.30609965324401855
213 342 0.3245416581630707
222 368 0.37376677989959717
227 352 0.34337812662124634
230 292 0.2623768150806427
231 295 0.2877054214477539
233 365 0.28679701685905457
234 360 0.3794395625591278
236 382 0.2706211507320404
245 405 0.26959821581840515
249 318 0.49631932377815247
250 403 0.32969486713409424
251 404 0.30863726139068604
254 381 0.3638134300708771
258 419 0.26002877950668335
259 425 0.3169928193092346
261 387 0.3492268919944763
263 395 0.7666622400283813
265 417 0.2857770025730133
266 418 0.32467755675315857
270 415 0.48322632908821106
277 481 0.25640276074409485
278 468 0.2988717257976532
285 414 0.30921146273612976
287 424 0.2919706404209137
294 463 0.27044132351875305
295 465 0.3015817105770111
296 466 0.38248082995414734
310 445 0.3332597315311432
312 452 0.4405691623687744
315 479 0.34637901186943054
325 441 0.8489439487457275
327 472 0.2948291599750519
332 413 0.25601571798324585
339 493 0.3876672089099884
341 448 0.665749192237854
346 411 0.26526209712028503
350 483 0.37075451016426086
351 490 0.3643345832824707
358 545 0.28504836559295654
359 474 0.3379320502281189
360 495 0.425334095954895
361 489 0.3460646867752075
367 476 0.33530130982398987
376 531 0.5608555674552917
385 569 0.3296288549900055
388 517 0.46672841906547546
389 528 0.5332503914833069
391 580 0.32225504517555237
392 570 0.2969808876514435
395 516 0.336353063583374
396 529 0.6993379592895508
399 581 0.3755647540092468
414 543 0.4147733747959137
415 611 0.2840881943702698
423 554 0.7001854777336121
432 568 0.4800272285938263
440 628 0.4338487982749939
442 634 0.30312782526016235
452 600 0.46120643615722656
453 603 0.26339417695999146
456 601 0.3723781406879425
458 602 0.59624183177948
462 641 0.2520314157009125
467 610 0.39033976197242737
468 613 0.3014514744281769
474 658 0.35612156987190247
482 621 0.3963657319545746
485 691 0.2949506342411041
491 662 0.3994097113609314
493 638 0.2598651647567749
496 657 0.3633969724178314
497 690 0.7150072455406189
498 622 0.2700444161891937
505 623 0.4943975508213043
506 614 0.3479655981063843
508 700 0.2918367385864258
514 630 0.378883421421051
518 756 0.30546364188194275
523 673 0.29047563672065735
524 676 0.47279244661331177
527 701 0.36367499828338623
530 718 0.39292430877685547
532 710 0.5932034850120544
533 695 0.29614147543907166
535 675 0.3598884344100952
538 631 0.5937264561653137
539 639 0.2645610272884369
550 735 0.3657451868057251
551 749 0.2606450021266937
564 740 0.3658847510814667
566 757 0.4357907474040985
568 698 0.2841724753379822
569 686 0.25444161891937256
572 769 0.3717969059944153
579 720 0.2508200705051422
580 768 0.3641209602355957
581 808 0.3728863298892975
586 775 0.5074068903923035
587 745 0.4225552976131439
588 726 0.39178529381752014
592 764 0.5768963098526001
598 809 0.3631322979927063
599 819 0.4070916473865509
602 765 0.3971342146396637
603 779 0.31885960698127747
605 755 0.4962823987007141
607 823 0.27371689677238464
608 824 0.31543493270874023
611 793 0.4046538770198822
612 804 0.3401021361351013
613 776 0.267585426568985
614 777 0.6281415820121765
618 828 0.2950038015842438
623 753 0.4315947890281677
629 786 0.4210380017757416
632 818 0.2686988115310669
635 857 0.2655714154243469
636 858 0.36084315180778503
637 859 0.3058898448944092
639 785 0.5503581166267395
642 817 0.26010119915008545
643 822 0.28288376331329346
645 881 0.37590086460113525
648 820 0.4786078929901123
649 845 0.38830289244651794
650 846 0.39987584948539734
651 835 0.30035698413848877
652 849 0.37798047065734863
658 874 0.32766902446746826
660 821 0.3748151659965515
666 896 0.37124136090278625
668 795 0.5242916941642761
669 766 0.3568331301212311
675 838 0.40152475237846375
677 867 0.2598646879196167
679 855 0.2651771306991577
680 814 0.46320098638534546
682 941 0.27031341195106506
691 894 0.44188958406448364
692 927 0.3953615128993988
699 848 0.39264973998069763
704 875 0.311382919549942
708 885 0.9398978352546692
709 886 0.3041764199733734
710 887 0.7348076701164246
716 915 0.5024212598800659
719 878 0.5552240014076233
722 655 0.25454598665237427
729 876 0.4845198094844818
730 888 0.29585522413253784
733 933 0.30620095133781433
736 951 0.3229765295982361
737 877 0.516746461391449
741 949 0.3193230628967285
743 952 0.2778589725494385
752 961 0.2808055281639099
753 978 0.42831286787986755
754 920 0.36095088720321655
757 921 0.35295549035072327
758 960 0.2913331389427185
759 945 0.25764501094818115
762 936 0.4914032518863678
791 980 0.2815810441970825
792 963 0.2901594340801239
793 964 0.27144747972488403
794 965 0.3648519515991211
795 937 0.41019922494888306
798 806 0.33221131563186646
804 953 0.4612002670764923
808 1003 0.3502461910247803
809 993 0.6941061019897461
810 1004 0.43985715508461
811 1005 0.5168701410293579
812 934 0.373996764421463
822 994 0.5011230111122131
823 982 0.36052051186561584
825 983 0.35359326004981995
835 1059 0.27792179584503174
839 1046 0.2958267331123352
840 967 0.2653089165687561
843 1058 0.2840711176395416
846 1026 0.338932603597641
851 1069 0.263531357049942
853 1070 0.4787462055683136
854 1071 0.28449323773384094
863 1120 0.45038941502571106
865 1060 0.603057324886322
871 1095 0.36516907811164856
873 1062 0.387956440448761
878 1103 0.2531749904155731
879 1123 0.3009984493255615
883 1018 0.28386396169662476
892 1048 0.26347431540489197
900 1096 0.394294798374176
902 957 0.41222670674324036
906 1061 0.3105489909648895
920 1121 0.46604835987091064
921 1133 0.25271543860435486
923 1097 0.5525817275047302
924 1107 0.30857014656066895
931 1131 0.33105188608169556
939 1149 0.4523738920688629
941 1132 0.2792342007160187
943 1142 0.33033818006515503
947 939 0.26474806666374207
959 1157 0.2712937593460083
961 1150 0.38528329133987427
962 1152 0.43134212493896484
968 1165 0.3273460566997528
969 1153 0.33348578214645386
972 1154 0.3486385643482208
978 975 0.3001977503299713
980 1213 0.25942590832710266
983 1125 0.46592170000076294
992 1159 0.28236547112464905
1001 1180 0.32939034700393677
1003 1181 0.4333306849002838
1004 1134 0.29799115657806396
1010 1175 0.3841290771961212
1011 1168 0.2800825834274292
1020 1143 0.3793071508407593
1024 1155 0.2733365595340729
1025 1156 0.3368985056877136
1026 1167 0.5878904461860657
1032 1225 0.2531334459781647
1038 1226 0.3135923743247986
1040 1166 0.41324931383132935
1041 1229 0.5910165309906006
1048 1173 0.2622107267379761
1050 1204 0.31659311056137085
1051 1042 0.28193897008895874
1053 1050 0.36477750539779663
1055 1188 0.29531821608543396
1063 1227 0.3544146418571472
1064 1228 0.6864122152328491
1065 1208 0.3826329708099365
1070 1224 0.3240353763103485
1078 1247 0.25184354186058044
1079 1249 0.3168734312057495
1081 1209 0.2810128629207611
1082 1203 0.30305153131484985
1083 1210 0.45067986845970154
1084 1198 0.3184681832790375
1085 1219 0.3076915144920349
1087 1079 0.4029402434825897
1091 1273 0.346661239862442
1092 1248 0.4153219759464264
1093 1259 0.31852832436561584
1094 1260 0.4379509687423706
1095 1261 0.4705500900745392
1096 1262 0.4082369804382324
1097 1263 0.32997262477874756
1101 1218 0.4535713493824005
1102 1108 0.26770997047424316
1103 1271 0.3447779715061188
1110 1216 0.36237743496894836
1113 1309 0.28979137539863586
1115 1272 0.5498738884925842
1122 1233 0.40414711833000183
1123 1269 0.29239585995674133
1125 1253 0.3588705062866211
1126 1239 0.38156893849372864
1127 1240 0.569896399974823
1131 1291 0.5332585573196411
1136 1250 0.30409809947013855
1137 1251 0.3476252853870392
1138 1252 0.3255580961704254
1139 1254 0.33069878816604614
1148 1329 0.5103161931037903
1151 1277 0.4330720603466034
1157 1264 0.40627214312553406
1158 1236 0.3657465875148773
1159 1288 0.4160414934158325
1164 1298 0.3388214409351349
1165 1265 0.3840778172016144
1167 1278 0.48197677731513977
1170 1318 0.32898756861686707
1172 1338 0.3001033067703247
1174 1299 0.6075848937034607
1180 1274 0.27429255843162537
1181 1303 0.41719648241996765
1186 1287 0.2734137177467346
1190 1355 0.306786447763443
1195 1346 0.25990235805511475
1196 1337 0.7672027349472046
1205 1348 0.3958519995212555
1206 1364 0.44364026188850403
1213 1383 0.3104258179664612
1214 1351 0.5539973974227905
1215 1293 0.3075345754623413
1217 1357 0.49862027168273926
1226 1391 0.2791452705860138
1230 1395 0.4186161160469055
1231 1365 0.30084145069122314
1232 1350 0.5316929817199707
1233 1339 0.2629830539226532
1238 1435 0.30941852927207947
1239 1436 0.29058367013931274
1242 1352 0.30784356594085693
1243 1241 0.28415998816490173
1244 1231 0.3328690528869629
1247 1392 0.56888747215271
1248 1413 0.2868998944759369
1261 1421 0.352755606174469
1262 1377 0.3383170962333679
1264 1353 0.5580768585205078
1271 1397 0.4937572181224823
1275 1379 0.2576727867126465
1280 1461 0.4674772620201111
1286 1257 0.3544599413871765
1298 1399 0.2879420518875122
1299 1416 0.255841463804245
1300 1443 0.30974212288856506
1309 1406 0.3399510085582733
1310 1289 0.4696095585823059
1312 1290 0.27925845980644226
1318 1432 0.6392368674278259
1319 1414 0.3198036551475525
1321 1433 0.3995518088340759
1322 1422 0.37436431646347046
1323 1434 0.39090675115585327
1330 1516 0.2739216089248657
1336 1448 0.5542896389961243
1338 1449 0.5222077965736389
1339 1450 0.3195689022541046
1341 1398 0.3622153699398041
1344 1573 0.26683035492897034
1349 1497 0.453872948884964
1350 1454 0.3065513074398041
1351 1315 0.2656983435153961
1359 1481 0.8028806447982788
1361 1441 0.30311569571495056
1368 1503 0.3047952353954315
1371 1482 0.2735911011695862
1372 1468 0.2613648772239685
1373 1451 0.3110170066356659
1374 1423 0.37856703996658325
1379 1559 0.3634389042854309
1381 1480 0.5455380082130432
1384 1332 0.3136785328388214
1387 1334 0.26368772983551025
1388 1514 0.2903980612754822
1390 1495 0.2589923143386841
1391 1487 0.5777612924575806
1392 1488 0.33499956130981445
1400 1496 0.6124787330627441
1401 1498 0.32259729504585266
1402 1506 0.27789661288261414
1403 1507 0.37194302678108215
1407 1354 0.45426225662231445
1408 1518 0.2623237669467926
1415 1593 0.28702959418296814
1417 1485 0.32172444462776184
1420 1486 0.2633095383644104
1421 1370 0.2693317234516144
1428 1509 0.5451775789260864
1430 1408 0.4816082715988159
1432 1537 0.3393666446208954
1434 1547 0.2944290339946747
1444 1539 0.41181057691574097
1446 1548 0.3169526159763336
1447 1540 0.3771447241306305
1460 1618 0.4566398859024048
1465 1500 0.3041146397590637
1476 1571 0.3646366596221924
1477 1545 0.30735981464385986
1478 1560 0.34915828704833984
1479 1579 0.3273460566997528
1486 1590 0.28729578852653503
1494 1508 0.3412782847881317
1497 1578 0.42547526955604553
1500 1588 0.33727750182151794
1511 1576 0.3567381799221039
1512 1577 0.34790918231010437
1513 1544 0.3164947032928467
1517 1580 0.2768876552581787
1518 1589 0.628840446472168
1525 1682 0.564658522605896
1533 1595 0.3770346939563751
1538 1652 0.3237898051738739
1539 1643 0.3766433298587799
1542 1667 0.4073852598667145
1543 1681 0.3453719913959503
1557 1603 0.47827890515327454
1562 1695 0.3057752251625061
1566 1733 0.28348439931869507
1577 1633 0.2553500533103943
1583 1653 0.4204934537410736
1584 1654 0.3374103903770447
1591 1611 0.32072362303733826
1592 1612 0.45219358801841736
1593 1622 0.3320421874523163
1594 1613 0.4115934669971466
1595 1624 0.326870322227478
1596 1597 0.342017263174057
1602 1707 0.4879712462425232
1605 1623 0.36525335907936096
1607 1636 0.594045877456665
1609 1470 0.3559565544128418
1614 1678 0.31275075674057007
1618 1632 0.2696079909801483
1620 1776 0.29076719284057617
1627 1649 0.3520260155200958
1629 1631 0.6192742586135864
1630 1626 0.4335402548313141
1631 1672 0.5259563326835632
1637 1615 0.31139183044433594
1643 1634 0.36007553339004517
1647 1513 0.3475261926651001
1651 1669 0.29753512144088745
1653 1671 0.2598304748535156
1654 1614 0.36965933442115784
1658 1815 0.26344165205955505
1663 1673 0.3973505198955536
1667 1716 0.26065197587013245
1675 1701 0.2508748471736908
1676 1765 0.29399946331977844
1680 1744 0.3546736538410187
1681 1686 0.38478097319602966
1684 1725 0.37408915162086487
1689 1724 0.32389697432518005
1691 1687 0.3283296525478363
1697 1773 0.3273804187774658
1704 1690 0.3237379193305969
1705 1780 0.3148792088031769
1708 1786 0.4235275983810425
1709 1772 0.36411020159721375
1710 1755 0.2964209318161011
1711 1852 0.29808324575424194
1716 1723 0.26626601815223694
1718 1688 0.3857075572013855
1719 1764 0.35414639115333557
1720 1751 0.35002046823501587
1721 1829 0.3691907525062561
1722 1770 0.3359737992286682
1723 1771 0.3420580327510834
1724 1756 0.2862800061702728
1725 1830 0.27085429430007935
1727 1854 0.3132038414478302
1730 1877 0.40461570024490356
1735 1712 0.34101834893226624
1736 1714 0.5895905494689941
1741 1750 0.2908625900745392
1743 1781 0.3332209587097168
1754 1782 0.3146018385887146
1755 1783 0.47026658058166504
1757 1887 0.4153904914855957
1763 1802 0.2806711196899414
1764 1794 0.4060455560684204
1770 1726 0.40013256669044495
1771 1823 0.27486157417297363
1774 1792 0.3979496955871582
1775 1793 0.35891467332839966
1780 1871 0.35726693272590637
1783 1918 0.2801472246646881
1784 1870 0.379713237285614
1793 1791 0.9339149594306946
1798 1828 0.507976770401001
1801 1923 0.43707725405693054
1802 1936 0.35180383920669556
1810 1934 0.28780999779701233
1815 1811 0.397551029920578
1816 1800 0.35853391885757446
1819 1839 0.292631596326828
1820 1650 0.2748985290527344
1828 1898 0.287991464138031
1831 1966 0.27801430225372314
1832 1967 0.30655568838119507
1834 1821 0.272305965423584
1835 1881 0.4973299503326416
1837 1674 0.29251357913017273
1841 1848 0.3538708984851837
1845 1868 0.29840579628944397
1851 1903 0.525162398815155
1852 1912 0.2570241093635559
1859 1859 0.6031200289726257
1865 1893 0.4114557206630707
1868 1895 0.3298467695713043
1869 1860 0.2519516348838806
1871 1910 0.5395912528038025
1872 1901 0.2673267722129822
1875 1926 0.47271040081977844
1876 1861 0.3570656180381775
1878 1909 0.3506840169429779
1880 2017 0.28777623176574707
1885 1942 0.35264360904693604
1886 2039 0.3434835970401764
1887 2041 0.2663302719593048
1888 2042 0.26279401779174805
1896 1929 0.2900697886943817
1914 2053 0.4371247887611389
1915 1932 0.2644324004650116
1918 2018 0.280892550945282
1921 1937 0.2503344714641571
1922 1896 0.3321026563644409
1925 1907 0.30977874994277954
1926 1950 0.33096128702163696
1927 1951 0.40232470631599426
1933 1969 0.288373202085495
1944 2013 0.34048929810523987
1945 2014 0.36233803629875183
1948 2146 0.2820962965488434
1959 1968 0.27536216378211975
1962 1972 0.30836981534957886
1963 2009 0.34861862659454346
1964 2010 0.2659881114959717
1965 2011 0.30535033345222473
1971 2111 0.2721019387245178
1972 2120 0.36657071113586426
1978 2001 0.2754110097885132
1982 2004 0.43666645884513855
1983 2050 0.34301549196243286
1985 2005 0.2516970634460449
1986 2112 0.36387068033218384
1988 1989 0.26103830337524414
1989 2067 0.3564837872982025
1990 2048 0.39436736702919006
1991 1990 0.34388938546180725
1992 2002 0.38112086057662964
1999 2106 0.2892780601978302
2000 2043 0.41978105902671814
2007 2061 0.373410165309906
2010 1991 0.26344794034957886
2011 2051 0.30536606907844543
2014 2113 0.2533206045627594
2015 2031 0.29216089844703674
2017 2068 0.2851095199584961
2019 2000 0.3168942630290985
2020 2047 0.5045440196990967
2023 2003 0.27602842450141907
2025 2100 0.3409312069416046
2027 2101 0.3165523409843445
2031 2136 0.41404616832733154
2032 2137 0.2838265895843506
2035 2096 0.34835705161094666
2036 2062 0.36234596371650696
2038 2098 0.31236860156059265
2039 2099 0.30219927430152893
2040 2109 0.3426345884799957
2048 2027 0.3668784499168396
2051 2080 0.29820409417152405
2054 2145 0.5519812703132629
2056 2094 0.32316479086875916
2058 2134 0.322308212518692
2060 2130 0.28240182995796204
2069 2091 0.4130042493343353
2070 2092 0.43979087471961975
2071 2093 0.46270519495010376
2074 2117 0.27697956562042236
2075 2181 0.382849782705307
2076 2156 0.39983466267585754
2079 2190 0.5050928592681885
2083 2090 0.3090955913066864
2085 2049 0.4408818781375885
2088 2192 0.26256054639816284
2090 2174 0.27240702509880066
2092 2089 0.2954500615596771
2093 2144 0.36876919865608215
2096 2224 0.2715603709220886
2100 2077 0.6360207200050354
2106 2142 0.4036098122596741
2107 2154 0.29629233479499817
2108 2127 0.5109882354736328
2109 2097 0.2919481098651886
2110 2166 0.32816562056541443
2113 2223 0.34361791610717773
2120 2124 0.29274073243141174
2122 2081 0.45613542199134827
2123 2167 0.3350759446620941
2129 2139 0.3620002269744873
2131 2125 0.29072171449661255
2132 2143 0.47790274024009705
2135 2133 0.3650963008403778
2138 2301 0.3086581528186798
2143 2193 0.3299103379249573
2144 2148 0.41432228684425354
2148 2262 0.32284075021743774
2151 2155 0.33432838320732117
2152 2203 0.367013543844223
2158 2268 0.37253016233444214
2159 2284 0.26482534408569336
2160 2269 0.26346325874328613
2161 2250 0.3909887671470642
2164 2239 0.28054079413414
2168 2150 0.507233738899231
2170 2282 0.2711569368839264
2171 2283 0.2807632088661194
2173 2251 0.34012871980667114
2175 2175 0.35560503602027893
2176 2151 0.3945757746696472
2177 2152 0.2992088198661804
2179 2198 0.46966105699539185
2181 2280 0.3648237884044647
2182 2281 0.3634278178215027
2184 2285 0.5024409294128418
2185 2225 0.2537084221839905
2187 2176 0.31762343645095825
2191 2186 0.2710491120815277
2193 2267 0.3617324233055115
2194 2220 0.4456247389316559
2197 2279 0.29242485761642456
2201 2314 0.3058556914329529
2203 2286 0.29440122842788696
2207 2132 0.25621551275253296
2208 2200 0.47621938586235046
2210 2188 0.26447147130966187
2212 2325 0.2775697708129883
2215 2178 0.3647114038467407
2218 2163 0.3168818950653076
2221 2214 0.34652572870254517
2223 2216 0.442839652299881
2224 2217 0.43571966886520386
2226 2229 0.32003676891326904
2230 2129 0.29675525426864624
2233 2204 0.3300226628780365
2236 2206 0.3600974977016449
2237 2341 0.6229313015937805
2239 2326 0.3111724555492401
2242 2287 0.2953055500984192
2244 2159 0.3934425115585327
2245 2177 0.834697425365448
2248 2187 0.2919049561023712
2250 2202 0.35321947932243347
2251 2235 0.38212281465530396
2253 2327 0.3695232570171356
2254 2304 0.263788104057312
2255 2316 0.2692834436893463
2257 2261 0.2837922275066376
2260 2201 0.2955267131328583
2264 2328 0.3440110683441162
2266 2315 0.2595565617084503
2267 2227 0.3270365297794342
2268 2272 0.30638936161994934
2269 2273 0.3003137409687042
2270 2264 0.3064437210559845
2273 2165 0.2768261432647705
2276 2323 0.27653956413269043
2278 2402 0.36486101150512695
2279 2384 0.33450379967689514
2285 2263 0.6129789352416992
2287 2296 0.3330760896205902
2288 2232 0.28429552912712097
2289 2248 0.3460637032985687
2292 2382 0.27799469232559204
2293 2383 0.4982162415981293
2296 2275 0.3367597162723541
2299 2247 0.43221262097358704
2300 2164 0.28421664237976074
2301 2271 0.26407477259635925
2302 2319 0.28548744320869446
2305 2249 0.2627609372138977
2307 2321 0.5131819844245911
2308 2299 0.2759705185890198
2311 2401 0.3389865756034851
2320 2270 0.31282055377960205
2321 2290 0.40098443627357483
2324 2292 0.32037481665611267
2327 2322 0.30896562337875366
2328 2300 0.39948704838752747
2330 2419 0.3793252408504486
2331 2400 0.3301467001438141
2332 2409 0.32015886902809143
2333 2410 0.3426205515861511
2334 2420 0.39989566802978516
2337 2260 0.25761333107948303
2341 2430 0.5960633158683777
2342 2434 0.4852994978427887
2349 2277 0.28214311599731445
2355 2390 0.25457245111465454
2357 2421 0.4864444434642792
2362 2259 0.3354564309120178
2363 2354 0.37669503688812256
2364 2291 0.315646767616272
2366 2337 0.2946085035800934
2368 2348 0.3346508741378784
2369 2311 0.4534943699836731
2371 2312 0.27174612879753113
2373 2429 0.39710238575935364
2376 2362 0.2541321814060211
2378 2364 0.2596924901008606
2382 2460 0.391272634267807
2383 2307 0.3119756281375885
2385 2404 0.3868141174316406
2386 2378 0.5092592835426331
2387 2379 0.34161728620529175
2388 2386 0.332790344953537
2389 2387 0.25034093856811523
2391 2338 0.2748631536960602
2392 2389 0.4611096680164337
2394 2443 0.3275209367275238
2400 2367 0.4127936065196991
2402 2368 0.3041944205760956
2406 2336 0.28585225343704224
2407 2370 0.3153919279575348
2409 2359 0.2694797217845917
2410 2373 0.3704448938369751
2412 2374 0.25126537680625916
2415 2450 0.30883657932281494
2416 2451 0.35492607951164246
2417 2476 0.4121134877204895
2418 2461 0.3577991724014282
2419 2462 0.331398069858551
2420 2463 0.4034539461135864
2423 2392 0.279803603887558
2425 2365 0.30541062355041504
2426 2396 0.285744845867157
2431 2333 0.6442375779151917
2432 2377 0.35604244470596313
2433 2397 0.747211754322052
2434 2380 0.3213273584842682
2438 2398 0.412593275308609
2439 2474 0.33038386702537537
2440 2475 0.28328737616539
2441 2496 0.31638303399086
2442 2482 0.45077186822891235
2443 2500 0.38492631912231445
2446 2344 0.2766566872596741
2447 2351 0.2920500338077545
2448 2353 0.393406480550766
2449 2345 0.3890753984451294
2450 2317 0.4196998178958893
2451 2394 0.30138736963272095
2452 2395 0.2968789339065552
2453 2448 0.325663685798645
2454 2405 0.4063849151134491
2456 2357 0.28884801268577576
2457 2407 0.2991897165775299
2458 2408 0.3672040104866028
2467 2427 0.3122256398200989
2468 2495 0.2976795732975006
2475 2393 0.3591023087501526
2480 2442 0.35631996393203735
2481 2433 0.4068766236305237
2482 2498 0.25109100341796875
2486 2388 0.350416898727417
2492 2536 0.3281265199184418
2496 2552 0.4438090920448303
2497 2441 0.450124055147171
2498 2422 0.36471977829933167
2499 2415 0.35791659355163574
2502 2493 0.47241294384002686
2503 2534 0.3905475437641144
2505 2549 0.269194096326828
2510 2445 0.6792808175086975
2511 2455 0.25735965371131897
2512 2456 0.33513057231903076
2516 2426 0.28695952892303467
2518 2492 0.26698920130729675
2522 2446 0.31399399042129517
2524 2472 0.2572776973247528
2529 2550 0.30078551173210144
2530 2571 0.3025883138179779
2531 2414 0.3294695019721985
2533 2454 0.4077413082122803
2534 2468 0.8318897485733032
2541 2477 0.7104308605194092
2542 2490 0.3121589720249176
2543 2479 0.36959409713745117
2544 2480 0.5555968880653381
2552 2520 0.3500652015209198
2555 2467 0.4848868250846863
2556 2457 0.36225995421409607
2560 2470 0.2979150116443634
2569 2494 0.36870238184928894
2572 2489 0.3544754981994629
2575 2518 0.5084047317504883
2576 2505 0.5218115448951721
2577 2564 0.26023393869400024
2580 2519 0.3195250332355499
2582 2566 0.25540241599082947
2585 2453 0.259910523891449
2587 2491 0.29917314648628235
2595 2503 0.29212772846221924
2597 2522 0.3765072226524353
2599 2618 0.4378507435321808
2601 2599 0.3552694618701935
2604 2667 0.3477579355239868
2608 2511 0.2728698253631592
2609 2527 0.25860702991485596
2613 2596 0.5205405950546265
2614 2583 0.2739952802658081
2615 2610 0.27194395661354065
2617 2502 0.25834253430366516
2619 2543 0.6690921187400818
2620 2544 0.35555586218833923
2621 2559 0.30430901050567627
2623 2528 0.35062482953071594
2624 2555 0.33536428213119507
2629 2663 0.30291369557380676
2632 2487 0.27362293004989624
2633 2540 0.2849341928958893
2634 2541 0.2541317045688629
2635 2592 0.39458632469177246
2636 2526 0.3576224744319916
2637 2568 0.3431456983089447
2638 2664 0.48107898235321045
2639 2648 0.43434062600135803
2640 2679 0.3059619069099426
2642 2666 0.25445860624313354
2643 2642 0.3167598247528076
2647 2542 0.2680244445800781
2648 2545 0.2973087728023529
2650 2647 0.40746062994003296
2652 2680 0.2976151406764984
2654 2641 0.2677684426307678
2655 2509 0.29008418321609497
2657 2539 0.42718493938446045
2659 2602 0.28454452753067017
2660 2554 0.398997038602829
2663 2625 0.2734611928462982
2668 2563 0.2894093990325928
2669 2609 0.3525228798389435
2672 2620 0.3380419909954071
2673 2692 0.3365821838378906
2674 2685 0.40399375557899475
2681 2649 0.3794171214103699
2683 2644 0.29805654287338257
2686 2553 0.2688951790332794
2687 2576 0.5852590203285217
2688 2601 0.32351693511009216
2691 2580 0.3082939684391022
2692 2593 0.40791788697242737
2694 2691 0.40746453404426575
2695 2658 0.30843570828437805
2696 2659 0.34476184844970703
2697 2709 0.47915729880332947
2704 2657 0.3383641839027405
2710 2524 0.32772964239120483
2712 2606 0.2636847198009491
2714 2608 0.29825499653816223
2716 2676 0.47188612818717957
2719 2600 0.3057635426521301
2720 2631 0.32968419790267944
2721 2632 0.3767105042934418
2723 2614 0.32153916358947754
2724 2607 0.2975620627403259
2725 2624 0.2816256284713745
2726 2686 0.27468180656433105
2727 2687 0.36774614453315735
2728 2742 0.3173249065876007
2731 2615 0.33797815442085266
2732 2645 0.3184174597263336
2733 2677 0.3172193169593811
2737 2763 0.268995463848114
2741 2575 0.2759720981121063
2745 2672 0.31182125210762024
2746 2635 0.4068886637687683
2748 2636 0.328425794839859
2757 2671 0.36513251066207886
2758 2637 0.31211668252944946
2759 2638 0.28082454204559326
2760 2655 0.2577511668205261
2761 2772 0.3585236370563507
2763 2773 0.6629412174224854
2764 2803 0.47643154859542847
2765 2781 0.4061903953552246
2767 2700 0.26578375697135925
2768 2701 0.2631300687789917
2771 2702 0.3028319478034973
2774 2708 0.4599054455757141
2780 2712 0.31347575783729553
2785 2654 0.3245339095592499
2786 2656 0.4703567326068878
2787 2760 0.41934332251548767
2789 2805 0.29143762588500977
2791 2795 0.259363055229187
2792 2728 0.3112398386001587
2795 2707 0.6840420365333557
2798 2731 0.3222384750843048
2800 2695 0.40617915987968445
2802 2675 0.2823813557624817
2803 2726 0.5836960673332214
2805 2738 0.3662967085838318
2807 2793 0.4065934717655182
2808 2809 0.3008440434932709
2809 2806 0.2562854290008545
2812 2704 0.5229503512382507
2827 2770 0.35260090231895447
2828 2815 0.44032636284828186
2829 2777 0.2762902081012726
2834 2699 0.2813985049724579
2835 2861 0.3215707540512085
2844 2754 0.27767011523246765
2845 2713 0.26246240735054016
2852 2689 0.334009051322937
2855 2858 0.3978305459022522
2857 2872 0.5608753561973572
2860 2783 0.3014709949493408
2861 2800 0.449594646692276
2864 2776 0.2839232385158539
2865 2810 0.44159218668937683
2871 2714 0.6870585680007935
2872 2735 0.3352491855621338
2873 2814 0.266720712184906
2874 2838 0.3123590648174286
2876 2860 0.4260242283344269
2877 2874 0.30905166268348694
2881 2756 0.3771566152572632
2882 2725 0.29377299547195435
2883 2827 0.35618916153907776
2884 2846 0.26551368832588196
2885 2871 0.3900182545185089
2894 2788 0.4068836271762848
2895 2757 0.26150524616241455
2900 2706 0.3080083131790161
2902 2759 0.49390602111816406
2906 2904 0.5083490014076233
2907 2895 0.29751381278038025
2909 2832 0.36196640133857727
2913 2867 0.3449963629245758
2915 2848 0.5133680105209351
2916 2894 0.8988810777664185
2920 2789 0.2626141309738159
2921 2826 0.48079508543014526
2922 2836 0.3561677634716034
2927 2833 0.31543582677841187
2933 2768 0.3922537565231323
2935 2825 0.4173934757709503
2936 2902 0.3165997564792633
2937 2885 0.3298552632331848
2938 2847 0.27900317311286926
2939 2903 0.4626416563987732
2940 2928 0.30972734093666077
2942 2918 0.35671472549438477
2943 2931 0.3129628896713257
2944 2919 0.29230526089668274
2945 2840 0.31008023023605347
2947 2851 0.40625858306884766
2948 2821 0.2695339620113373
2950 2769 0.494692325592041
2954 2869 0.36048269271850586
2955 2857 0.30665919184684753
2958 2952 0.31737789511680603
2962 2842 0.3306741714477539
2967 2865 0.30639055371284485
2970 2870 0.31470656394958496
2975 2852 0.34000614285469055
2977 2854 0.33556872606277466
2982 2792 0.3558523654937744
2985 2856 0.39148688316345215
2986 2937 0.3612828552722931
2987 2951 0.39980149269104004
2988 2940 0.3445216119289398
2991 2930 0.27736732363700867
2993 2905 0.3830338418483734
2995 2802 0.4180683493614197
2996 2844 0.33955636620521545
2997 2939 0.25392434000968933
2998 2953 0.3548005223274231
2999 2962 0.42272982001304626
3000 2963 0.33566123247146606
3004 2982 0.2601272463798523
3005 2880 0.2752854824066162
3007 2823 0.5280228853225708
3009 3002 0.4402986466884613
3012 2822 0.28970181941986084
3014 2834 0.4183686673641205
3018 2927 0.29518812894821167
3019 2914 0.32407093048095703
3021 2973 0.3575645089149475
3022 2960 0.2837941348552704
3026 2972 0.2996145784854889
3032 2862 0.3400852680206299
3033 2876 0.3545667827129364
3034 2877 0.32968828082084656
3037 2855 0.499988317489624
3038 2883 0.3362026512622833
3039 2985 0.3610035479068756
3040 2997 0.4827560484409332
3041 3035 0.3136318624019623
3045 2891 0.5474559664726257
3046 2878 0.29455989599227905
3047 2879 0.2716386020183563
3049 2843 0.3589523136615753
3050 2845 0.4646393358707428
3052 2979 0.2578655183315277
3056 2987 0.297401487827301
3057 2998 0.34282386302948
3060 2908 0.31332212686538696
3061 2900 0.26470285654067993
3065 2991 0.6024244427680969
3066 3011 0.26478341221809387
3068 2992 0.30025988817214966
3069 3014 0.3371160924434662
3070 3015 0.2832193076610565
3071 3016 0.2884562909603119
3079 2897 0.32870686054229736
3080 2907 0.29846128821372986
3081 2911 0.25917020440101624
3084 2994 0.39628711342811584
3085 2995 0.4242439270019531
3086 3031 0.29781585931777954
3088 3034 0.29195114970207214
3092 2909 0.31853559613227844
3093 2882 0.31008732318878174
3094 2892 0.27559125423431396
3096 3012 0.3065086007118225
3097 3013 0.3769340217113495
3098 3044 0.25046679377555847
3099 3045 0.3367719352245331
3100 3032 0.35738176107406616
3102 3065 0.3634156882762909
3104 2933 0.4350889325141907
3107 2912 0.325356662273407
3109 3030 0.396918386220932
3110 3053 0.2780580520629883
3111 3033 0.25235515832901
3112 3024 0.34304067492485046
3113 3055 0.5005636811256409
3118 2944 0.2953140139579773
3119 2946 0.2541937530040741
3121 2924 0.49281397461891174
3123 2913 0.38355109095573425
3125 3028 0.5726520419120789
3126 3063 0.2532418668270111
3127 3075 0.31741783022880554
3128 3054 0.36421194672584534
3129 3064 0.25824475288391113
3133 2945 0.3299395740032196
3136 2971 0.3141407370567322
3140 3085 0.32964205741882324
3141 3096 0.4819096624851227
3143 2968 0.5304081439971924
3145 2977 0.2765933871269226
3146 2958 0.4044339954853058
3149 3061 0.8409383893013
3150 3043 0.5260475873947144
3151 3094 0.2681860327720642
3153 3079 0.28782179951667786
3156 2959 0.46622350811958313
3160 3062 0.445536345243454
3162 3109 0.303731769323349
3165 2935 0.32149747014045715
3167 3009 0.301909476518631
3168 3113 0.7072387933731079
3171 3086 0.35834112763404846
3172 2983 0.3220221996307373
3174 2978 0.37739190459251404
3177 3123 0.27598944306373596
3179 3022 0.2984186112880707
3180 3115 0.3732979893684387
3181 3116 0.35419976711273193
3186 2969 0.312725692987442
3187 3073 0.43316665291786194
3188 3092 0.3123325705528259
3192 3007 0.3399493992328644
3193 2984 0.3470032513141632
3195 3108 0.29047340154647827
3196 3114 0.6322313547134399
3197 3146 0.43444088101387024
3198 3138 0.41938772797584534
3199 3008 0.35183873772621155
3203 3049 0.26327264308929443
3204 3021 0.4503670930862427
3208 3130 0.3868783116340637
3209 3136 0.49162307381629944
3210 3169 0.37101128697395325
3214 3038 0.41758859157562256
3215 3039 0.5814664363861084
3216 3122 0.3378656804561615
3217 3155 0.6018157601356506
3218 3145 0.29674023389816284
3220 3059 0.29189881682395935
3225 3170 0.4029029607772827
3226 3179 0.4096284806728363
3227 3124 0.2695090174674988
3228 3164 0.3236968517303467
3230 3050 0.5444091558456421
3231 3058 0.38494211435317993
3232 3023 0.34395334124565125
3234 3156 0.8141402006149292
3236 3148 0.44621413946151733
3239 3080 0.31500864028930664
3242 3193 0.38751232624053955
3243 3206 0.2868654131889343
3244 3099 0.2753797471523285
3245 3100 0.2793431580066681
3246 3087 0.2686893343925476
3247 3026 0.2963143587112427
3248 3091 0.2774726450443268
3249 3168 0.31272628903388977
3251 3194 0.29939237236976624
3253 3195 0.38793203234672546
3258 3212 0.32350799441337585
3261 3196 0.26524618268013
3266 3101 0.34520667791366577
3267 3057 0.3412639796733856
3268 3112 0.2715689241886139
3269 3072 0.37325918674468994
3271 3190 0.2666652500629425
3273 3069 0.437669575214386
3275 3227 0.37314388155937195
3278 3216 0.29254230856895447
3279 3180 0.30580785870552063
3280 3182 0.2981432378292084
3285 3105 0.2630746066570282
3289 3213 0.2950733006000519
3290 3226 0.3807118237018585
3295 3132 0.33178672194480896
3297 3090 0.5188090205192566
3299 3211 0.3538857400417328
3300 3214 0.2728792130947113
3303 3102 0.3951568305492401
3304 3142 0.48364266753196716
3306 3111 0.44864335656166077
3307 3162 0.41381368041038513
3308 3143 0.36534813046455383
3309 3188 0.3302411735057831
3312 3133 0.39333221316337585
3313 3153 0.3152024745941162
3314 3126 0.32291895151138306
3316 3070 0.40469247102737427
3320 3242 0.25877997279167175
3322 3158 0.3455347418785095
3329 3251 0.330195814371109
3332 3125 0.47792279720306396
3336 3250 0.3584357798099518
3340 3149 0.38103654980659485
3342 3159 0.3268098533153534
3345 3248 0.40610751509666443
3347 3232 0.4682987332344055
3355 3225 0.4416831433773041
3357 3274 0.367681622505188
3358 3290 0.34418532252311707
3363 3171 0.28131183981895447
3376 3172 0.256702721118927
3377 3173 0.422733873128891
3379 3174 0.4361516237258911
3383 3287 0.44517406821250916
3395 3197 0.894170880317688
3396 3199 0.3343691825866699
3398 3200 0.4014144837856293
3399 3201 0.41474053263664246
3401 3184 0.3269975483417511
3403 3218 0.4598957896232605
3404 3204 0.312845915555954
3406 3208 0.27736786007881165
3408 3272 0.27881431579589844
3410 3266 0.29534074664115906
3413 3320 0.3502157926559448
3414 3321 0.3387354910373688
3415 3322 0.4827818274497986
3419 3245 0.5660619735717773
3424 3258 0.3640112280845642
3425 3259 0.2959904074668884
3426 3283 0.31830814480781555
3430 3262 0.4165186882019043
3432 3286 0.38606157898902893
3433 3351 0.42878982424736023
3434 3318 0.5445255041122437
3435 3319 0.44732576608657837
3446 3219 0.4349105656147003
3448 3187 0.34481579065322876
3449 3306 0.39298388361930847
3450 3330 0.47600871324539185
3452 3238 0.4377121329307556
3453 3302 0.4920564889907837
3454 3303 0.4241456389427185
3458 3328 0.5047524571418762
3462 3365 0.30196332931518555
3464 3229 0.2990120053291321
3466 3210 0.26632165908813477
3472 3263 0.47267162799835205
3473 3253 0.309008926153183
3474 3221 0.35947200655937195
3475 3304 0.2973833382129669
3477 3350 0.46938881278038025
3478 3353 0.35476362705230713
3481 3264 0.3559901714324951
3482 3317 0.42695075273513794
3485 3349 0.37418514490127563
3486 3364 0.4886022210121155
3487 3376 0.4304216802120209
3488 3400 0.2811812162399292
3490 3402 0.3622101843357086
3493 3235 0.4058604836463928
3494 3255 0.5124049186706543
3496 3387 0.4431569278240204
3498 3377 0.346048504114151
3501 3279 0.41177132725715637
3504 3269 0.41184985637664795
3506 3386 0.4239337146282196
3511 3293 0.5261218547821045
3515 3327 0.2550324499607086
3521 3254 0.4817088842391968
3525 3276 0.5341864824295044
3526 3277 0.5464262962341309
3529 3298 0.4129030406475067
3530 3357 0.30565014481544495
3533 3431 0.4120596647262573
3534 3443 0.3611226975917816
3536 3444 0.46755170822143555
3537 3461 0.41850075125694275
3538 3462 0.41570913791656494
3539 3445 0.2913842797279358
3540 3495 0.2534346580505371
3541 3496 0.318477600812912
3542 3296 0.36163172125816345
3544 3300 0.43921831250190735
3548 3408 0.41430649161338806
3549 3474 0.2510366439819336
3550 3475 0.45561546087265015
3552 3396 0.26816609501838684
3554 3382 0.26568517088890076
3555 3383 0.2561422288417816
3556 3397 0.3425842821598053
3557 3398 0.40324854850769043
3559 3308 0.5331782102584839
3560 3268 0.25267013907432556
3565 3384 0.41818875074386597
3567 3416 0.353767991065979
3568 3385 0.2725517451763153
3569 3418 0.4423162639141083
3570 3442 0.33399057388305664
3571 3460 0.3712562024593353
3572 3484 0.3434623181819916
3573 3485 0.31431785225868225
3575 3406 0.3423563241958618
3578 3429 0.320482075214386
3581 3507 0.3624427318572998
3585 3441 0.2801710069179535
3589 3483 0.35186389088630676
3591 3506 0.39357537031173706
3592 3493 0.460396945476532
3593 3325 0.2675530016422272
3595 3428 0.39438918232917786
3596 3459 0.391440212726593
3598 3548 0.46302035450935364
3600 3470 0.28499045968055725
3607 3356 0.40398797392845154
3608 3309 0.29146820306777954
3609 3301 0.5002411007881165
3612 3521 0.34898653626441956
3615 3535 0.3326440453529358
3619 3344 0.27139392495155334
3620 3315 0.5034539103507996
3621 3336 0.32808083295822144
3624 3492 0.4033054709434509
3627 3333 0.33321523666381836
3628 3335 0.29863354563713074
3632 3561 0.34750065207481384
3634 3587 0.46801432967185974
3635 3588 0.3953162729740143
3642 3332 0.2717093527317047
3646 3547 0.4309063255786896
3647 3534 0.748591959476471
3650 3600 0.309274286031723
3651 3570 0.476203054189682
3652 3586 0.29807955026626587
3653 3602 0.3100447654724121
3655 3603 0.26183390617370605
3657 3367 0.2590501010417938
3663 3345 0.3731381893157959
3666 3503 0.2510139048099518
3668 3585 0.3527340888977051
3671 3620 0.336626797914505
3673 3378 0.2748405933380127
3678 3405 0.41477692127227783
3683 3519 0.4168457090854645
3684 3598 0.30563411116600037
3688 3360 0.25781041383743286
3693 3532 0.38785433769226074
3695 3560 0.41835591197013855
3696 3687 0.30786147713661194
3701 3454 0.2623993456363678
3706 3370 0.49765920639038086
3707 3361 0.3996017277240753
3708 3404 0.3226037621498108
3710 3557 0.4297875463962555
3712 3529 0.3537130057811737
3713 3531 0.29174935817718506
3714 3582 0.41591334342956543
3716 3615 0.4544251561164856
3717 3637 0.4548257887363434
3718 3617 0.3405958116054535
3720 3410 0.2687300741672516
3723 3412 0.26043829321861267
3724 3438 0.35312485694885254
3728 3545 0.279803067445755
3729 3533 0.2666436433792114
3732 3649 0.31618788838386536
3733 3650 0.26711806654930115
3738 3425 0.4635240137577057
3739 3450 0.3882477283477783
3740 3426 0.4912373721599579
3744 3567 0.3259414732456207
3748 3584 0.2592344880104065
3750 3636 0.26628127694129944
3751 3651 0.381519079208374
3752 3639 0.2714402377605438
3757 3435 0.25365567207336426
3759 3634 0.3744714558124542
3760 3597 0.27143868803977966
3761 3664 0.36346593499183655
3766 3467 0.2878514230251312
3768 3698 0.31207025051116943
3770 3714 0.3738059997558594
3771 3715 0.29999083280563354
3772 3447 0.34259897470474243
3774 3466 0.477777898311615
3775 3481 0.2857116162776947
3778 3610 0.32125502824783325
3781 3635 0.3049885928630829
3785 3748 0.4616755247116089
3787 3749 0.5467025637626648
3791 3538 0.36125874519348145
3792 3511 0.2562323808670044
3793 3413 0.28070858120918274
3794 3458 0.2859362065792084
3795 3436 0.2707434892654419
3797 3611 0.3090846836566925
3798 3612 0.2838701903820038
3799 3581 0.29925647377967834
3801 3662 0.5620452761650085
3806 3453 0.39621153473854065
3807 3512 0.3773811161518097
3808 3457 0.5011287331581116
3810 3498 0.3405821621417999
3811 3613 0.2663142681121826
3813 3759 0.25846993923187256
3814 3760 0.2824869453907013
3824 3737 0.4289984107017517
3825 3776 0.4185023605823517
3827 3786 0.46920040249824524
3831 3572 0.30749762058258057
3832 3449 0.3136228919029236
3833 3478 0.47363728284835815
3838 3486 0.684845507144928
3839 3509 0.33034226298332214
3840 3487 0.2560936212539673
3842 3515 0.2504687011241913
3843 3517 0.2946680784225464
3844 3480 0.39834916591644287
3845 3465 0.29474958777427673
3846 3744 0.27548614144325256
3848 3757 0.5527856945991516
3849 3774 0.4691104590892792
3853 3510 0.3926328718662262
3855 3516 0.2973819077014923
3858 3807 0.5122798085212708
3860 3816 0.41908666491508484
3862 3849 0.28906571865081787
3867 3733 0.46275594830513
3869 3734 0.3979648947715759
3870 3808 0.25727328658103943
3871 3827 0.344390869140625
3873 3525 0.3296043276786804
3875 3539 0.2909172475337982
3876 3555 0.29203081130981445
3877 3647 0.4756189286708832
3878 3579 0.286634624004364
3882 3745 0.3996848165988922
3883 3755 0.4097120761871338
3884 3815 0.3675357699394226
3885 3794 0.3085269033908844
3888 3456 0.26617157459259033
3890 3528 0.31686708331108093
3891 3578 0.3651997447013855
3894 3805 0.33057233691215515
3895 3848 0.563489556312561
3896 3885 0.29134565591812134
3897 3873 0.3883614242076874
3899 3513 0.4584227502346039
3901 3574 0.34922224283218384
3902 3540 0.26425087451934814
3906 3732 0.5505523681640625
3907 3772 0.31605130434036255
3908 3706 0.3109140992164612
3909 3746 0.2683182954788208
3910 3773 0.2823598086833954
3912 3887 0.41857779026031494
3919 3785 0.27048566937446594
3925 3488 0.26053592562675476
3927 3573 0.2677311599254608
3928 3594 0.2917501926422119
3929 3596 0.3709865212440491
3930 3609 0.2522050142288208
3931 3658 0.4172382652759552
3938 3566 0.330853670835495
3940 3771 0.4630548059940338
3941 3806 0.33192819356918335
3944 3872 0.3401614725589752
3945 3907 0.28303274512290955
3946 3920 0.4162291884422302
3948 3592 0.27397751808166504
3949 3564 0.8819239735603333
3952 3673 0.25365447998046875
3954 3631 0.3461122214794159
3957 3681 0.25813910365104675
3960 3784 0.2696627676486969
3961 3813 0.2788704037666321
3967 3605 0.38055282831192017
3968 3606 0.48079508543014526
3970 3593 0.34169840812683105
3972 3675 0.3698578476905823
3973 3676 0.3547842800617218
3974 3656 0.2828465402126312
3975 3812 0.36405012011528015
3980 3607 0.4282132089138031
3981 3624 0.25013497471809387
3982 3627 0.3313089609146118
3986 3677 0.3861006200313568
3989 3826 0.5677725672721863
3990 3871 0.37082627415657043
3991 3883 0.33824416995048523
3996 3526 0.2617974281311035
3997 3645 0.26921334862709045
4000 3678 0.3730129301548004
4001 3679 0.3080538511276245
4007 3899 0.4139103591442108
4010 3955 0.25076553225517273
4014 3644 0.4384808838367462
4015 3674 0.31438469886779785
4019 3898 0.27875474095344543
4021 3672 0.28271546959877014
4026 3933 0.3382903039455414
4027 3948 0.27568405866622925
4029 3739 0.32351231575012207
4030 3667 0.47261708974838257
4031 3669 0.2659990191459656
4033 3727 0.2637425661087036
4034 3728 0.2856159806251526
4037 3703 0.3765488564968109
4038 3861 0.4216829538345337
4040 3934 0.43472105264663696
4043 3625 0.426673948764801
4045 3692 0.263363778591156
4046 3709 0.2622937560081482
4047 3729 0.2844243347644806
4055 3974 0.488341361284256
4056 3975 0.40213099122047424
4059 3724 0.2720035910606384
4061 3793 0.37185612320899963
4064 3984 0.3254466652870178
4068 3700 0.7193551659584045
4069 3608 0.32283058762550354
4071 3742 0.2622720003128052
4075 3962 0.2776568830013275
4076 3976 0.31734368205070496
4081 3668 0.40978047251701355
4082 3723 0.58836829662323
4083 3752 0.34027957916259766
4085 3896 0.3076114356517792
4086 3929 0.3343051075935364
4089 3999 0.3975074291229248
4091 4012 0.38635292649269104
4092 4002 0.327865332365036
4094 3719 0.2501674294471741
4101 3897 0.28501084446907043
4104 3882 0.2510000169277191
4108 4013 0.4677238464355469
4111 3653 0.29427042603492737
4112 3721 0.38256365060806274
4113 3766 0.5400695204734802
4114 3781 0.404282808303833
4115 3769 0.4678380489349365
4119 3802 0.2626006007194519
4120 3804 0.40091559290885925
4121 3903 0.27201682329177856
4124 3983 0.37303927540779114
4125 3972 0.34775957465171814
4129 3997 0.2980022430419922
4138 3780 0.4390227496623993
4147 4039 0.38034167885780334
4148 4025 0.33175382018089294
4151 3765 0.3722822666168213
4152 3943 0.309148371219635
4153 3953 0.2958608865737915
4154 3960 0.36009475588798523
4158 3982 0.6217033863067627
4159 4038 0.5912809371948242
4162 3740 0.30085235834121704
4163 3720 0.2742744982242584
4166 3961 0.2672082483768463
4168 3947 0.2930932641029358
4171 4036 0.4601656198501587
4172 4037 0.3593205213546753
4175 3840 0.3959214687347412
4177 3843 0.26774775981903076
4180 4010 0.42417314648628235
4189 3971 0.25682345032691956
4200 3764 0.34091266989707947
4208 4052 0.42555806040763855
4211 4069 0.4324294924736023
4212 4070 0.4784417748451233
4213 4088 0.3266936242580414
4215 3790 0.29413071274757385
4216 3895 0.4694044888019562
4217 3860 0.32329240441322327
4219 3927 0.3341364860534668
4220 3993 0.3152115046977997
4221 4050 0.4512828588485718
4222 3994 0.9304585456848145
4225 3995 0.28894802927970886
4226 4024 0.25318825244903564
4229 3866 0.2591499388217926
4233 4113 0.3703106641769409
4234 4102 0.4608766436576843
4242 3833 0.46827372908592224
4243 3834 0.495746910572052
4244 3835 0.3996543288230896
4246 3799 0.37049224972724915
4247 3821 0.460849404335022
4248 3810 0.3072851002216339
4249 3811 0.32064563035964966
4250 3881 0.2722506523132324
4254 3980 0.310124009847641
4255 4023 0.3267684280872345
4257 4087 0.3899238109588623
4258 4144 0.5043121576309204
4260 3832 0.2996320128440857
4261 3901 0.354530930519104
4262 4034 0.3237799108028412
4263 4061 0.31316977739334106
4265 4062 0.3157169222831726
4270 3850 0.2807318866252899
4271 3820 0.3507208228111267
4272 3879 0.3835880160331726
4273 3914 0.2635572552680969
4276 4051 0.5516497492790222
4280 4143 0.47154152393341064
4285 3863 0.2886161506175995
4290 3838 0.3738519847393036
4293 3856 0.2662683129310608
4294 3878 0.35877811908721924
4295 3926 0.29950860142707825
4296 4019 0.37070536613464355
4297 4020 0.30192819237709045
4298 4068 0.5736320614814758
4300 4060 0.39320844411849976
4301 4063 0.2944461703300476
4302 4122 0.3500367999076843
4304 4175 0.5105547308921814
4309 3851 0.42886221408843994
4310 3857 0.2989943325519562
4311 3924 0.3543277978897095
4314 4100 0.2572794258594513
4315 4141 0.3641067147254944
4318 4184 0.4162474572658539
4322 3912 0.2954613268375397
4324 4111 0.3821064233779907
4325 4082 0.4585040807723999
4326 4086 0.4424382150173187
4327 4142 0.3223733901977539
4329 4214 0.4444851279258728
4333 3938 0.4982609152793884
4334 3894 0.3120878040790558
4335 3958 0.37928470969200134
4336 4018 0.40347471833229065
4340 4112 0.2646801471710205
4342 4213 0.34676969051361084
4343 4196 0.33131590485572815
4347 3921 0.42535436153411865
4348 4066 0.44458770751953125
4349 4139 0.25318270921707153
4351 3837 0.34938380122184753
4352 3952 0.5548714399337769
4354 4099 0.29216980934143066
4355 4153 0.27705246210098267
4357 4173 0.44587385654449463
4358 4189 0.4917951822280884
4359 3910 0.2553800046443939
4360 3951 0.64728844165802
4361 3968 0.4400845766067505
4362 4079 0.41827890276908875
4366 4140 0.5139004588127136
4367 4155 0.30773496627807617
4369 4195 0.4698196351528168
4371 4212 0.31543734669685364
4374 3936 0.4498249590396881
4376 3937 0.4711257517337799
4379 4006 0.5321338176727295
4380 3957 0.5462319850921631
4381 4108 0.3152241110801697
4393 4098 0.2892639935016632
4394 4137 0.28648319840431213
4396 4181 0.2691851258277893
4399 4226 0.5000584125518799
4402 4136 0.27463412284851074
4403 4152 0.4149276614189148
4404 4156 0.2808976471424103
4410 3978 0.4046342074871063
4412 4134 0.4738744795322418
4413 4151 0.38391080498695374
4414 4169 0.6288890242576599
4415 4179 0.40971988439559937
4416 4172 0.35234710574150085
4418 4239 0.3466387689113617
4419 4251 0.30393603444099426
4423 3965 0.4013107717037201
4424 3966 0.2696537673473358
4426 3967 0.42890557646751404
4427 3989 0.3661060333251953
4430 4150 0.37778082489967346
4432 4180 0.3550865650177002
4435 4237 0.33385714888572693
4436 4240 0.3166438341140747
4437 4249 0.3895736634731293
4441 3991 0.3309212028980255
4442 4007 0.3006065785884857
4443 4008 0.31288230419158936
4444 4017 0.47633975744247437
4445 4161 0.3627086579799652
4446 4168 0.4712839126586914
4447 4187 0.32828426361083984
4448 4209 0.38611239194869995
4450 4267 0.5764843821525574
4451 4287 0.906193733215332
4452 4288 0.4275056719779968
4454 3956 0.25117626786231995
4455 4096 0.4059452712535858
4456 4132 0.4287395179271698
4458 4133 0.5743135809898376
4459 4201 0.3621314465999603
4460 4192 0.36580902338027954
4461 4206 0.29813727736473083
4462 4207 0.2830292284488678
4463 4210 0.4557180106639862
4464 4224 0.3320358395576477
4465 3988 0.3522164225578308
4466 4029 0.43495118618011475
4468 4005 0.32517489790916443
4469 4031 0.2774467170238495
4471 4057 0.2766698896884918
4472 3990 0.4646309018135071
4473 4049 0.2781161367893219
4474 4033 0.34880751371383667
4475 4193 0.33249372243881226
4476 4203 0.26297828555107117
4477 4204 0.27522459626197815
4478 4223 0.30647674202919006
4479 4286 0.36220812797546387
4480 4296 0.27151793241500854
4483 4015 0.2701752781867981
4484 4047 0.3794066309928894
4485 4078 0.3350059688091278
4486 4233 0.3450460433959961
4488 4295 0.48395732045173645
4492 3987 0.3222341537475586
4494 4032 0.2933899760246277
4495 4178 0.2872634828090668
4497 4222 0.3357185423374176
4498 4231 0.43191924691200256
4500 4232 0.4049912989139557
4502 4246 0.2527357041835785
4503 4302 0.3983970284461975
4504 4065 0.2949734330177307
4506 4235 0.2757526636123657
4509 4307 0.4237203001976013
4510 4312 0.3296392261981964
4513 4016 0.2669782340526581
4521 4064 0.32503753900527954
4524 4075 0.4567217528820038
4525 4117 0.36853504180908203
4527 4030 0.42430299520492554
4529 4056 0.33333539962768555
4534 4094 0.30220532417297363
4537 4198 0.4198499321937561
4538 4199 0.2683587372303009
4539 4220 0.27722665667533875
4541 4262 0.3018573820590973
4544 4265 0.27602052688598633
4545 4277 0.3185289204120636
4546 4257 0.28696855902671814
4552 4107 0.3255009949207306
4554 4263 0.2820086181163788
4555 4234 0.2945888340473175
4558 4076 0.254415899515152
4559 4118 0.34819066524505615
4560 4119 0.3137649893760681
4561 4106 0.3187927007675171
4566 4073 0.2911478877067566
4569 4091 0.2611735165119171
4570 4092 0.29307928681373596
4572 4093 0.4336605966091156
4573 4130 0.2715650498867035
4574 4120 0.26364776492118835
4575 4121 0.32200008630752563
4578 4245 0.423804372549057
4579 4300 0.40898752212524414
4580 4275 0.40974801778793335
4586 4282 0.2685525417327881
4587 4293 0.35648855566978455
4589 4329 0.731397271156311
4590 4104 0.2789677679538727
4591 4105 0.3026679754257202
4595 4115 0.3246252238750458
4596 4129 0.3101816773414612
4599 4126 0.2947431206703186
4600 4128 0.32693392038345337
4605 4310 0.3451214134693146
4606 4323 0.6051284074783325
4607 4334 0.29383015632629395
4608 4341 0.260464608669281
4610 4157 0.36401575803756714
4612 4116 0.3208328187465668
4613 4149 0.38259902596473694
4614 4274 0.37089774012565613
4615 4305 0.6076463460922241
4619 4352 0.2865780293941498
4623 4147 0.31514236330986023
4624 4148 0.37369516491889954
4626 4299 0.8298810720443726
4627 4304 0.4803881049156189
4630 4167 0.3076903522014618
4632 4322 0.3971141278743744
4633 4328 0.3185599148273468
4636 4158 0.39668527245521545
4637 4159 0.3383241891860962
4639 4186 0.27929601073265076
4641 4306 0.26600131392478943
4642 4397 0.2611809968948364
4647 4125 0.29091504216194153
4648 4160 0.29598844051361084
4649 4185 0.26952239871025085
4650 4292 0.2808949649333954
4651 4309 0.29384753108024597
4656 4191 0.3224382698535919
4658 4348 0.37609702348709106
4659 4356 0.2705904245376587
4662 4219 0.4119971692562103
4669 4197 0.4875567853450775
4671 4327 0.26514095067977905
4673 4229 0.3461056053638458
4675 4340 0.6043210029602051
4676 4366 0.39590030908584595
4678 4361 0.4582959711551666
4683 4349 0.27924567461013794
4684 4396 0.3638283312320709
4687 4385 0.3751702904701233
4689 4346 0.3521505892276764
4690 4384 0.3290882706642151
4692 4382 0.376059353351593
4695 4410 0.346412718296051
4699 4380 0.25638100504875183
4703 4381 0.25828835368156433
4704 4395 0.26222872734069824
4705 4431 0.2967611849308014
4706 4269 0.42210057377815247
4707 4270 0.3112742602825165
4711 4290 0.277108758687973
4712 4259 0.3273204565048218
4713 4272 0.32668647170066833
4717 4393 0.4032773971557617
4723 4271 0.39433690905570984
4724 4402 0.2932050824165344
4725 4425 0.2974848747253418
4726 4408 0.27139315009117126
4727 4291 0.2943349778652191
4728 4279 0.7932824492454529
4729 4430 0.37179726362228394
4731 4440 0.4003615975379944
4734 4434 0.29989588260650635
4735 4422 0.27261361479759216
4741 4280 0.7214478850364685
4746 4308 0.32364994287490845
4751 4444 0.2858634293079376
4752 4466 0.5708085894584656
4753 4441 0.5780792832374573
4754 4303 0.5828099846839905
4758 4448 0.3017851412296295
4759 4453 0.35929206013679504
4761 4314 0.4870929718017578
4763 4331 0.36106690764427185
4764 4332 0.40566080808639526
4767 4339 0.288803368806839
4768 4345 0.7202715873718262
4770 4333 0.32284843921661377
4771 4462 0.5085322856903076
4774 4392 0.2573927938938141
4776 4355 0.39154550433158875
4777 4374 0.38402360677719116
4778 4358 0.2537940740585327
4779 4429 0.6993179321289062
4780 4401 0.39344924688339233
4781 4364 0.361666202545166
4784 4493 0.27554264664649963
4786 4486 0.30709555745124817
4787 4357 0.3238895535469055
4788 4399 0.31076082587242126
4791 4377 0.2591277062892914
4792 4400 0.554551899433136
4793 4389 0.5916261076927185
4794 4390 0.3609956204891205
4795 4391 0.26176896691322327
4796 4491 0.4817993938922882
4797 4503 0.28371402621269226
4798 4378 0.3030168414115906
4800 4426 0.3080276846885681
4801 4420 0.339890718460083
4802 4502 0.2656327188014984
4803 4517 0.38524362444877625
4804 4518 0.34725022315979004
4805 4514 0.2710217237472534
4806 4379 0.4686633050441742
4807 4417 0.44025498628616333
4808 4427 0.4709222614765167
4809 4428 0.39109691977500916
4810 4418 0.42188045382499695
4813 4535 0.3466235399246216
4815 4452 0.3632794916629791
4817 4531 0.2978195548057556
4820 4534 0.39486563205718994
4822 4541 0.35735517740249634
4823 4549 0.26482710242271423
4824 4550 0.29532161355018616
4830 4433 0.29286471009254456
4831 4460 0.3604527711868286
4832 4540 0.3254845440387726
4834 4570 0.26867806911468506
4835 4467 0.2894055247306824
4840 4446 0.3323586583137512
4841 4459 0.34663480520248413
4845 4563 0.3440825939178467
4846 4559 0.36681899428367615
4847 4447 0.26586589217185974
4852 4554 0.43385419249534607
4853 4555 0.26366710662841797
4854 4545 0.27111169695854187
4856 4562 0.36333388090133667
4859 4456 0.2719449996948242
4861 4482 0.4698653519153595
4862 4475 0.39424929022789
4863 4484 0.35211464762687683
4864 4573 0.32286906242370605
4865 4458 0.3446405529975891
4867 4594 0.35165926814079285
4868 4587 0.30847689509391785
4869 4588 0.32232972979545593
4870 4473 0.640335738658905
4872 4584 0.2688777446746826
4873 4471 0.3024100363254547
4875 4490 0.3730776906013489
4876 4501 0.33505547046661377
4878 4487 0.45664772391319275
4879 4470 0.32226336002349854
4880 4586 0.2834189832210541
4881 4614 0.3417440354824066
4883 4477 0.4200045168399811
4884 4480 0.3386434316635132
4885 4481 0.35812145471572876
4886 4474 0.3197048604488373
4889 4609 0.25743305683135986
4891 4592 0.2967928946018219
4892 4606 0.3603915870189667
4893 4511 0.4676181674003601
4894 4591 0.43040362000465393
4895 4597 0.29967087507247925
4898 4497 0.38664448261260986
4899 4605 0.35226815938949585
4901 4600 0.3450526297092438
4902 4620 0.3290848433971405
4903 4498 0.35792580246925354
4904 4500 0.29544752836227417
4905 4510 0.39032042026519775
4906 4622 0.2797144949436188
4911 4613 0.3735426664352417
4915 4611 0.26158231496810913
4916 4612 0.31634050607681274
4918 4507 0.4086413085460663
4926 4526 0.3713383674621582
4927 4520 0.34982356429100037
4928 4521 0.3708510398864746
4929 4529 0.5019639134407043
4930 4527 0.2772073447704315
4932 4528 0.3863462805747986
4935 4519 0.28008097410202026
4936 4508 0.3431260883808136
4937 4544 0.33496537804603577
4938 4539 0.3592858910560608
4939 4640 0.2823571264743805
4941 4538 0.32552456855773926
4942 4637 0.27417537569999695
4943 4642 0.47002536058425903
4946 4532 0.3092309236526489
4949 4572 0.5223776698112488
4951 4643 0.2638718783855438
4953 4577 0.29018712043762207
4956 4647 0.28296443819999695
4961 4567 0.33331727981567383
4965 4546 0.32863572239875793
4970 4650 0.3086581528186798
4978 4574 0.29275190830230713
4979 4581 0.32284966111183167
4987 4575 0.6632865071296692
4988 4576 0.3872692584991455
4989 4571 0.3736245930194855
4990 4566 0.5425029397010803
4991 4608 0.3390764594078064
4992 4663 0.2718358337879181
5000 4582 0.2595016062259674
5003 4598 0.26662811636924744
5005 4590 0.35293126106262207
5012 4621 0.31549420952796936
5015 4629 0.25531911849975586
5018 4618 0.289303719997406
5021 4626 0.33321142196655273
5023 4627 0.6043452620506287
5027 4625 0.2562006115913391
5028 4639 0.28122520446777344
5031 4632 0.2744807004928589
5033 4633 0.28343817591667175
5036 4654 0.3458700180053711
5038 4649 0.4913507401943207
5039 4675 0.9527345299720764
5040 4653 0.31562963128089905
5043 4661 0.289982408285141
5044 4652 0.37385913729667664
5045 4668 0.3391469717025757
5046 4669 0.28619322180747986
5049 4667 0.27430668473243713
5051 4672 0.30761730670928955
5053 4673 0.527325451374054
5054 4682 0.6032552123069763
5055 4676 0.26964449882507324
5056 4681 0.2982043921947479
5057 4679 0.33798137307167053
5058 4680 0.26393580436706543
5059 4684 0.3343682289123535
5060 4686 0.5416080951690674
5061 4685 0.9202096462249756
5062 4687 0.31018316745758057
5063 4689 0.42648521065711975
5064 4688 0.49386975169181824
5065 4693 0.3528430759906769
5066 4690 0.35588017106056213
5069 4695 0.513643205165863
