1522
4 52 0.2989184856414795
12 57 0.25616398453712463
13 58 0.3915223479270935
32 71 0.3274950087070465
42 81 0.303469717502594
97 120 0.2514880895614624
127 159 0.2529093027114868
211 268 0.2615703344345093
227 315 0.26144513487815857
243 323 0.2566821575164795
249 294 0.2945304214954376
250 366 0.27566537261009216
254 336 0.2513883411884308
263 348 0.30147963762283325
270 363 0.2686934471130371
310 395 0.28916633129119873
312 396 0.3419683277606964
325 327 0.45668691396713257
328 401 0.4090811312198639
332 374 0.25500741600990295
345 349 0.27148735523223877
360 350 0.27521881461143494
361 353 0.42081722617149353
362 361 0.3311895430088043
375 445 0.5281895995140076
379 463 0.33497560024261475
382 378 0.28524279594421387
384 475 0.27052411437034607
389 426 0.4535289704799652
390 464 0.30620768666267395
413 412 0.38136738538742065
414 415 0.48453274369239807
422 413 0.4265913665294647
423 414 0.5753310322761536
427 504 0.35264259576797485
432 443 0.3167111873626709
436 438 0.4391508996486664
437 538 0.40273892879486084
438 502 0.5929297804832458
439 530 0.25645533204078674
440 539 0.2713131606578827
452 439 0.38370218873023987
456 441 0.25721266865730286
457 448 0.35245800018310547
458 449 0.4276149570941925
460 553 0.272222638130188
467 466 0.38994908332824707
468 468 0.27745306491851807
474 558 0.2823544144630432
478 467 0.26733237504959106
481 465 0.38308024406433105
482 482 0.40145429968833923
492 457 0.5023335814476013
496 566 0.25572144985198975
498 483 0.27294713258743286
504 481 0.2530960440635681
505 511 0.46854040026664734
506 469 0.2629950940608978
508 613 0.25287213921546936
514 513 0.37914547324180603
523 496 0.2788693606853485
530 518 0.27162981033325195
538 534 0.4484247863292694
545 572 0.25634896755218506
546 523 0.35755905508995056
558 521 0.28273624181747437
566 661 0.27091965079307556
567 571 0.30888107419013977
572 660 0.33599910140037537
580 654 0.4980233609676361
581 659 0.4398026168346405
587 544 0.2902662754058838
588 597 0.3822113573551178
594 587 0.33276495337486267
595 574 0.2971095144748688
599 705 0.32503506541252136
605 605 0.4241286516189575
606 606 0.28963303565979004
611 585 0.3189639151096344
612 586 0.2959119379520416
613 569 0.2822343409061432
614 602 0.507943868637085
615 588 0.44850048422813416
622 620 0.37150838971138
623 596 0.3198738098144531
628 594 0.4357978105545044
629 619 0.36931365728378296
638 732 0.29734647274017334
639 629 0.7739902138710022
640 635 0.28950434923171997
645 741 0.2722989618778229
650 627 0.837615966796875
651 618 0.31094908714294434
659 639 0.33196428418159485
668 658 0.5068386793136597
669 652 0.37842121720314026
675 729 0.7399510145187378
676 739 0.2666708528995514
677 672 0.2897162139415741
680 650 0.3226148188114166
682 751 0.28628191351890564
688 657 0.3852936029434204
691 750 0.5622040033340454
704 668 0.3167833685874939
705 649 0.2616112530231476
708 679 0.6059808135032654
710 675 0.7189669609069824
711 676 0.5407302379608154
714 609 0.29133009910583496
716 678 0.4305715262889862
719 690 0.5392938852310181
723 624 0.38445380330085754
728 685 0.403999924659729
729 686 0.45616546273231506
730 689 0.2888474464416504
737 700 0.5305801033973694
738 645 0.2851225733757019
754 708 0.2616192400455475
757 718 0.32608261704444885
758 721 0.33070287108421326
759 713 0.2878950834274292
761 687 0.2936237156391144
762 725 0.37245556712150574
774 757 0.40068548917770386
783 736 0.2682594656944275
793 747 0.36327362060546875
794 748 0.3705332279205322
795 760 0.33699682354927063
796 783 0.3233494460582733
798 719 0.27019384503364563
805 701 0.25124573707580566
808 795 0.32271823287010193
809 754 0.4472366273403168
810 755 0.4047561585903168
812 759 0.5901755690574646
814 761 0.27510806918144226
822 773 0.4129774868488312
824 791 0.2749040424823761
834 796 0.2765670120716095
836 774 0.3761870563030243
840 812 0.3440018892288208
845 781 0.2511245310306549
853 809 0.33281001448631287
864 821 0.5336365699768066
865 815 0.45180562138557434
871 822 0.5220893025398254
872 803 0.25209033489227295
873 811 0.3417968153953552
874 727 0.29982295632362366
879 870 0.32753124833106995
881 832 0.4004104733467102
882 835 0.29593369364738464
900 833 0.42318886518478394
902 726 0.42696866393089294
904 863 0.31989791989326477
905 853 0.2667776942253113
914 878 0.40829694271087646
920 871 0.42198023200035095
921 872 0.41407540440559387
922 854 0.2738281190395355
923 855 0.3423928916454315
929 888 0.4353404641151428
931 897 0.2721099853515625
939 895 0.33333951234817505
940 896 0.28154855966567993
942 906 0.25475290417671204
943 898 0.3296370208263397
944 907 0.30102282762527466
946 891 0.7946855425834656
950 805 0.3206869065761566
951 817 0.2911473512649536
956 912 0.2702806890010834
957 890 0.3169749677181244
959 928 0.31924542784690857
961 919 0.4117591381072998
962 914 0.2537722885608673
968 920 0.2722662389278412
970 921 0.3425169885158539
974 880 0.33526644110679626
982 925 0.418938010931015
983 889 0.3592934310436249
984 937 0.6007566452026367
987 857 0.35075893998146057
990 936 0.28282228112220764
1002 966 0.36320674419403076
1003 959 0.2749451994895935
1004 970 0.3317585587501526
1026 952 0.45993703603744507
1032 988 0.3136656582355499
1036 1026 0.25277137756347656
1039 949 0.32468125224113464
1041 971 0.42462441325187683
1042 953 0.30887457728385925
1047 992 0.40636396408081055
1048 977 0.3023070693016052
1051 922 0.2918862998485565
1062 989 0.27076131105422974
1063 990 0.2943737208843231
1064 991 0.4438560903072357
1068 1006 0.42701712250709534
1070 1010 0.2548578679561615
1076 1014 0.5599405765533447
1079 1037 0.2778383195400238
1084 1017 0.33225029706954956
1087 946 0.3989529013633728
1092 1020 0.3564063012599945
1094 1031 0.31661123037338257
1096 1032 0.5243101716041565
1097 1011 0.35572782158851624
1099 1016 0.2866556644439697
1100 1022 0.3480077385902405
1103 1042 0.280802845954895
1110 1035 0.4638039171695709
1114 1041 0.3039882183074951
1115 1092 0.3619125485420227
1121 1077 0.27208325266838074
1122 1062 0.33552712202072144
1123 1048 0.3337208926677704
1124 1052 0.27977797389030457
1125 1053 0.3399451673030853
1126 1040 0.26074519753456116
1127 1055 0.5849822163581848
1129 940 0.4652809500694275
1130 1093 0.30442890524864197
1131 1109 0.40945544838905334
1136 1049 0.2743006646633148
1137 1050 0.2747148275375366
1139 1054 0.4434211552143097
1148 1071 0.37427186965942383
1149 1061 0.27017784118652344
1150 1047 0.3247202932834625
1151 1073 0.34009987115859985
1167 1078 0.3587302267551422
1172 1112 0.33742228150367737
1174 1122 0.2811889946460724
1176 995 0.3569369316101074
1180 1111 0.30304574966430664
1185 1134 0.27058088779449463
1187 1115 0.392005056142807
1190 1105 0.3631928861141205
1196 1151 0.6650359630584717
1197 1057 0.3806079924106598
1203 1149 0.25426891446113586
1205 1150 0.44144901633262634
1206 1163 0.335673063993454
1207 1135 0.31232601404190063
1214 1152 0.5120302438735962
1217 1181 0.4763120412826538
1226 1211 0.31878358125686646
1227 1212 0.3062695860862732
1230 1184 0.36666858196258545
1232 1186 0.4941694140434265
1241 1170 0.32244473695755005
1244 1074 0.2841350734233856
1245 1236 0.2811356484889984
1249 1195 0.3463985025882721
1253 1068 0.2627454102039337
1259 1214 0.2721725404262543
1260 1205 0.37623584270477295
1261 1226 0.3761526346206665
1262 1185 0.31568923592567444
1263 1228 0.3371697664260864
1264 1190 0.3510052263736725
1271 1258 0.4054511785507202
1272 1215 0.2729145884513855
1277 1089 0.27831539511680603
1282 1216 0.2709069848060608
1283 1229 0.26399320363998413
1286 1101 0.29439619183540344
1298 1206 0.32647904753685
1299 1233 0.2654514014720917
1300 1291 0.25286781787872314
1309 1231 0.2664491832256317
1311 1124 0.28421148657798767
1317 1273 0.3272240161895752
1318 1337 0.312404066324234
1320 1242 0.2535250782966614
1321 1259 0.3825461268424988
1322 1243 0.3183676600456238
1323 1260 0.44796356558799744
1330 1311 0.30860665440559387
1336 1277 0.5172784328460693
1337 1287 0.5184998512268066
1338 1321 0.36105725169181824
1340 1261 0.45002448558807373
1342 1244 0.29854127764701843
1343 1274 0.4402046203613281
1344 1326 0.3594764769077301
1347 1394 0.28583860397338867
1349 1320 0.4687857925891876
1350 1245 0.2613820731639862
1351 1154 0.2701667845249176
1359 1318 0.6463650465011597
1360 1351 0.2918292284011841
1361 1217 0.5037512183189392
1362 1144 0.6053500771522522
1363 1145 0.3049757778644562
1368 1365 0.2586526572704315
1371 1322 0.2627596855163574
1376 1300 0.4303871989250183
1381 1334 0.288878858089447
1382 1340 0.3776806592941284
1383 1323 0.3175613582134247
1384 1168 0.3601703345775604
1388 1357 0.25154781341552734
1391 1325 0.35029059648513794
1393 1178 0.5598882436752319
1400 1348 0.34740522503852844
1403 1336 0.29555460810661316
1415 1440 0.3028440773487091
1416 1290 0.5505387187004089
1418 1411 0.27398326992988586
1422 1208 0.29084262251853943
1428 1374 0.8053176999092102
1432 1383 0.33425822854042053
1433 1384 0.32532036304473877
1434 1408 0.370231568813324
1443 1398 0.30013391375541687
1444 1385 0.4013191759586334
1446 1376 0.2909039258956909
1452 1426 0.27630916237831116
1458 1356 0.4515988528728485
1460 1467 0.4226524233818054
1462 1416 0.3458901345729828
1464 1424 0.33745574951171875
1465 1445 0.2870454788208008
1476 1434 0.28187471628189087
1477 1407 0.2879560589790344
1478 1444 0.3056434392929077
1479 1418 0.3507770001888275
1495 1462 0.40390899777412415
1497 1433 0.3507000803947449
1505 1507 0.2664242684841156
1511 1461 0.2717127203941345
1512 1448 0.28701648116111755
1516 1453 0.26840147376060486
1518 1437 0.3400622308254242
1535 1379 0.3220166563987732
1538 1496 0.3053148090839386
1539 1457 0.40897035598754883
1540 1480 0.2753414213657379
1557 1472 0.43755102157592773
1559 1454 0.2637425661087036
1562 1526 0.33244583010673523
1564 1483 0.35359427332878113
1576 1470 0.3826599717140198
1577 1473 0.3589174151420593
1580 1493 0.2698199450969696
1581 1478 0.5362204313278198
1582 1479 0.5276856422424316
1584 1513 0.42509564757347107
1591 1498 0.27178993821144104
1592 1485 0.3832859694957733
1593 1486 0.32632774114608765
1594 1487 0.40177834033966064
1595 1447 0.27811744809150696
1596 1502 0.36916646361351013
1598 1482 0.25202110409736633
1602 1568 0.32503536343574524
1604 1538 0.25523585081100464
1605 1499 0.33462855219841003
1606 1494 0.4548864960670471
1618 1500 0.305277556180954
1620 1580 0.3226129710674286
1627 1529 0.35643213987350464
1628 1518 0.6289610266685486
1629 1519 0.4105162024497986
1635 1534 0.2896695137023926
1643 1490 0.32551589608192444
1648 1535 0.2766501009464264
1649 1557 0.3638984262943268
1653 1531 0.31337982416152954
1655 1601 0.25165531039237976
1656 1590 0.2652309834957123
1658 1610 0.35235852003097534
1664 1552 0.2882921099662781
1665 1553 0.33900922536849976
1666 1554 0.3217262625694275
1667 1544 0.30314114689826965
1679 1579 0.3685234487056732
1682 1561 0.3161824643611908
1684 1583 0.3041137754917145
1689 1613 0.3226739168167114
1693 1586 0.25557443499565125
1697 1600 0.36793240904808044
1699 1633 0.2540808320045471
1711 1660 0.3466642200946808
1715 1612 0.47926604747772217
1717 1641 0.31867992877960205
1720 1599 0.28866294026374817
1721 1647 0.4553283452987671
1722 1589 0.3395887613296509
1727 1669 0.3897104263305664
1730 1625 0.9197288751602173
1731 1743 0.25256943702697754
1732 1689 0.37514129281044006
1741 1616 0.29129064083099365
1742 1666 0.3677205443382263
1754 1628 0.27315545082092285
1755 1607 0.33176079392433167
1757 1702 0.3777797222137451
1764 1631 0.3040711283683777
1769 1673 0.3153134286403656
1774 1657 0.28249016404151917
1775 1665 0.33857592940330505
1776 1697 0.35024550557136536
1780 1685 0.2940448820590973
1784 1677 0.2900761663913727
1790 1877 0.5010709166526794
1793 1688 0.8511587381362915
1794 1662 0.30263015627861023
1798 1667 0.3850709795951843
1806 1713 0.2908370792865753
1810 1726 0.34843847155570984
1816 1728 0.25967589020729065
1818 1723 0.3341648578643799
1827 1729 0.2524653971195221
1830 1724 0.32650426030158997
1841 1769 0.2757900059223175
1847 1756 0.3130921423435211
1851 1734 0.3873516023159027
1859 1782 0.3803083002567291
1861 1749 0.3040253221988678
1868 1781 0.3342120051383972
1870 1695 0.34999173879623413
1871 1740 0.3117213547229767
1872 1761 0.3091701865196228
1875 1755 0.421176940202713
1878 1722 0.2609168291091919
1879 1775 0.5235222578048706
1881 1800 0.2598874866962433
1884 1784 0.28186988830566406
1886 1817 0.40601688623428345
1888 1812 0.28314343094825745
1894 1829 0.2823275029659271
1897 1870 0.26202625036239624
1901 1762 0.25511783361434937
1902 1779 0.2871185839176178
1904 1804 0.3069169521331787
1907 1831 0.25163108110427856
1909 1747 0.2587992250919342
1914 1808 0.42403480410575867
1915 1806 0.29878851771354675
1927 1805 0.27331361174583435
1930 1668 0.3255823254585266
1933 1828 0.27368399500846863
1936 1867 0.30974331498146057
1937 1868 0.29531148076057434
1945 1863 0.2897573709487915
1949 1881 0.31348472833633423
1951 1904 0.3529437184333801
1952 1893 0.2746867835521698
1955 1682 0.504241943359375
1962 1931 0.27491819858551025
1969 1698 0.2663302719593048
1978 1882 0.2985973656177521
1982 1861 0.28251954913139343
1989 1905 0.3261062502861023
1990 1894 0.3806123733520508
1992 1858 0.4310818314552307
1994 1887 0.26521530747413635
2000 1924 0.2638809382915497
2001 1945 0.27930745482444763
2002 1927 0.2925634980201721
2006 1883 0.29029616713523865
2008 1896 0.3640359044075012
2016 1952 0.30576470494270325
2019 1917 0.38444939255714417
2021 1907 0.2767302989959717
2025 1911 0.3394485414028168
2031 1902 0.31289246678352356
2036 1884 0.4033781588077545
2037 1885 0.2992718815803528
2040 1909 0.2654377222061157
2041 1910 0.3054144084453583
2042 1874 0.2549974322319031
2047 2111 0.3134351074695587
2048 1925 0.39979881048202515
2052 1895 0.3623456358909607
2056 1959 0.31765133142471313
2058 1859 0.3693118989467621
2059 1938 0.27080729603767395
2069 1981 0.31490832567214966
2070 1970 0.312648743391037
2071 1971 0.4834614098072052
2073 1937 0.28955432772636414
2074 1918 0.3428833484649658
2079 1964 0.3239760398864746
2083 1980 0.2567651569843292
2100 1978 0.8885341882705688
2103 2020 0.3093881607055664
2104 2029 0.2529493272304535
2105 2146 0.34469643235206604
2106 2022 0.4654447138309479
2107 1956 0.3555680811405182
2108 1935 0.3721317648887634
2109 1987 0.25776052474975586
2121 2023 0.38659802079200745
2129 1997 0.4321141242980957
2132 2024 0.4981207549571991
2144 2099 0.34654852747917175
2145 2053 0.2580071985721588
2147 2070 0.2904964089393616
2151 1993 0.33143696188926697
2152 1973 0.46196621656417847
2162 2210 0.2601699233055115
2165 2263 0.34383559226989746
2168 2056 0.28546077013015747
2169 2016 0.3994238078594208
2175 2098 0.47180017828941345
2176 2041 0.4619565010070801
2177 2042 0.3563641607761383
2178 2043 0.3559395968914032
2189 2085 0.2642844021320343
2191 2026 0.2652823328971863
2194 1994 0.3666241765022278
2203 2262 0.2756480276584625
2208 2048 0.4578748345375061
2212 2066 0.3036240339279175
2218 2071 0.37442144751548767
2220 2100 0.3024916648864746
2221 2102 0.32587122917175293
2223 2128 0.7281054854393005
2224 2144 0.48364540934562683
2225 2145 0.4961593449115753
2228 2129 0.26081383228302
2233 2059 0.33813193440437317
2237 2067 0.3724314272403717
2238 2095 0.34702640771865845
2242 2359 0.2637958824634552
2243 2337 0.3227939307689667
2245 2156 0.6439771056175232
2247 2086 0.3071933686733246
2253 2357 0.27568429708480835
2256 2221 0.45191508531570435
2258 2173 0.2761990427970886
2260 2117 0.2507167458534241
2264 2358 0.3071424067020416
2266 2371 0.25607556104660034
2268 2184 0.26577258110046387
2269 2215 0.3745700418949127
2273 2090 0.30571049451828003
2282 2124 0.2939397394657135
2283 2197 0.6215776801109314
2285 2147 0.6868234276771545
2286 2279 0.2858405113220215
2287 2130 0.3144935667514801
2288 2131 0.2654156982898712
2289 2118 0.3078814446926117
2291 2078 0.27682244777679443
2294 2356 0.2754698395729065
2295 2199 0.31022635102272034
2297 2217 0.3116517961025238
2311 2169 0.42567047476768494
2320 2222 0.38349291682243347
2322 2244 0.3131766617298126
2323 2245 0.5131418704986572
2325 2201 0.2627391219139099
2339 2243 0.35311710834503174
2342 2182 0.30130457878112793
2346 2271 0.26509013772010803
2354 2075 0.26118695735931396
2363 2294 0.4560227692127228
2366 2235 0.2604765295982361
2368 2236 0.2783321142196655
2369 2175 0.3126126825809479
2370 2176 0.2783828377723694
2382 2219 0.3455432951450348
2383 2292 0.3131040930747986
2385 2321 0.45938557386398315
2386 2322 0.49371105432510376
2387 2339 0.3104498088359833
2388 2295 0.3039534389972687
2400 2323 0.314291775226593
2401 2309 0.28093916177749634
2403 2311 0.257064551115036
2404 2297 0.27673956751823425
2407 2272 0.31232303380966187
2415 2273 0.340849906206131
2417 2250 0.26886388659477234
2418 2251 0.2784236967563629
2419 2252 0.29747864603996277
2425 2347 0.2711344361305237
2431 2360 0.29946860671043396
2433 2312 0.7196797132492065
2442 2317 0.31832849979400635
2443 2261 0.40286916494369507
2447 2304 0.2971095144748688
2448 2320 0.5198411345481873
2449 2397 0.37610167264938354
2450 2268 0.3278537392616272
2451 2350 0.2679970860481262
2452 2351 0.29170069098472595
2453 2352 0.3787086009979248
2455 2313 0.39209216833114624
2461 2553 0.2520153224468231
2463 2226 0.2520453631877899
2464 2385 0.33139145374298096
2470 2319 0.2518560290336609
2472 2346 0.5398789644241333
2473 2384 0.35123226046562195
2474 2305 0.3317551016807556
2475 2391 0.27204224467277527
2476 2353 0.37597256898880005
2485 2393 0.25389817357063293
2486 2280 0.29343026876449585
2490 2343 0.3363828957080841
2492 2355 0.29254230856895447
2496 2345 0.37867501378059387
2498 2428 0.29607200622558594
2499 2416 0.37728646397590637
2500 2387 0.35343918204307556
2509 2429 0.29422467947006226
2510 2480 0.5926397442817688
2511 2418 0.25023186206817627
2515 2376 0.32008376717567444
2518 2342 0.2563636302947998
2521 2470 0.4259527027606964
2522 2456 0.3017226755619049
2528 2285 0.25199443101882935
2531 2414 0.3026261031627655
2532 2504 0.31603291630744934
2533 2505 0.4304553270339966
2534 2440 0.7600064277648926
2539 2469 0.37856993079185486
2541 2515 0.3981824219226837
2543 2491 0.3439517021179199
2544 2459 0.5593993663787842
2548 2403 0.3082798421382904
2550 2354 0.2888292670249939
2551 2394 0.40267249941825867
2566 2532 0.4001600444316864
2570 2448 0.37648460268974304
2572 2533 0.31573620438575745
2576 2433 0.3889462947845459
2577 2484 0.3399425745010376
2578 2406 0.3924296200275421
2580 2424 0.3587127923965454
2586 2520 0.2802151143550873
2588 2423 0.37121620774269104
2592 2713 0.2704431116580963
2595 2471 0.37043216824531555
2597 2464 0.2802127003669739
2599 2486 0.33598148822784424
2606 2577 0.2853189706802368
2609 2482 0.3337422311306
2611 2405 0.3151363432407379
2612 2444 0.322208970785141
2613 2445 0.44593507051467896
2614 2475 0.26567402482032776
2616 2742 0.41672807931900024
2619 2578 0.790995717048645
2620 2603 0.3317079544067383
2621 2558 0.2944694757461548
2622 2507 0.4193425476551056
2623 2516 0.3747433125972748
2624 2461 0.3512091636657715
2632 2544 0.3314436078071594
2633 2556 0.42275968194007874
2634 2576 0.3537355959415436
2636 2534 0.3120327591896057
2644 2757 0.2810458242893219
2645 2768 0.2720150053501129
2646 2554 0.48895135521888733
2648 2560 0.4570947587490082
2649 2463 0.278327077627182
2650 2494 0.34704363346099854
2651 2495 0.3481255769729614
2655 2555 0.25363439321517944
2656 2574 0.3566953241825104
2657 2601 0.33305609226226807
2658 2591 0.3155173659324646
2662 2521 0.34336963295936584
2663 2496 0.2749043107032776
2673 2493 0.30799245834350586
2681 2789 0.31043410301208496
2682 2790 0.27378684282302856
2687 2643 0.32452771067619324
2692 2508 0.2745225727558136
2693 2561 0.30239272117614746
2694 2462 0.5159491896629333
2695 2510 0.3046894371509552
2696 2524 0.28476959466934204
2704 2539 0.3848741948604584
2708 2847 0.2799156904220581
2710 2642 0.40433064103126526
2713 2562 0.42061498761177063
2714 2563 0.2758108079433441
2715 2537 0.2613045573234558
2716 2538 0.5259944200515747
2720 2687 0.32998836040496826
2721 2688 0.4359661638736725
2722 2675 0.4102720022201538
2725 2606 0.39734938740730286
2726 2548 0.3029053211212158
2727 2549 0.45487913489341736
2740 2672 0.2736211121082306
2741 2686 0.3379555940628052
2742 2691 0.338436484336853
2745 2692 0.3028293550014496
2747 2645 0.34494438767433167
2748 2646 0.2791396975517273
2750 2647 0.263359010219574
2761 2638 0.2847505807876587
2763 2654 0.31349968910217285
2767 2851 0.2581777572631836
2772 2701 0.3330529034137726
2773 2702 0.2992781698703766
2774 2609 0.4129987359046936
2780 2881 0.3197316825389862
2782 2673 0.27778610587120056
2786 2706 0.4784550070762634
2787 2627 0.3112424910068512
2795 2678 0.401349812746048
2796 2608 0.2643343210220337
2799 2715 0.48103585839271545
2800 2727 0.4002546966075897
2802 2676 0.2619442939758301
2803 2626 0.2507631480693817
2807 2635 0.33363306522369385
2810 2946 0.25653019547462463
2811 2725 0.5072806477546692
2812 2737 0.546415388584137
2828 2669 0.49937501549720764
2829 2967 0.28737691044807434
2833 2726 0.4072609543800354
2834 2695 0.25084686279296875
2840 2993 0.3099992275238037
2853 2697 0.2871621251106262
2855 2694 0.41028374433517456
2857 2712 0.32226550579071045
2859 2992 0.30600276589393616
2860 2976 0.3392058312892914
2861 2977 0.4174914062023163
2864 2981 0.2875112295150757
2865 2996 0.2716979384422302
2870 2811 0.3191607892513275
2873 2707 0.2973107397556305
2875 2708 0.5228297114372253
2882 2732 0.2566797137260437
2883 2696 0.31269824504852295
2885 2740 0.39372026920318604
2891 3039 0.2678956389427185
2904 2711 0.4139419496059418
2906 2772 0.28597140312194824
2909 2994 0.31375572085380554
2912 2775 0.34422603249549866
2913 2733 0.3030489385128021
2916 2752 0.33366331458091736
2921 2718 0.4093964993953705
2922 2719 0.34332311153411865
2924 3064 0.2781805992126465
2926 3075 0.3402435779571533
2930 2857 0.2657604217529297
2931 2858 0.28112196922302246
2933 2783 0.4361354112625122
2935 2747 0.4135860204696655
2936 2720 0.3365837633609772
2937 2739 0.36515480279922485
2938 2751 0.36991816759109497
2940 2753 0.5460106134414673
2943 2754 0.305753618478775
2947 3028 0.27323439717292786
2950 2784 0.7112009525299072
2952 2668 0.3309546411037445
2953 2748 0.38135430216789246
2957 2765 0.4010089039802551
2961 2953 0.2549247145652771
2965 2760 0.4742013216018677
2966 2764 0.30080559849739075
2968 2777 0.329818457365036
2969 2749 0.26106518507003784
2972 3095 0.30017799139022827
2973 3097 0.27758458256721497
2974 3104 0.34793439507484436
2977 3041 0.27553027868270874
2980 2834 0.3329963684082031
2984 2815 0.34782689809799194
2985 2776 0.3962387442588806
2987 2795 0.3067916929721832
2988 2770 0.28195616602897644
2993 3065 0.31888818740844727
2994 3067 0.2732641100883484
2995 2896 0.6760172247886658
2997 2794 0.3154948055744171
2999 2798 0.2706614136695862
3000 2799 0.32631903886795044
3007 2823 0.43981099128723145
3008 2787 0.36694249510765076
3009 2800 0.2580406665802002
3011 3145 0.4503507614135742
3012 3011 0.39391031861305237
3013 2917 0.4255523681640625
3016 2866 0.34676507115364075
3018 2803 0.2786649167537689
3019 2839 0.34288761019706726
3021 2796 0.2866603136062622
3022 2828 0.35361215472221375
3028 2805 0.26786908507347107
3029 2806 0.2583829462528229
3033 3030 0.2885850667953491
3034 3031 0.35157912969589233
3036 2927 0.6070022583007812
3038 2906 0.32357463240623474
3041 2829 0.3496968150138855
3043 2831 0.29261791706085205
3045 3068 0.4323647618293762
3046 3032 0.29363685846328735
3047 2972 0.3354218602180481
3048 2949 0.3903166949748993
3049 2904 0.276248574256897
3053 2816 0.3885881304740906
3060 3033 0.30910825729370117
3062 3054 0.33645540475845337
3065 2824 0.4631992280483246
3066 2875 0.300397664308548
3070 2818 0.3507910668849945
3071 2860 0.28288161754608154
3079 3115 0.294046550989151
3085 2870 0.3171612322330475
3088 2890 0.2549293637275696
3092 3055 0.3957931101322174
3093 2937 0.30227190256118774
3094 2867 0.30663812160491943
3095 2907 0.26935383677482605
3096 2886 0.2966513931751251
3097 2887 0.27069753408432007
3101 2891 0.2984983026981354
3102 2872 0.36116987466812134
3104 3086 0.26907628774642944
3105 3087 0.2939963638782501
3107 2936 0.27416834235191345
3111 2910 0.3264516294002533
3113 2892 0.3204212486743927
3122 2895 0.6311397552490234
3123 2938 0.25571680068969727
3125 2900 0.2975691556930542
3127 2933 0.27509599924087524
3128 2909 0.25443241000175476
3134 2958 0.3057183623313904
3135 2951 0.26805996894836426
3138 2950 0.2853328585624695
3141 2924 0.4958131015300751
3142 3116 0.5033482909202576
3143 3108 0.3209616541862488
3144 3109 0.4239029884338379
3146 3013 0.4126884937286377
3149 2941 0.34416234493255615
3150 2962 0.3389875590801239
3151 2921 0.2679656744003296
3154 3206 0.41130781173706055
3157 2999 0.40844884514808655
3159 2932 0.4408343732357025
3160 2942 0.39636725187301636
3165 2983 0.3826490342617035
3166 3000 0.2699236571788788
3167 2899 0.287095308303833
3168 2919 0.5881629586219788
3169 2923 0.35527893900871277
3173 3044 0.5061700940132141
3174 2984 0.3315814435482025
3176 2963 0.37399500608444214
3177 2956 0.2720222771167755
3182 2965 0.46387073397636414
3185 3045 0.2719164490699768
3186 3014 0.3107566833496094
3187 2940 0.37356045842170715
3188 2930 0.2876313626766205
3193 3036 0.4170723855495453
3194 3058 0.2838956415653229
3195 2960 0.31212592124938965
3196 2988 0.39156603813171387
3197 2969 0.42180684208869934
3199 3088 0.3044489324092865
3200 2989 0.3645226061344147
3204 3186 0.40696200728416443
3206 3046 0.303240031003952
3207 2959 0.49705731868743896
3209 2986 0.4584428668022156
3215 3057 0.6212173700332642
3217 3071 0.2682648301124573
3220 3099 0.2540943920612335
3221 3069 0.3174777925014496
3222 2974 0.27862584590911865
3223 3037 0.2581194341182709
3226 3009 0.3143007755279541
3227 3019 0.3529511094093323
3230 3207 0.4329923689365387
3231 3078 0.4896966218948364
3234 3024 0.4948631227016449
3235 3010 0.37722423672676086
3236 3018 0.3864844739437103
3237 3300 0.29235488176345825
3242 3017 0.31667160987854004
3243 3002 0.26545366644859314
3247 3135 0.391947478055954
3250 3048 0.35888180136680603
3253 3092 0.40493956208229065
3258 3038 0.2911245822906494
3260 3073 0.27043616771698
3261 3093 0.46786171197891235
3263 3063 0.4120250642299652
3265 3335 0.2676931321620941
3267 3154 0.34594985842704773
3269 3100 0.31016838550567627
3271 3082 0.3121357262134552
3276 3114 0.3538263440132141
3280 3103 0.286774605512619
3285 3161 0.4023066759109497
3286 3119 0.27506375312805176
3288 3083 0.32732391357421875
3290 3102 0.28933048248291016
3294 3381 0.4146009385585785
3297 3179 0.40856221318244934
3298 3147 0.34809306263923645
3299 3112 0.2832271456718445
3307 3162 0.2893831729888916
3308 3136 0.2812761664390564
3309 3101 0.2721943259239197
3310 3079 0.2557819187641144
3312 3312 0.2551368176937103
3315 3195 0.3434334993362427
3316 3180 0.4401147961616516
3317 3126 0.49091610312461853
3328 3137 0.2749066650867462
3335 3124 0.4057494103908539
3337 3130 0.2685033679008484
3341 3350 0.2926184833049774
3353 3304 0.2818497121334076
3355 3111 0.3585923910140991
3363 3440 0.27910909056663513
3366 3248 0.33564361929893494
3371 3148 0.35790497064590454
3373 3470 0.3060047924518585
3374 3471 0.34644708037376404
3375 3485 0.28536903858184814
3380 3222 0.28357255458831787
3383 3166 0.3354656994342804
3389 3294 0.2759155035018921
3395 3527 0.4143819510936737
3396 3508 0.326748788356781
3401 3272 0.2715117037296295
3404 3340 0.2879181504249573
3406 3341 0.2551448345184326
3408 3275 0.2608593702316284
3412 3188 0.3098328113555908
3415 3214 0.29331809282302856
3417 3443 0.26182490587234497
3419 3231 0.397418349981308
3425 3274 0.2828662395477295
3429 3172 0.3071438670158386
3430 3173 0.36835652589797974
3432 3190 0.3506355285644531
3433 3199 0.7050811052322388
3434 3201 0.3336690366268158
3435 3213 0.3547954559326172
3437 3551 0.25096723437309265
3445 3552 0.5321120023727417
3448 3238 0.3826950192451477
3449 3226 0.32672354578971863
3452 3516 0.27669522166252136
3455 3171 0.32432320713996887
3456 3218 0.5897390246391296
3457 3244 0.3198338449001312
3458 3202 0.3225548267364502
3460 3315 0.35152244567871094
3466 3314 0.34189072251319885
3467 3305 0.44890356063842773
3475 3243 0.3544335961341858
3477 3262 0.36347493529319763
3480 3667 0.5311983227729797
3483 3405 0.27074480056762695
3485 3284 0.3014620840549469
3486 3212 0.26356127858161926
3487 3285 0.41268613934516907
3488 3286 0.2671993374824524
3491 3433 0.3702799379825592
3492 3427 0.5654581785202026
3493 3467 0.5349363684654236
3494 3316 0.474478155374527
3496 3298 0.38431522250175476
3506 3309 0.361247718334198
3511 3574 0.30092811584472656
3516 3253 0.27668386697769165
3520 3643 0.46784788370132446
3521 3450 0.5405672788619995
3526 3642 0.46528762578964233
3528 3389 0.5175804495811462
3529 3421 0.6019460558891296
3530 3296 0.3679015338420868
3531 3327 0.3492055833339691
3536 3331 0.3364560306072235
3537 3358 0.27473393082618713
3538 3332 0.2879337966442108
3542 3711 0.5173529386520386
3544 3712 0.3874646723270416
3548 3357 0.5386041402816772
3556 3469 0.2844167649745941
3565 3452 0.5139176249504089
3569 3371 0.39143237471580505
3572 3410 0.3163064122200012
3573 3402 0.2703964412212372
3578 3502 0.27456605434417725
3584 3499 0.6884641647338867
3587 3391 0.2730150818824768
3588 3392 0.2780129909515381
3589 3328 0.29706358909606934
3590 3400 0.268391489982605
3595 3493 0.2760889530181885
3596 3423 0.36109960079193115
3599 3556 0.5379255414009094
3600 3519 0.3890334665775299
3602 3408 0.25401467084884644
3607 3586 0.41115131974220276
3608 3555 0.26719552278518677
3614 3411 0.30304113030433655
3615 3432 0.2859959304332733
3620 3585 0.2561744749546051
3624 3446 0.37084928154945374
3627 3588 0.2778353989124298
3631 3445 0.5037598609924316
3635 3438 0.3460574150085449
3641 3598 0.34986159205436707
3642 3587 0.2845461666584015
3643 3489 0.289075642824173
3646 3480 0.3791060745716095
3647 3462 0.5987130403518677
3648 3424 0.42433416843414307
3652 3465 0.2600525915622711
3655 3458 0.291491836309433
3663 3623 0.29404544830322266
3664 3626 0.4113227128982544
3669 3455 0.3474884033203125
3678 3557 0.5442004799842834
3679 3600 0.3162280023097992
3689 3625 0.34253495931625366
3690 3533 0.3277749717235565
3695 3478 0.3899092972278595
3707 3673 0.5820850729942322
3709 3532 0.6657872796058655
3710 3655 0.4435378909111023
3716 3481 0.32476919889450073
3724 3590 0.3343593180179596
3725 3541 0.3266366124153137
3726 3542 0.37476012110710144
3727 3535 0.45955732464790344
3734 3504 0.27896857261657715
3737 3702 0.27454274892807007
3738 3738 0.3932095766067505
3739 3762 0.6340203881263733
3740 3628 0.4838368892669678
3741 3576 0.3048737049102783
3742 3568 0.2568538188934326
3750 3514 0.3512878715991974
3761 3547 0.2723631262779236
3765 3629 0.30149832367897034
3766 3630 0.3105531632900238
3768 3513 0.38536930084228516
3769 3548 0.27863141894340515
3770 3539 0.40124303102493286
3773 3748 0.39603400230407715
3774 3650 0.45979318022727966
3776 3608 0.300336629152298
3778 3731 0.37897738814353943
3790 4002 0.325647234916687
3794 3704 0.3237156867980957
3795 3714 0.332842081785202
3796 3692 0.2952720522880554
3797 3732 0.43141084909439087
3801 3559 0.4254659414291382
3804 3563 0.3730314373970032
3806 3982 0.3933674693107605
3810 3675 0.3233765959739685
3817 3651 0.26782897114753723
3818 3652 0.3034500479698181
3826 3571 0.3278887867927551
3830 4067 0.2511031925678253
3831 3983 0.261295348405838
3833 3796 0.5271846652030945
3835 3785 0.2552935481071472
3837 4099 0.4402843713760376
3838 4100 0.41928255558013916
3843 3749 0.30732670426368713
3844 3713 0.25779077410697937
3849 3614 0.3562588095664978
3857 3691 0.27632710337638855
3858 3640 0.2861424386501312
3859 3602 0.268033891916275
3864 3805 0.2805025279521942
3867 3636 0.39951255917549133
3869 3638 0.28833499550819397
3871 3603 0.33948901295661926
3872 4152 0.4804256558418274
3875 3804 0.25606992840766907
3877 3765 0.40578773617744446
3878 3754 0.38553839921951294
3889 3816 0.25039273500442505
3890 3751 0.26836103200912476
3891 3742 0.34999775886535645
3892 3728 0.3127012252807617
3894 3635 0.260116845369339
3895 3665 0.4630221128463745
3898 4179 0.3847094476222992
3899 3832 0.45594537258148193
3904 3752 0.2623087763786316
3905 3764 0.8082745671272278
3906 3647 0.45216166973114014
3909 3612 0.31803232431411743
3915 3763 0.3219847083091736
3925 3842 0.27610474824905396
3928 3843 0.30146268010139465
3929 3797 0.29385146498680115
3930 3783 0.39637255668640137
3934 4248 0.29523009061813354
3935 4215 0.27214449644088745
3944 3664 0.35807910561561584
3947 4232 0.2645736634731293
3949 3893 0.36499011516571045
3952 3818 0.2779350280761719
3956 3837 0.2694185674190521
3957 3799 0.5419486165046692
3967 4160 0.384472131729126
3968 4161 0.3358943462371826
3969 3928 0.33965545892715454
3970 3929 0.3115822672843933
3971 3930 0.29458266496658325
3974 3822 0.30285391211509705
3975 3720 0.4050534963607788
3976 3660 0.3061487078666687
3980 4168 0.43542391061782837
3981 4169 0.25340735912323
3982 3941 0.26662254333496094
3983 3931 0.2626897692680359
3988 3734 0.4968222379684448
3989 3719 0.31189143657684326
3990 3681 0.39186376333236694
3993 4266 0.29145821928977966
3996 3967 0.46517136693000793
4000 3844 0.3355933725833893
4001 3820 0.3147248923778534
4006 3735 0.35622552037239075
4007 3757 0.2807953357696533
4013 3996 0.37502753734588623
4014 3962 0.3829713761806488
4015 3914 0.2979050576686859
4016 3838 0.3142869770526886
4017 3823 0.29172655940055847
4018 3807 0.28703945875167847
4019 3767 0.2613888084888458
4024 3856 0.324758380651474
4025 3858 0.44538894295692444
4031 3985 0.3306218385696411
4035 3935 0.29908302426338196
4037 3915 0.3630903959274292
4040 3789 0.2561986744403839
4043 4004 0.45454177260398865
4044 4042 0.4179742634296417
4045 3984 0.45430123805999756
4046 3934 0.3048841953277588
4048 3943 0.3645385801792145
4050 3894 0.33740395307540894
4051 3906 0.3193151354789734
4055 3775 0.5373343229293823
4056 3776 0.35182932019233704
4059 3951 0.2508937418460846
4062 3918 0.33124735951423645
4068 4284 0.5082171559333801
4073 3839 0.2867406904697418
4075 3829 0.36702755093574524
4081 4070 0.47089260816574097
4082 4005 0.6285514831542969
4083 3964 0.26119816303253174
4095 4323 0.26335349678993225
4097 4056 0.38938310742378235
4099 4006 0.325449138879776
4105 3827 0.3101225197315216
4112 4081 0.5543002486228943
4113 4163 0.359761118888855
4114 3986 0.26723578572273254
4115 4044 0.3099938929080963
4117 3971 0.3330719470977783
4120 3954 0.3427068293094635
4121 4033 0.47162067890167236
4129 3866 0.2853783071041107
4135 4114 0.36503225564956665
4146 3865 0.3291589021682739
4147 3867 0.3113288879394531
4148 3868 0.28587624430656433
4151 4121 0.45836111903190613
4158 3899 0.5340840816497803
4159 3884 0.40564069151878357
4164 4007 0.3015771210193634
4170 3883 0.2951757609844208
4172 3909 0.2853219509124756
4174 4361 0.29063522815704346
4175 4123 0.3819686770439148
4177 4009 0.32794538140296936
4178 4130 0.2604964077472687
4186 4492 0.255734384059906
4187 4057 0.2590913772583008
4188 4031 0.3116125762462616
4201 4086 0.3405357301235199
4211 3944 0.47322821617126465
4212 3958 0.4935241639614105
4216 4173 0.3594284653663635
4217 4083 0.3180866241455078
4218 4085 0.2708677351474762
4221 4164 0.39877259731292725
4222 4165 0.7586103081703186
4228 4251 0.8590174317359924
4232 4125 0.38986095786094666
4233 3975 0.34310972690582275
4234 3976 0.2997457683086395
4237 4504 0.28297173976898193
4242 4393 0.32638752460479736
4243 4394 0.36869359016418457
4244 4395 0.2836436927318573
4246 4293 0.26111921668052673
4247 4216 0.43683722615242004
4249 4217 0.35041189193725586
4250 4124 0.3210461437702179
4251 4087 0.3415065109729767
4252 4126 0.31103745102882385
4257 3956 0.31355738639831543
4261 4127 0.38583192229270935
4262 4186 0.31812363862991333
4268 4460 0.334459125995636
4270 4462 0.26851439476013184
4271 4406 0.30084118247032166
4272 4194 0.317325234413147
4273 4140 0.4533732831478119
4276 4243 0.4964030981063843
4280 3974 0.3996291756629944
4286 4474 0.2952588200569153
4289 4234 0.31372758746147156
4290 4250 0.2804827392101288
4292 4257 0.26186636090278625
4293 4258 0.3192295730113983
4296 4206 0.3819723427295685
4298 4244 0.39542222023010254
4299 4246 0.3180641829967499
4304 3978 0.4003570079803467
4308 4483 0.274690717458725
4309 4436 0.36269688606262207
4310 4259 0.4859367311000824
4311 4195 0.3002704977989197
4312 4182 0.28081032633781433
4313 4226 0.36665356159210205
4316 4037 0.31851980090141296
4321 4235 0.3096824586391449
4322 4236 0.30103862285614014
4327 3992 0.30307695269584656
4328 4050 0.39496922492980957
4329 4051 0.27271685004234314
4334 4285 0.3256074786186218
4335 4181 0.44756004214286804
4338 4240 0.4121968150138855
4342 4000 0.29750558733940125
4343 4021 0.37215057015419006
4347 4463 0.4193417429924011
4348 4269 0.3175371289253235
4350 4038 0.2730005085468292
4352 4278 0.45379459857940674
4353 4253 0.3735077381134033
4354 4282 0.26868343353271484
4357 4065 0.3961465656757355
4358 4096 0.4292304515838623
4359 4520 0.28865882754325867
4361 4268 0.38616320490837097
4362 4238 0.28114554286003113
4364 4296 0.2538260221481323
4369 4110 0.5890414714813232
4375 4509 0.5476763248443604
4376 4446 0.3571510910987854
4378 4350 0.2880914509296417
4379 4300 0.4453316032886505
4381 4301 0.3712470233440399
4387 4119 0.28991934657096863
4399 4135 0.46456533670425415
4401 4330 0.2548500895500183
4403 4333 0.25696972012519836
4407 4539 0.36415916681289673
4412 4294 0.25838762521743774
4414 4342 0.6216529607772827
4416 4318 0.27707862854003906
4419 4158 0.2946206033229828
4421 4548 0.45938730239868164
4422 4550 0.28756579756736755
4424 4543 0.28127428889274597
4426 4399 0.37430936098098755
4428 4340 0.33233773708343506
4429 4309 0.320570707321167
4430 4401 0.2747148275375366
4431 4334 0.36162275075912476
4432 4335 0.2920689582824707
4436 4157 0.3269988000392914
4437 4167 0.35641443729400635
4438 4178 0.2712565064430237
4441 4365 0.29124897718429565
4442 4366 0.253327876329422
4444 4367 0.3703314960002899
4446 4373 0.2714265286922455
4451 4149 0.3868672549724579
4452 4150 0.29242655634880066
4456 4370 0.46114659309387207
4457 4352 0.3845491409301758
4458 4353 0.5087544322013855
4460 4386 0.2637626826763153
4464 4177 0.2621552050113678
4465 4568 0.27340251207351685
4467 4569 0.2878267168998718
4468 4555 0.3615206778049469
4470 4423 0.2943582832813263
4472 4425 0.33401063084602356
4473 4351 0.25326481461524963
4479 4214 0.2791045606136322
4484 4410 0.37034034729003906
4485 4411 0.28003931045532227
4486 4415 0.3006283640861511
4488 4213 0.3837168216705322
4491 4609 0.35495179891586304
4493 4577 0.2984914779663086
4495 4427 0.26210546493530273
4496 4369 0.376455157995224
4497 4413 0.2548355162143707
4498 4428 0.3317386209964752
4499 4414 0.2741071581840515
4505 4400 0.3212381899356842
4509 4230 0.2835876941680908
4514 4448 0.39980873465538025
4520 4633 0.36463457345962524
4524 4600 0.42772915959358215
4525 4590 0.37437254190444946
4526 4570 0.4560401737689972
4532 4514 0.2792629599571228
4534 4452 0.28771695494651794
4536 4426 0.334276407957077
4541 4442 0.3369537591934204
4554 4481 0.3455561399459839
4555 4455 0.3540254831314087
4558 4511 0.26833978295326233
4559 4476 0.3403126895427704
4561 4467 0.2755836248397827
4566 4663 0.37234726548194885
4571 4521 0.3079325258731842
4572 4515 0.45307591557502747
4575 4478 0.3005973994731903
4577 4480 0.309018075466156
4578 4502 0.3277856111526489
4579 4487 0.3487682640552521
4587 4513 0.3675655722618103
4588 4488 0.3283819556236267
4589 4503 0.4470234215259552
4590 4664 0.25395968556404114
4591 4647 0.384297639131546
4592 4512 0.3274996876716614
4595 4676 0.2586911618709564
4599 4684 0.2558363378047943
4602 4531 0.46294617652893066
4603 4533 0.4402575194835663
4604 4517 0.3223094642162323
4605 4527 0.319680780172348
4606 4535 0.5023604035377502
4611 4677 0.29572322964668274
4614 4540 0.26177048683166504
4619 4321 0.26875725388526917
4625 4516 0.2523544430732727
4626 4556 0.6210141777992249
4627 4545 0.7347145080566406
4630 4648 0.3539454936981201
4632 4534 0.33402976393699646
4636 4706 0.4132481515407562
4638 4690 0.2816726267337799
4641 4546 0.3447667956352234
4647 4693 0.2533457577228546
4656 4692 0.36230000853538513
4657 4682 0.3507770001888275
4664 4553 0.25860875844955444
4666 4403 0.2508547604084015
4669 4716 0.3061729371547699
4676 4562 0.34753379225730896
4678 4557 0.2697448134422302
4683 4573 0.2808360457420349
4698 4750 0.3020966947078705
4706 4767 0.36567020416259766
4707 4774 0.38673555850982666
4708 4768 0.4393062889575958
4709 4749 0.2974897027015686
4710 4769 0.2566388249397278
4717 4629 0.2590990364551544
4722 4780 0.41882655024528503
4723 4775 0.30119770765304565
4727 4781 0.26328444480895996
4728 4741 0.6126364469528198
4742 4651 0.3622246980667114
4746 4791 0.32618650794029236
4748 4795 0.37444645166397095
4751 4660 0.271522581577301
4754 4801 0.6802220940589905
4758 4668 0.26888543367385864
4760 4695 0.30530694127082825
4761 4758 0.3526526689529419
4764 4814 0.3753771483898163
4770 4776 0.27292969822883606
4771 4704 0.3560251295566559
4773 4746 0.25384321808815
4775 4755 0.3879394233226776
4776 4847 0.392779678106308
4780 4723 0.28811949491500854
4781 4802 0.252169668674469
4785 4701 0.3276952803134918
4788 4831 0.30671387910842896
4789 4839 0.40697792172431946
4792 4848 0.4222455322742462
4793 4842 0.4127640724182129
4796 4736 0.4384198486804962
4801 4828 0.28090301156044006
4804 4726 0.4114713966846466
4805 4727 0.2821885943412781
4807 4840 0.4550383687019348
4808 4854 0.393476277589798
4809 4855 0.345867395401001
4810 4856 0.34540194272994995
4811 4850 0.3908664882183075
4813 4732 0.32839134335517883
4815 4832 0.2938539683818817
4820 4744 0.5258755683898926
4821 4859 0.2793188989162445
4823 4747 0.2781824469566345
4824 4748 0.3556681275367737
4827 4759 0.2521691918373108
4831 4885 0.33619943261146545
4832 4778 0.47074803709983826
4833 4764 0.3671479821205139
4834 4761 0.28794974088668823
4835 4872 0.31596511602401733
4839 4766 0.3286021947860718
4841 4868 0.6529558897018433
4842 4782 0.2709483206272125
4843 4783 0.28708189725875854
4844 4784 0.38087016344070435
4845 4779 0.36709651350975037
4849 4867 0.3454665243625641
4850 4793 0.33543914556503296
4851 4788 0.41379985213279724
4852 4789 0.39272987842559814
4853 4790 0.287651389837265
4854 4777 0.29229605197906494
4855 4794 0.32078081369400024
4856 4799 0.32541409134864807
4861 4902 0.5560871958732605
4862 4891 0.37854212522506714
4865 4919 0.2562797963619232
4869 4810 0.26297852396965027
4870 4905 0.8658381700515747
4873 4925 0.2917594015598297
4875 4897 0.36054009199142456
4877 4803 0.32184872031211853
4878 4922 0.3561616539955139
4879 4931 0.3237092196941376
4880 4818 0.45799189805984497
4883 4949 0.34034937620162964
4885 4916 0.31649529933929443
4886 4920 0.37599408626556396
4887 4921 0.3969293534755707
4891 4824 0.27119210362434387
4893 4906 0.2910929322242737
4899 4837 0.32951632142066956
4909 4835 0.2844805121421814
4910 4843 0.2694692015647888
4911 4836 0.3421151041984558
4914 4834 0.3827888071537018
4915 4844 0.29321545362472534
4916 4845 0.3556830585002899
4918 4953 0.3920903205871582
4919 4927 0.27136364579200745
4922 4957 0.2830697000026703
4925 4956 0.35968735814094543
4926 4959 0.27637821435928345
4929 4940 0.28171831369400024
4930 4944 0.30655187368392944
4931 4945 0.35790157318115234
4932 4946 0.35897013545036316
4935 4955 0.3219248354434967
4938 4948 0.2673826217651367
4944 4870 0.3885559141635895
4949 4954 0.3388514816761017
4952 4966 0.3311074376106262
4960 4964 0.25318729877471924
4977 4989 0.3028602600097656
4987 4999 0.9138534665107727
4988 5002 0.3747440278530121
4989 5003 0.42463576793670654
4990 4996 0.46306848526000977
4998 5004 0.5243361592292786
4999 5000 0.2644926607608795
5005 5009 0.26091858744621277
5011 5013 0.25229260325431824
5018 5011 0.34212425351142883
5019 5019 0.2556285560131073
5020 5020 0.2687470018863678
5021 5017 0.28810355067253113
5027 5024 0.2632056176662445
5028 5010 0.3343462347984314
5031 5032 0.3026307225227356
5033 5029 0.2667362093925476
5036 5008 0.3740638494491577
5038 5021 0.29003244638442993
5044 5038 0.33368590474128723
5046 5026 0.2525824308395386
5048 5034 0.33145180344581604
5049 5040 0.2618483901023865
5051 5044 0.2525518536567688
5052 5045 0.468426913022995
5055 5049 0.3481501638889313
5056 5052 0.3141065835952759
5057 5054 0.31466665863990784
5058 5051 0.25233158469200134
5060 5057 0.7181432843208313
5061 5060 0.375489205121994
5062 5061 0.27401202917099
5064 5062 0.2744087278842926
