2090
1 19 0.35225874185562134
14 20 0.2725124955177307
28 35 0.5928070545196533
29 45 0.5907133221626282
32 52 0.385725200176239
34 49 0.3981603980064392
36 53 0.38490062952041626
37 55 0.4050133228302002
38 59 0.26174625754356384
39 58 0.41104117035865784
40 61 0.32413923740386963
43 63 0.28492116928100586
47 65 0.32719531655311584
50 70 0.2749035060405731
63 89 0.27308225631713867
66 82 0.2783191204071045
67 83 0.2732166647911072
80 98 0.34496477246284485
82 99 0.31967926025390625
112 146 0.2767437696456909
119 140 0.27349743247032166
123 128 0.4347169101238251
131 152 0.46588125824928284
147 192 0.6262174248695374
161 177 0.283606618642807
174 187 0.30075597763061523
175 183 0.3030399680137634
183 189 0.2985307574272156
188 207 0.26228949427604675
195 204 0.3140670657157898
206 213 0.29150575399398804
207 211 0.37689340114593506
213 226 0.35705438256263733
214 217 0.3376791775226593
216 223 0.3429844081401825
217 221 0.3164108097553253
221 218 0.2901259660720825
222 236 0.2655326724052429
226 244 0.3930704593658447
228 231 0.2526879608631134
230 234 0.29262322187423706
231 232 0.35848501324653625
235 254 0.469329297542572
240 253 0.2863701283931732
246 259 0.3527677059173584
247 257 0.2640065550804138
260 266 0.25901949405670166
262 267 0.31994032859802246
263 268 0.3822886645793915
266 263 0.37635859847068787
269 260 0.30746009945869446
270 269 0.3427218496799469
275 290 0.3499220013618469
288 304 0.368213951587677
294 277 0.6011309027671814
295 297 0.3181397318840027
304 280 0.49918264150619507
307 288 0.27491503953933716
310 278 0.2767089307308197
317 310 0.4499377906322479
320 296 0.3863672912120819
330 281 0.2616424262523651
335 285 0.2600461542606354
340 366 0.39060938358306885
349 301 0.30929994583129883
350 302 0.3022347390651703
358 323 0.5311071276664734
362 303 0.26389050483703613
372 400 0.26326560974121094
373 324 0.3079933226108551
374 334 0.5368595123291016
382 386 0.6261905431747437
384 326 0.3181454837322235
385 327 0.26641690731048584
387 335 0.3585957884788513
388 318 0.5140146613121033
389 319 0.3149077296257019
391 314 0.3096665143966675
392 315 0.33709806203842163
398 347 0.29730990529060364
409 321 0.28222277760505676
417 401 0.590377151966095
419 350 0.4424048662185669
428 402 0.5053925514221191
433 415 0.5505539178848267
438 384 0.3188769221305847
452 377 0.5144894123077393
455 371 0.3828008770942688
461 424 0.3097406327724457
463 382 0.33370181918144226
471 432 0.388656347990036
474 398 0.32275423407554626
482 385 0.34684908390045166
487 393 0.3599117696285248
495 433 0.36525651812553406
497 404 0.2857094407081604
502 453 0.2850668430328369
503 454 0.3498649299144745
505 405 0.4163745045661926
508 410 0.2820513844490051
519 442 0.34803298115730286
521 417 0.3377838432788849
526 423 0.34335947036743164
530 427 0.7426140308380127
539 428 0.5088291764259338
559 479 0.9110254049301147
571 464 0.544173538684845
573 455 0.2628631889820099
580 489 0.3995007574558258
588 501 0.2599925994873047
590 446 0.37992623448371887
592 447 0.32006147503852844
593 448 0.3458772897720337
598 522 0.40892159938812256
607 538 0.28267019987106323
608 519 0.2916141748428345
609 520 0.25184017419815063
612 471 0.30683764815330505
613 467 0.4840491712093353
614 472 0.5347894430160522
619 530 0.4340279996395111
620 531 0.27128860354423523
621 532 0.2624874413013458
622 483 0.2970528304576874
623 468 0.4030955135822296
624 451 0.34080636501312256
629 544 0.2744739055633545
634 559 0.2572558522224426
636 539 0.6244992613792419
639 481 0.28543707728385925
642 469 0.28621751070022583
648 564 0.3639831244945526
649 578 0.4621821343898773
650 550 0.28841447830200195
652 487 0.4157785177230835
653 461 0.3056580126285553
660 491 0.4601213037967682
662 555 0.28150802850723267
663 566 0.41959697008132935
672 582 0.4247131049633026
673 568 0.5132534503936768
674 513 0.422475129365921
681 617 0.372849702835083
683 618 0.2940370440483093
684 567 0.36299827694892883
685 551 0.38134846091270447
688 586 0.467335045337677
690 580 0.33984145522117615
691 629 0.3182425796985626
693 594 0.33987125754356384
694 533 0.5251844525337219
695 525 0.38889437913894653
698 619 0.33425378799438477
700 581 0.38690194487571716
702 526 0.48282694816589355
707 608 0.2609626352787018
714 680 0.27723801136016846
715 606 0.2716207504272461
718 610 0.3922758102416992
720 547 0.30024299025535583
729 630 0.3607247769832611
730 642 0.35334450006484985
732 643 0.4238298237323761
737 635 0.2693173587322235
738 649 0.3354058861732483
739 692 0.2633725702762604
743 666 0.8291429877281189
745 634 0.2749512195587158
746 703 0.26028233766555786
748 644 0.32672321796417236
750 562 0.38868746161460876
756 682 0.32944750785827637
758 689 0.594347357749939
759 669 0.3506776690483093
760 654 0.4509713649749756
766 716 0.6220805644989014
769 668 0.367180198431015
777 700 0.4533248543739319
778 701 0.44792044162750244
783 683 0.350671648979187
784 691 0.32754966616630554
786 675 0.35407546162605286
787 720 0.38092392683029175
789 569 0.31611430644989014
790 589 0.5477107763290405
794 699 0.29451748728752136
796 717 0.4253847897052765
797 690 0.5729202628135681
798 684 0.4099825620651245
799 686 0.4135016202926636
800 704 0.2930206060409546
803 595 0.619107723236084
804 596 0.3918136954307556
805 597 0.29290464520454407
814 671 0.2787143588066101
822 738 0.4541604518890381
823 736 0.5273556113243103
829 734 0.4400106966495514
831 718 0.46267253160476685
832 719 0.5307450890541077
833 730 0.33715081214904785
835 724 0.2814819812774658
839 631 0.4441838264465332
842 593 0.278385728597641
848 726 0.26070815324783325
851 762 0.28092631697654724
852 741 0.34844377636909485
855 729 0.3902050256729126
866 650 0.3199421465396881
867 637 0.2651907801628113
868 632 0.37594032287597656
869 626 0.4988057613372803
871 602 0.30935922265052795
879 627 0.3119550943374634
880 628 0.29967859387397766
885 833 0.2586837410926819
887 748 0.4674054682254791
895 751 0.56194669008255
896 656 0.31459495425224304
897 662 0.4096859097480774
898 657 0.3551725745201111
899 658 0.2668519914150238
900 659 0.40193432569503784
904 857 0.2563861310482025
905 761 0.2840031385421753
907 764 0.2805228531360626
909 779 0.617817223072052
915 694 0.4517293870449066
921 791 0.2721670866012573
922 763 0.5763651132583618
923 781 0.31140461564064026
929 760 0.26656633615493774
930 798 0.28587594628334045
932 755 0.4885486364364624
934 695 0.3113146424293518
936 688 0.3604101538658142
942 806 0.321442574262619
948 765 0.333637535572052
953 721 0.4285617172718048
958 697 0.26890799403190613
962 790 0.27281883358955383
963 782 0.440256267786026
965 776 0.41273611783981323
968 712 0.41168728470802307
973 818 0.25719133019447327
974 821 0.3714495897293091
976 713 0.3504767417907715
977 714 0.38964352011680603
978 715 0.3753338158130646
980 819 0.29537004232406616
981 860 0.595526397228241
982 793 0.27006348967552185
983 733 0.3025447428226471
991 807 0.5342618823051453
996 848 0.2669013738632202
997 801 0.2988309860229492
1001 849 0.6155230402946472
1002 823 0.31742388010025024
1003 800 0.6897003054618835
1011 850 0.44014206528663635
1012 851 0.4726657569408417
1013 780 0.2934437096118927
1014 835 0.6792542338371277
1025 877 0.35634443163871765
1028 834 0.4639508128166199
1029 822 0.3686102628707886
1030 827 0.35147854685783386
1033 878 0.2632615864276886
1034 879 0.2597165107727051
1037 901 0.5829533934593201
1040 747 0.8417544364929199
1047 870 0.36586904525756836
1048 841 0.4032993018627167
1049 871 0.4166501760482788
1064 905 0.2641291916370392
1066 939 0.44630393385887146
1067 861 0.3353431820869446
1068 843 0.3235894441604614
1074 917 0.4236431419849396
1076 910 0.5058453679084778
1077 881 0.40812331438064575
1078 889 0.27495700120925903
1079 900 0.3173482120037079
1084 772 0.27864789962768555
1085 773 0.2532264292240143
1090 918 0.29263409972190857
1091 920 0.35067230463027954
1092 909 0.3587504029273987
1094 898 0.40390822291374207
1096 795 0.3984813690185547
1111 919 0.30108341574668884
1115 911 0.3829118609428406
1117 924 0.3339654207229614
1118 930 0.28892460465431213
1119 943 0.41367003321647644
1121 845 0.3044503927230835
1125 805 0.37156686186790466
1136 942 0.311689555644989
1147 1019 0.32839009165763855
1148 950 0.32000958919525146
1155 962 0.47305989265441895
1156 951 0.3336353003978729
1159 832 0.27832815051078796
1162 986 0.2740849256515503
1163 976 0.525429904460907
1164 922 0.6186597943305969
1166 957 0.25926661491394043
1173 973 0.30490627884864807
1175 977 0.5018222332000732
1177 940 0.44823792576789856
1187 991 0.37212857604026794
1190 959 0.341873437166214
1191 902 0.5399356484413147
1192 874 0.430283784866333
1195 1018 0.25233107805252075
1200 1002 0.31911757588386536
1201 1003 0.49204570055007935
1202 1005 0.2720622420310974
1203 925 0.4442058503627777
1212 1040 0.30812084674835205
1214 1024 0.30791255831718445
1215 1025 0.3782970905303955
1216 1001 0.32897719740867615
1217 956 0.3188352584838867
1218 963 0.34951478242874146
1227 1046 0.5526154637336731
1228 1028 0.48014259338378906
1230 1007 0.3609839379787445
1232 1011 0.30290648341178894
1240 1050 0.25935763120651245
1242 1031 0.306576132774353
1247 1059 0.35029828548431396
1248 993 0.3166411221027374
1249 1036 0.5962281823158264
1250 1063 0.2853121757507324
1251 1064 0.5215200185775757
1253 1041 0.3135334551334381
1254 1042 0.2930312156677246
1255 1033 0.29029616713523865
1256 1034 0.4341675043106079
1259 934 0.2741928994655609
1260 1081 0.2745773196220398
1261 1069 0.279897540807724
1266 1083 0.38743361830711365
1267 1047 0.4117768108844757
1269 1084 0.46787554025650024
1270 1052 0.2667820155620575
1273 1066 0.46337729692459106
1280 970 0.2611916959285736
1281 983 0.34253886342048645
1282 984 0.35308071970939636
1284 1109 0.3101736903190613
1285 1072 0.28076186776161194
1286 1073 0.31424620747566223
1287 1097 0.3004626929759979
1288 1061 0.6433258652687073
1289 1077 0.39555877447128296
1291 980 0.3819373548030853
1292 1013 0.35138705372810364
1293 998 0.39189890027046204
1295 1118 0.2920241057872772
1296 1110 0.5273928046226501
1297 1070 0.26105573773384094
1298 1065 0.3658442795276642
1299 1096 0.3033994138240814
1300 1012 0.33683648705482483
1302 1021 0.324595183134079
1303 1128 0.8167952299118042
1304 960 0.390338271856308
1305 1116 0.4594986140727997
1306 1117 0.2929021418094635
1307 1137 0.2706833481788635
1308 1102 0.29481425881385803
1309 1129 0.2865200936794281
1311 1098 0.5490077137947083
1316 1136 0.41815128922462463
1317 1149 0.3322312831878662
1318 1150 0.38860148191452026
1321 1120 0.35377946496009827
1322 1164 0.2897944152355194
1323 1174 0.46019238233566284
1324 1112 0.4252326786518097
1325 1123 0.3591567575931549
1329 1173 0.2842930853366852
1330 1152 0.3193495571613312
1331 1138 0.4172394573688507
1332 1139 0.3111054003238678
1334 1111 0.27757319808006287
1335 1122 0.41819116473197937
1336 1113 0.36049196124076843
1337 1135 0.25065651535987854
1338 1181 0.30693861842155457
1339 1182 0.3569396436214447
1344 1175 0.4544312357902527
1345 1140 0.29172348976135254
1346 1141 0.3122497797012329
1347 1144 0.3241293430328369
1348 1119 0.36570510268211365
1353 1179 0.2890232503414154
1355 1153 0.4067637324333191
1356 1132 0.42156997323036194
1362 1078 0.4312610924243927
1363 1085 0.5582998991012573
1364 1086 0.46287864446640015
1366 1200 0.3426617383956909
1369 1201 0.29389041662216187
1370 1166 0.38155511021614075
1371 1145 0.26943475008010864
1372 1169 0.30297091603279114
1375 1062 0.2609364986419678
1379 1244 0.5800724029541016
1382 1168 0.3006782531738281
1384 1087 0.8683561682701111
1385 1088 0.26659202575683594
1387 1080 0.2507019340991974
1390 1167 0.3405149579048157
1391 1103 0.3697051405906677
1397 1154 0.514804482460022
1399 1245 0.31188520789146423
1400 1184 0.3430429697036743
1402 1099 0.25272461771965027
1403 1104 0.3468987047672272
1405 1091 0.25098446011543274
1409 1243 0.3660055100917816
1411 1216 0.33443042635917664
1413 1134 0.804926872253418
1417 1106 0.27975237369537354
1420 1227 0.33158427476882935
1424 1105 0.2690485715866089
1425 1251 0.2840871214866638
1426 1258 0.281430184841156
1427 1252 0.5271474123001099
1428 1228 0.2708940804004669
1429 1204 0.29858627915382385
1432 1236 0.3346933424472809
1433 1158 0.335522323846817
1435 1160 0.2614426612854004
1439 1259 0.35625678300857544
1440 1271 0.4478640556335449
1442 1133 0.3509262502193451
1444 1260 0.36594128608703613
1445 1230 0.4620913565158844
1446 1221 0.40329355001449585
1447 1231 0.2607710659503937
1448 1208 0.2669866383075714
1449 1162 0.30312380194664
1450 1147 0.2667410373687744
1451 1301 0.5160436630249023
1452 1277 0.3835090100765228
1453 1235 0.29889312386512756
1455 1177 0.36959585547447205
1456 1148 0.2635663151741028
1458 1163 0.3928534984588623
1460 1312 0.39957886934280396
1461 1300 0.46859535574913025
1463 1170 0.32804954051971436
1464 1176 0.7171912789344788
1465 1178 0.3144872486591339
1466 1329 0.4125094711780548
1468 1289 0.4060308337211609
1470 1262 0.29390469193458557
1472 1246 0.34313392639160156
1473 1212 0.33440619707107544
1475 1342 0.4082011878490448
1476 1343 0.34725749492645264
1477 1303 0.3179868459701538
1478 1345 0.2972188889980316
1479 1313 0.307008296251297
1483 1188 0.29630985856056213
1484 1192 0.48135846853256226
1486 1356 0.328583687543869
1487 1335 0.5089786648750305
1490 1314 0.32662415504455566
1493 1196 0.3023465871810913
1494 1211 0.2553383708000183
1495 1189 0.32626426219940186
1496 1194 0.5068314075469971
1498 1331 0.3997858464717865
1499 1292 0.3056279718875885
1501 1279 0.3648008108139038
1503 1294 0.2976861000061035
1505 1247 0.4325363039970398
1506 1210 0.2962629497051239
1507 1197 0.303007036447525
1513 1305 0.33685705065727234
1516 1404 0.3692801892757416
1517 1214 0.3159681260585785
1520 1381 0.46618571877479553
1521 1376 0.45920947194099426
1522 1357 0.4067687690258026
1523 1358 0.3948340117931366
1524 1359 0.3691604733467102
1528 1218 0.3404577970504761
1531 1213 0.3648025691509247
1533 1344 0.336089164018631
1534 1399 0.3520565629005432
1538 1337 0.3360689878463745
1540 1238 0.4396919012069702
1542 1389 0.2694697082042694
1543 1240 0.34682193398475647
1544 1383 0.31602269411087036
1546 1386 0.3612225651741028
1551 1264 0.6374343037605286
1552 1265 0.3452853560447693
1555 1224 0.3259933888912201
1563 1398 0.31769949197769165
1564 1417 0.3414163291454315
1565 1418 0.39065518975257874
1566 1384 0.38263624906539917
1567 1385 0.466908723115921
1568 1377 0.34630435705184937
1569 1438 0.31164199113845825
1572 1403 0.3237394690513611
1573 1519 0.3122786581516266
1574 1450 0.3915981650352478
1575 1426 0.576403021812439
1576 1419 0.2824271321296692
1577 1427 0.28200027346611023
1578 1429 0.45376864075660706
1581 1282 0.30048102140426636
1585 1451 0.549735963344574
1587 1388 0.2953971028327942
1589 1368 0.4953102767467499
1590 1378 0.31528937816619873
1596 1283 0.3071611523628235
1598 1254 0.2762446105480194
1602 1256 0.25988054275512695
1603 1440 0.2528427243232727
1609 1467 0.3503875136375427
1610 1468 0.39072784781455994
1611 1497 0.25571584701538086
1612 1455 0.3648867607116699
1616 1334 0.3770609498023987
1619 1493 0.29840806126594543
1620 1496 0.26142221689224243
1621 1469 0.3857722878456116
1622 1480 0.30556386709213257
1623 1454 0.3346531093120575
1625 1405 0.3064948618412018
1626 1340 0.28951650857925415
1629 1296 0.4297473728656769
1630 1372 0.2999879717826843
1633 1311 0.28313425183296204
1634 1286 0.3502214550971985
1635 1494 0.5072404742240906
1637 1430 0.3284120261669159
1639 1295 0.3818565011024475
1640 1322 0.25205788016319275
1645 1478 0.4692312777042389
1657 1508 0.30768975615501404
1662 1324 0.2878602147102356
1666 1541 0.371975302696228
1669 1349 0.31006693840026855
1674 1542 0.32479119300842285
1676 1543 0.5017293691635132
1677 1521 0.371939480304718
1682 1546 0.4501257538795471
1685 1361 0.2705073356628418
1690 1365 0.31116682291030884
1691 1581 0.3945392966270447
1692 1512 0.48753446340560913
1693 1411 0.46522194147109985
1698 1584 0.35042792558670044
1699 1566 0.35590359568595886
1701 1526 0.2731611728668213
1703 1528 0.6408801078796387
1706 1545 0.32217270135879517
1710 1635 0.40814200043678284
1711 1637 0.33220815658569336
1712 1639 0.7844128608703613
1713 1550 0.561579704284668
1714 1432 0.28906792402267456
1716 1422 0.2774356007575989
1717 1474 0.3090110123157501
1725 1623 0.5130342245101929
1727 1636 0.3034321069717407
1729 1601 0.4524955749511719
1730 1664 0.2858012616634369
1731 1608 0.29670289158821106
1738 1663 0.9446443319320679
1739 1600 0.32605960965156555
1740 1567 0.4880080223083496
1741 1459 0.3419334292411804
1743 1697 0.3986569941043854
1745 1585 0.25730934739112854
1746 1602 0.2518582046031952
1748 1575 0.5621165633201599
1750 1486 0.34080344438552856
1751 1500 0.32492130994796753
1752 1458 0.260114848613739
1755 1501 0.29847949743270874
1761 1442 0.5592617392539978
1762 1444 0.31721991300582886
1763 1445 0.3394741117954254
1765 1673 0.27922993898391724
1766 1674 0.293567419052124
1770 1513 0.3072977066040039
1773 1461 0.3979656398296356
1774 1699 0.3149242401123047
1775 1675 0.44491812586784363
1776 1729 0.3882865905761719
1778 1648 0.3188638389110565
1779 1649 0.3141011893749237
1784 1465 0.27815142273902893
1787 1684 0.450555682182312
1788 1677 0.27880898118019104
1791 1487 0.6140871644020081
1794 1711 0.35448360443115234
1795 1746 0.25532618165016174
1796 1756 0.28553563356399536
1799 1712 0.40425005555152893
1800 1610 0.2763771712779999
1801 1650 0.25442075729370117
1806 1553 0.3419879078865051
1807 1587 0.4197206199169159
1811 1728 0.4775938391685486
1812 1786 0.3293837308883667
1814 1651 0.30325737595558167
1815 1652 0.25040945410728455
1818 1554 0.36514782905578613
1825 1754 0.31790679693222046
1826 1774 0.3409750759601593
1827 1747 0.47395989298820496
1829 1579 0.4445432126522064
1832 1713 0.4191834032535553
1834 1616 0.46443289518356323
1835 1502 0.36660391092300415
1837 1715 0.35075393319129944
1838 1717 0.30695441365242004
1839 1687 0.31974083185195923
1845 1614 0.41379353404045105
1846 1643 0.2944161295890808
1848 1685 0.31183046102523804
1849 1716 0.3901882767677307
1854 1624 0.3604242503643036
1855 1787 0.3129590153694153
1859 1657 0.3279975950717926
1861 1558 0.2931402325630188
1862 1827 0.9454789161682129
1864 1761 0.3980225920677185
1867 1732 0.40507861971855164
1868 1733 0.47126370668411255
1869 1734 0.3463710844516754
1872 1688 0.27080005407333374
1875 1799 0.2915593981742859
1879 1721 0.2982214391231537
1881 1632 0.3343915045261383
1885 1802 0.36527809500694275
1886 1763 0.3475503623485565
1888 1678 0.48225998878479004
1889 1642 0.5047235488891602
1891 1689 0.30993950366973877
1893 1630 0.33015552163124084
1895 1604 0.2534371018409729
1898 1828 0.40517714619636536
1900 1820 0.5302755832672119
1901 1791 0.3539853096008301
1902 1736 0.28028273582458496
1906 1629 0.36400604248046875
1913 1790 0.3098354935646057
1914 1631 0.27518942952156067
1915 1893 0.3853781223297119
1916 1849 0.32870686054229736
1917 1679 0.4064616560935974
1919 1737 0.4118129312992096
1922 1659 0.33214035630226135
1927 1830 0.3203265368938446
1928 1831 0.40494033694267273
1929 1818 0.33701545000076294
1934 1894 0.25391972064971924
1937 1910 0.268533855676651
1942 1833 0.3322325348854065
1945 1735 0.37590697407722473
1946 1752 0.2695658206939697
1950 1922 0.4730950891971588
1954 1723 0.37005719542503357
1957 1683 0.7550923228263855
1959 1847 0.4993292987346649
1961 1853 0.2951599955558777
1965 1705 0.3326776921749115
1967 1724 0.2808368504047394
1968 1682 0.28815025091171265
1969 1693 0.5153571367263794
1970 1694 0.311501145362854
1974 1936 0.31249046325683594
1975 1925 0.40278810262680054
1976 1911 0.3540329337120056
1978 1779 0.30113884806632996
1982 1738 0.2530900239944458
1988 1886 0.333520770072937
1989 1823 0.2830181419849396
1990 1769 0.5453559756278992
1991 1840 0.3916844427585602
1992 1706 0.294991135597229
1995 1978 0.2636764347553253
1999 1863 0.34657496213912964
2003 1692 0.35294201970100403
2004 1741 0.3352798819541931
2008 1923 0.2888728082180023
2011 1770 0.2834511399269104
2012 1781 0.2879219949245453
2014 1995 0.27202901244163513
2016 2022 0.5607421398162842
2019 1938 0.2667064666748047
2021 1926 0.30111098289489746
2024 1874 0.5257587432861328
2030 1927 0.4541357755661011
2033 1870 0.2671886384487152
2034 1888 0.3434046506881714
2035 1782 0.312446653842926
2038 1809 0.3634960949420929
2039 1813 0.4675953984260559
2040 2043 0.3042437434196472
2041 2023 0.27724143862724304
2043 1997 0.32741880416870117
2045 2003 0.5769887566566467
2048 1880 0.44115355610847473
2050 1931 0.31431934237480164
2052 1797 0.2560198903083801
2053 1810 0.7883079648017883
2055 1811 0.2528552711009979
2056 1753 0.3817061483860016
2059 2026 0.42685750126838684
2060 1980 0.33891451358795166
2061 1986 0.3020007610321045
2062 2001 0.3058309257030487
2063 1987 0.2519110441207886
2064 1965 0.303488552570343
2067 1872 0.31567296385765076
2072 2039 0.29972946643829346
2073 2002 0.3194850981235504
2074 1981 0.6153334975242615
2076 1916 0.2538318336009979
2078 1841 0.4071161150932312
2079 1864 0.37130969762802124
2081 2094 0.32842424511909485
2089 1812 0.41136860847473145
2090 2053 0.2619177997112274
2092 2066 0.2826087474822998
2093 2006 0.35170385241508484
2094 2030 0.2790542542934418
2095 1899 0.3782631754875183
2104 2077 0.5619906187057495
2105 2027 0.39966538548469543
2106 2068 0.2567700445652008
2107 2044 0.2690008580684662
2108 2004 0.4392111897468567
2109 2028 0.4676564931869507
2110 2008 0.5230650901794434
2111 1914 0.2994860112667084
2113 1885 0.38043564558029175
2114 2102 0.43659400939941406
2118 2080 0.5526755452156067
2119 1967 0.25199586153030396
2121 1865 0.33007490634918213
2124 2192 0.3309799134731293
2126 2046 0.4263123869895935
2127 2047 0.2727636694908142
2128 1940 0.39383742213249207
2130 1866 0.34536242485046387
2132 1859 0.34472766518592834
2139 2103 0.30085521936416626
2140 2095 0.3520219922065735
2144 2067 0.38498324155807495
2147 1929 0.30880007147789
2148 1952 0.3033716380596161
2149 1953 0.32896435260772705
2150 1903 0.308691143989563
2151 1882 0.2753479778766632
2155 2148 0.7026001811027527
2157 2171 0.2655668556690216
2158 2120 0.2972736060619354
2159 2104 0.3506585955619812
2163 2076 0.5626491904258728
2164 2079 0.3894689083099365
2166 2109 0.5335159301757812
2167 1982 0.36860498785972595
2168 1968 0.3558981716632843
2169 1970 0.4427661597728729
2175 2161 0.6414713859558105
2176 2130 0.28140977025032043
2177 2105 0.2859138548374176
2179 2097 0.3561422824859619
2181 2011 0.3241426348686218
2183 1971 0.2873314321041107
2184 1972 0.2644018828868866
2185 1904 0.31895843148231506
2186 1890 0.2964613437652588
2193 2179 0.279203325510025
2194 2131 0.4216700792312622
2195 1969 0.3308088481426239
2196 2012 0.3151850402355194
2197 2013 0.30131033062934875
2198 1956 0.3219709098339081
2199 1957 0.3466886878013611
2210 2133 0.3514792025089264
2211 2031 0.34278494119644165
2217 2143 0.2719206213951111
2219 2014 0.2802145779132843
2226 2194 0.2807479500770569
2227 2219 0.2510969638824463
2228 2172 0.3756209909915924
2229 2197 0.48560041189193726
2230 2132 0.38905686140060425
2231 2139 0.4331550896167755
2232 2140 0.6458751559257507
2233 2122 0.3118414878845215
2234 2123 0.488818496465683
2235 2056 0.46458616852760315
2236 2173 0.3178015947341919
2240 2141 0.48673588037490845
2241 2164 0.28948283195495605
2243 1993 0.46986088156700134
2245 2230 0.5759700536727905
2248 2223 0.3013114929199219
2249 2098 0.38262566924095154
2250 2041 0.2921079695224762
2251 2112 0.3005509674549103
2252 1958 0.307012677192688
2254 2017 0.30559679865837097
2256 2290 0.26568642258644104
2258 2239 0.382484495639801
2259 2150 0.28948116302490234
2261 2151 0.32487761974334717
2262 2034 0.3278265595436096
2263 2241 0.4998362362384796
2265 2200 0.34483420848846436
2266 2142 0.26850131154060364
2267 2205 0.4123387634754181
2268 2057 0.3163939118385315
2271 2035 0.3077569603919983
2272 2018 0.3752840757369995
2273 2193 0.5233500003814697
2274 2268 0.2597544193267822
2275 2204 0.6423535346984863
2277 2125 0.4400879144668579
2278 2126 0.34947845339775085
2279 2082 0.2653997540473938
2284 2279 0.4515652656555176
2285 2310 0.39775770902633667
2286 2280 0.29144763946533203
2289 2165 0.5572163462638855
2291 2180 0.2742517590522766
2297 2036 0.38690119981765747
2299 2292 0.31204673647880554
2301 2243 0.28762146830558777
2303 2232 0.33210328221321106
2304 2127 0.27188974618911743
2305 2059 0.25861024856567383
2306 2074 0.4657866358757019
2307 2060 0.26249194145202637
2311 2248 0.26285114884376526
2313 2124 0.2795955538749695
2314 2153 0.588651180267334
2316 2083 0.2788238823413849
2317 2084 0.33377596735954285
2319 2062 0.41060391068458557
2321 2329 0.26808375120162964
2324 2201 0.4175698757171631
2325 2246 0.26709386706352234
2326 2111 0.4234718680381775
2332 2117 0.32826703786849976
2333 2355 0.5475859642028809
2335 2222 0.4637658894062042
2336 2356 0.47012442350387573
2337 2295 0.2585752308368683
2339 2085 0.27770426869392395
2340 2092 0.3474453091621399
2344 2334 0.3429834246635437
2347 2272 0.5145492553710938
2348 2249 0.3018188178539276
2349 2152 0.3814481198787689
2350 2099 0.3890190124511719
2351 2154 0.30176785588264465
2353 2128 0.4550522565841675
2357 2353 0.40569254755973816
2358 2372 0.2750183641910553
2360 2271 0.2852596640586853
2362 2245 0.35723525285720825
2367 2100 0.2875545620918274
2370 2374 0.3046417832374573
2372 2300 0.2918306291103363
2373 2377 0.3285360634326935
2374 2234 0.5287878513336182
2375 2135 0.37367698550224304
2376 2063 0.3292961120605469
2378 2375 0.46409329771995544
2380 2317 0.256050169467926
2381 2335 0.7171310782432556
2382 2298 0.35113948583602905
2383 2345 0.3074911832809448
2384 2182 0.3535585403442383
2386 2250 0.35323566198349
2387 2207 0.3909984827041626
2388 2144 0.3902750015258789
2391 2424 0.42748692631721497
2392 2397 0.3008314073085785
2393 2342 0.3847523629665375
2394 2235 0.41915223002433777
2396 2145 0.36674097180366516
2398 2467 0.2820793688297272
2399 2423 0.4749104976654053
2400 2444 0.3742922246456146
2404 2341 0.32057222723960876
2405 2344 0.27757030725479126
2406 2416 0.2637495994567871
2412 2129 0.46256136894226074
2414 2398 0.4935542941093445
2415 2343 0.2863100469112396
2418 2399 0.3266338109970093
2419 2233 0.33961400389671326
2421 2285 0.3252347409725189
2422 2286 0.28973305225372314
2424 2176 0.39086613059043884
2426 2186 0.3026246726512909
2427 2479 0.3981250822544098
2428 2480 0.7405178546905518
2429 2468 0.3541041612625122
2432 2412 0.359943687915802
2433 2448 0.5281215906143188
2434 2400 0.3825293481349945
2436 2417 0.31981831789016724
2439 2284 0.3499770760536194
2440 2225 0.3757786452770233
2441 2187 0.3901127576828003
2442 2211 0.35773879289627075
2443 2158 0.2828524708747864
2447 2413 0.2840732932090759
2453 2445 0.5898391008377075
2454 2429 0.38956624269485474
2455 2446 0.36020776629447937
2457 2431 0.5471537709236145
2458 2450 0.4507920742034912
2460 2319 0.39774027466773987
2462 2224 0.3386201858520508
2463 2226 0.6301095485687256
2464 2212 0.8729453086853027
2465 2188 0.4157634377479553
2467 2522 0.5560760498046875
2468 2469 0.2626810073852539
2469 2458 0.33744707703590393
2470 2449 0.43335673213005066
2476 2189 0.3295370638370514
2477 2190 0.3529248535633087
2487 2360 0.4005433917045593
2488 2361 0.4604000151157379
2489 2380 0.29752829670906067
2490 2381 0.25222545862197876
2492 2322 0.36600062251091003
2493 2303 0.45248520374298096
2497 2518 0.4284399151802063
2498 2523 0.30328571796417236
2499 2494 0.36488816142082214
2502 2499 0.3251950442790985
2503 2362 0.3921116292476654
2504 2254 0.4060966670513153
2505 2274 0.35865840315818787
2509 2447 0.2771214544773102
2511 2323 0.7346780300140381
2515 2581 0.41325798630714417
2516 2524 0.2537582516670227
2519 2510 0.4246872067451477
2526 2325 0.30512967705726624
2527 2276 0.25608140230178833
2529 2511 0.2872251272201538
2531 2364 0.34029385447502136
2535 2526 0.25582683086395264
2536 2509 0.32680830359458923
2537 2554 0.2757037580013275
2540 2601 0.3217330276966095
2543 2552 0.3698335289955139
2545 2540 0.5903152227401733
2546 2557 0.2999665141105652
2547 2403 0.4994007349014282
2550 2366 0.29796645045280457
2551 2559 0.31449806690216064
2552 2564 0.5180816650390625
2554 2553 0.30255135893821716
2556 2541 0.3073715567588806
2559 2566 0.27926191687583923
2560 2504 0.4478550851345062
2563 2574 0.3228336572647095
2564 2562 0.3203744888305664
2567 2543 0.30309778451919556
2568 2475 0.39178380370140076
2570 2405 0.46779078245162964
2571 2406 0.31531551480293274
2572 2407 0.3157009780406952
2573 2389 0.3709780275821686
2578 2582 0.5426188707351685
2579 2588 0.31811970472335815
2581 2489 0.4111732840538025
2582 2434 0.3224373459815979
2584 2464 0.25363391637802124
2586 2420 0.29990559816360474
2588 2583 0.32385990023612976
2589 2590 0.34180790185928345
2590 2593 0.3697524070739746
2591 2594 0.31167468428611755
2593 2390 0.362775057554245
2594 2391 0.4714120328426361
2597 2636 0.4921409487724304
2598 2644 0.35523083806037903
2601 2650 0.2550849914550781
2602 2589 0.3936774730682373
2603 2584 0.34424111247062683
2605 2503 0.35156604647636414
2606 2463 0.3167894184589386
2607 2438 0.3309931457042694
2608 2669 0.26786473393440247
2609 2614 0.41134780645370483
2610 2621 0.3313570022583008
2611 2602 0.30495864152908325
2612 2603 0.41188716888427734
2613 2592 0.3605201542377472
2614 2453 0.3163088262081146
2615 2530 0.40061327815055847
2616 2501 0.4206843972206116
2621 2684 0.4302891194820404
2622 2651 0.4139676094055176
2623 2604 0.3944441080093384
2624 2605 0.4792404770851135
2625 2483 0.39048197865486145
2628 2456 0.25501152873039246
2631 2683 0.3408287763595581
2632 2637 0.6159182190895081
2638 2465 0.286868155002594
2640 2646 0.43458011746406555
2641 2658 0.32423877716064453
2642 2660 0.3259967863559723
2643 2647 0.35118603706359863
2644 2623 0.33653146028518677
2645 2638 0.34873634576797485
2646 2500 0.4491249620914459
2648 2532 0.3158964216709137
2649 2507 0.3523743152618408
2651 2685 0.2948322296142578
2655 2521 0.3221149444580078
2658 2712 0.29166674613952637
2659 2673 0.40375417470932007
2660 2674 0.2541241943836212
2661 2529 0.609143853187561
2662 2568 0.47774189710617065
2664 2741 0.2906327247619629
2667 2649 0.32254868745803833
2668 2677 0.34746453166007996
2669 2678 0.30974626541137695
2670 2520 0.40068092942237854
2673 2579 0.3113175928592682
2674 2608 0.3375481367111206
2675 2533 0.4403221905231476
2677 2534 0.2646021544933319
2679 2508 0.3294534981250763
2681 2711 0.3873704671859741
2682 2707 0.30295300483703613
2684 2686 0.33354684710502625
2685 2708 0.2752261757850647
2688 2586 0.3751627504825592
2690 2516 0.2858445942401886
2691 2536 0.3086899518966675
2692 2551 0.27731919288635254
2695 2731 0.25443482398986816
2699 2662 0.31687915325164795
2700 2569 0.32700440287590027
2703 2779 0.2662523090839386
2710 2709 0.292237788438797
2711 2578 0.3697114884853363
2713 2595 0.5188703536987305
2715 2607 0.31308677792549133
2718 2547 0.3677198588848114
2720 2548 0.3267531394958496
2722 2550 0.3589016795158386
2723 2572 0.2795027792453766
2724 2732 0.28866046667099
2726 2735 0.41078799962997437
2730 2640 0.2981295883655548
2732 2558 0.3611398935317993
2733 2756 0.2608225643634796
2734 2744 0.3120214641094208
2735 2734 0.44824734330177307
2738 2717 0.3499971032142639
2739 2718 0.30736100673675537
2740 2719 0.2824309170246124
2743 2606 0.467586487531662
2744 2615 0.41243982315063477
2745 2616 0.46363410353660583
2747 2785 0.27008047699928284
2748 2736 0.3347092866897583
2749 2679 0.3599807620048523
2752 2625 0.34470170736312866
2753 2626 0.34859469532966614
2754 2628 0.5643021464347839
2755 2652 0.2559695839881897
2760 2784 0.5118173956871033
2762 2627 0.42032667994499207
2764 2629 0.258698046207428
2767 2769 0.3726865351200104
2768 2806 0.2875567674636841
2775 2786 0.3231256604194641
2776 2697 0.5500270128250122
2777 2698 0.45260387659072876
2778 2691 0.3101494312286377
2779 2653 0.27092480659484863
2781 2599 0.2976784408092499
2782 2609 0.28730401396751404
2783 2610 0.25399020314216614
2784 2805 0.4785645306110382
2785 2710 0.651889443397522
2786 2688 0.48141127824783325
2787 2663 0.3264392018318176
2788 2814 0.4083020091056824
2792 2816 0.461044579744339
2794 2641 0.4544312357902527
2796 2619 0.2970369756221771
2798 2664 0.28338006138801575
2799 2654 0.9550433158874512
2802 2845 0.38037577271461487
2805 2690 0.46540477871894836
2808 2666 0.28185132145881653
2811 2849 0.3222673535346985
2813 2847 0.3097521662712097
2814 2737 0.32153642177581787
2816 2655 0.33945825695991516
2817 2656 0.3943372964859009
2820 2862 0.27278682589530945
2827 2875 0.282537579536438
2830 2878 0.3506024181842804
2832 2724 0.38693735003471375
2833 2699 0.46215876936912537
2842 2890 0.2856963574886322
2844 2876 0.5320363640785217
2845 2877 0.3391450345516205
2846 2891 0.3697601556777954
2847 2880 0.3939339816570282
2849 2726 0.3071775734424591
2850 2715 0.3787475824356079
2854 2703 0.3181885778903961
2857 2902 0.2506895065307617
2858 2903 0.3073604106903076
2859 2879 0.5371416807174683
2861 2723 0.38035473227500916
2865 2739 0.4013616740703583
2869 2892 0.6306343674659729
2870 2916 0.4011366665363312
2871 2794 0.47788405418395996
2873 2745 0.27754807472229004
2879 2915 0.4713050425052643
2880 2762 0.4956689178943634
2885 2917 0.2657272219657898
2887 2772 0.3892962336540222
2888 2787 0.2882709205150604
2890 2773 0.4694591164588928
2891 2746 0.3415667712688446
2892 2747 0.46803128719329834
2895 2808 0.4202052354812622
2896 2795 0.3093477189540863
2900 2775 0.9136853218078613
2902 3051 0.25140345096588135
2907 2956 0.5228526592254639
2908 2958 0.2591390609741211
2909 2818 0.44859158992767334
2910 2809 0.2837705910205841
2911 2819 0.38910138607025146
2912 2820 0.38946184515953064
2913 2834 0.31107720732688904
2914 2835 0.43635132908821106
2915 2821 0.2758631408214569
2917 2822 0.3563937246799469
2918 2798 0.6542661190032959
2919 2774 0.3105051815509796
2920 2790 0.29955029487609863
2921 2753 0.38202404975891113
2924 2836 0.3855740427970886
2926 2838 0.306524395942688
2929 3008 0.6132619380950928
2931 2824 0.4726472795009613
2932 2789 0.3744150400161743
2933 2884 0.42248478531837463
2938 3013 0.32535263895988464
2945 2855 0.28133463859558105
2947 2826 0.32526421546936035
2949 2791 0.34238144755363464
2952 2866 0.4578556418418884
2953 2823 0.4107261002063751
2954 2800 0.32283487915992737
2956 2801 0.4785448908805847
2960 3062 0.46567070484161377
2961 3026 0.3492508828639984
2963 2810 0.4544888734817505
2965 3082 0.34210142493247986
2966 3073 0.3018660247325897
2970 3042 0.32141897082328796
2974 2893 0.401607483625412
2976 2883 0.4344031810760498
2977 2825 0.5078571438789368
2978 2856 0.4558236300945282
2981 2828 0.25103017687797546
2983 3074 0.3191239535808563
2984 3086 0.4017082154750824
2985 2906 0.2788693606853485
2986 2926 0.3053145110607147
2987 2868 0.35586151480674744
2988 2869 0.47913992404937744
2989 2870 0.41704055666923523
2990 2841 0.2544037699699402
2994 3084 0.25248754024505615
2996 3053 0.44244369864463806
2997 3146 0.5821267366409302
2998 3087 0.329620361328125
2999 3055 0.3319924473762512
3000 3031 0.3341071605682373
3003 2920 0.2834808826446533
3006 3094 0.33381637930870056
3008 3085 0.46821075677871704
3009 3075 0.4703657031059265
3010 3043 0.3293105661869049
3017 3083 0.3121318817138672
3018 2985 0.3316696584224701
3020 2941 0.37317875027656555
3021 2918 0.31878480315208435
3022 2928 0.4092676639556885
3023 2894 0.3718075454235077
3024 2895 0.37692180275917053
3025 2885 0.3943752646446228
3031 3113 0.42895546555519104
3032 3114 0.38493403792381287
3033 3115 0.2637755274772644
3036 3088 0.2884909510612488
3040 2964 0.2650057077407837
3043 3118 0.3442266881465912
3045 2907 0.33217108249664307
3046 2929 0.2590913772583008
3047 2932 0.2584056258201599
3051 2998 0.26340147852897644
3052 2974 0.4145689308643341
3053 2961 0.41154715418815613
3054 2943 0.3633144795894623
3058 2896 0.25532203912734985
3059 2921 0.264597624540329
3061 2898 0.26419946551322937
3062 3136 0.4010234475135803
3065 3127 0.5493733286857605
3066 3121 0.29968202114105225
3067 2959 0.3736128509044647
3068 2960 0.38289836049079895
3071 3145 0.47694888710975647
3072 3147 0.3707481324672699
3075 2946 0.2681305408477783
3076 2948 0.433111310005188
3077 2949 0.5170693397521973
3078 2934 0.3819319009780884
3081 3120 0.46606212854385376
3084 2986 0.318692684173584
3085 2977 0.35089778900146484
3088 2991 0.3458954095840454
3091 3157 0.3692559003829956
3092 3076 0.26679930090904236
3093 3015 0.6537466049194336
3094 3016 0.6365516781806946
3095 3009 0.5192644000053406
3096 3017 0.4125952422618866
3097 2987 0.28070804476737976
3099 3002 0.34044480323791504
3100 3174 0.33455324172973633
3101 3045 0.45415785908699036
3102 2988 0.42314931750297546
3103 2990 0.5308200120925903
3104 3167 0.39823558926582336
3105 3149 0.27582183480262756
3106 3170 0.386970192193985
3107 3018 0.47259050607681274
3108 3033 0.6138915419578552
3109 2989 0.3144674599170685
3110 3010 0.4195989668369293
3112 3175 0.37293896079063416
3113 3077 0.3496801257133484
3115 3027 0.3918170630931854
3120 3168 0.5727066397666931
3123 3046 0.3900390863418579
3124 3208 0.3532899022102356
3126 3169 0.27394720911979675
3127 3190 0.36696523427963257
3128 3091 0.44844871759414673
3129 3048 0.47671833634376526
3132 3199 0.5602156519889832
3133 3104 0.4494493007659912
3134 3065 0.5133126974105835
3135 3047 0.4849908947944641
3136 3068 0.4641818106174469
3137 3215 0.2737025320529938
3139 3224 0.34195855259895325
3140 3251 0.475869357585907
3141 3219 0.40848466753959656
3142 3097 0.37851107120513916
3143 3230 0.4849608242511749
3147 3188 0.36924707889556885
3148 3078 0.461092084646225
3149 3089 0.4295658469200134
3151 3081 0.4087781310081482
3152 3080 0.39640769362449646
3155 3236 0.3866433799266815
3156 3106 0.7116677165031433
3157 3107 0.525416910648346
3158 3123 0.38174545764923096
3162 3250 0.37004661560058594
3163 3258 0.36777734756469727
3166 3217 0.30651241540908813
3169 3105 0.5754736661911011
3170 3098 0.5672156810760498
3171 3110 0.46614304184913635
3176 3259 0.46272680163383484
3177 3159 0.4101272523403168
3179 3092 0.26169583201408386
3183 3310 0.3614344894886017
3184 3291 0.34896421432495117
3185 3234 0.4365348815917969
3186 3235 0.43691930174827576
3187 3171 0.40951091051101685
3189 3138 0.3313475251197815
3194 3260 0.8170414566993713
3196 3252 0.42582234740257263
3198 3139 0.30450934171676636
3199 3130 0.27276158332824707
3201 3161 0.26684385538101196
3205 3279 0.5578160881996155
3206 3209 0.3072502315044403
3207 3176 0.33490660786628723
3208 3177 0.2894345223903656
3209 3178 0.3717327415943146
3211 3150 0.31271734833717346
3212 3132 0.28523463010787964
3214 3308 0.2945815324783325
3216 3320 0.2873648405075073
3217 3200 0.376692533493042
3219 3173 0.31999677419662476
3221 3129 0.2830408215522766
3222 3372 0.38504308462142944
3223 3356 0.3107320964336395
3224 3281 0.4169546663761139
3225 3179 0.27181896567344666
3226 3140 0.3999418020248413
3229 3181 0.2538202404975891
3234 3202 0.3498212397098541
3235 3172 0.4923761487007141
3236 3185 0.6430602669715881
3237 3180 0.2947470545768738
3240 3354 0.27403345704078674
3246 3226 0.5854985117912292
3249 3375 0.865968644618988
3253 3262 0.38829106092453003
3255 3191 0.4471837282180786
3257 3194 0.2680247128009796
3258 3195 0.4776740074157715
3259 3214 0.5902048349380493
3265 3373 0.2766667306423187
3266 3321 0.39611029624938965
3267 3203 0.361669659614563
3268 3210 0.3522076904773712
3269 3192 0.32329148054122925
3275 3211 0.31580546498298645
3278 3404 0.29570600390434265
3288 3286 0.39709973335266113
3295 3312 0.3516267240047455
3297 3231 0.3772019147872925
3300 3435 0.37659698724746704
3304 3297 0.42462968826293945
3313 3313 0.2639380693435669
3318 3274 0.6727340221405029
3319 3457 0.42257264256477356
3324 3327 0.271673321723938
3325 3263 0.459574431180954
3326 3268 0.40453040599823
3329 3328 0.275746613740921
3330 3340 0.37520819902420044
3331 3264 0.41672489047050476
3332 3265 0.32336488366127014
3333 3266 0.3353080153465271
3334 3254 0.29795849323272705
3335 3255 0.2966383993625641
3336 3269 0.25328558683395386
3337 3484 0.45150110125541687
3338 3524 0.3053820729255676
3339 3458 0.4130798876285553
3343 3488 0.2862849235534668
3346 3330 0.45441561937332153
3348 3316 0.37692970037460327
3349 3267 0.45418602228164673
3352 3452 0.4874986708164215
3359 3289 0.35186389088630676
3360 3301 0.2820304036140442
3361 3514 0.31266486644744873
3366 3384 0.3448805809020996
3367 3359 0.33489638566970825
3368 3360 0.38636139035224915
3369 3298 0.3227631449699402
3371 3304 0.3599931299686432
3372 3344 0.3853648900985718
3375 3487 0.2976500391960144
3379 3362 0.29842570424079895
3381 3376 0.33237990736961365
3382 3342 0.5854800939559937
3383 3343 0.4032323956489563
3384 3305 0.2963126599788666
3386 3545 0.8026264905929565
3388 3486 0.5279292464256287
3390 3423 0.31022873520851135
3391 3393 0.3283199667930603
3392 3394 0.41852790117263794
3395 3365 0.3243538439273834
3396 3546 0.28926122188568115
3399 3596 0.262798011302948
3402 3331 0.47877633571624756
3403 3346 0.39090749621391296
3404 3347 0.4703989028930664
3405 3364 0.26959308981895447
3406 3593 0.25245600938796997
3412 3406 0.4225444197654724
3417 3350 0.2534332275390625
3419 3574 0.3324984908103943
3423 3460 0.3300088047981262
3424 3437 0.3258463442325592
3425 3377 0.3424784541130066
3428 3635 0.3018067181110382
3429 3594 0.34446805715560913
3430 3562 0.5942861437797546
3436 3438 0.43213680386543274
3437 3428 0.5729076862335205
3438 3429 0.4969293475151062
3440 3407 0.4266076385974884
3441 3408 0.3389778435230255
3442 3651 0.4606613516807556
3444 3478 0.25989192724227905
3447 3509 0.36021703481674194
3449 3409 0.40774285793304443
3451 3378 0.38192060589790344
3457 3526 0.3019500970840454
3459 3492 0.3771400451660156
3460 3462 0.2637101113796234
3461 3439 0.46463578939437866
3462 3387 0.4145700931549072
3464 3684 0.4596191346645355
3465 3686 0.29683253169059753
3466 3516 0.2781068682670593
3469 3491 0.2507253587245941
3470 3471 0.26141124963760376
3475 3397 0.27067509293556213
3476 3701 0.3597065806388855
3477 3637 0.3487878739833832
3478 3430 0.3333541452884674
3479 3440 0.5107227563858032
3482 3700 0.26118919253349304
3483 3685 0.25771406292915344
3484 3551 0.45927080512046814
3485 3481 0.3717784583568573
3486 3454 0.43698641657829285
3487 3465 0.3414495289325714
3488 3441 0.39339372515678406
3489 3431 0.4084823429584503
3490 3734 0.3315865099430084
3494 3517 0.2816288471221924
3495 3510 0.3046658933162689
3502 3577 0.48521339893341064
3504 3442 0.3623891770839691
3506 3704 0.42330026626586914
3508 3511 0.499176949262619
3509 3499 0.41542813181877136
3510 3527 0.3695800006389618
3512 3512 0.2909272313117981
3513 3467 0.4799933433532715
3514 3769 0.3540423810482025
3515 3703 0.3033519685268402
3517 3539 0.3623473644256592
3519 3475 0.3379262685775757
3520 3758 0.26026496291160583
3522 3749 0.3822532892227173
3524 3702 0.6363076567649841
3526 3711 0.3206242322921753
3527 3712 0.3548952639102936
3528 3595 0.9120668768882751
3530 3576 0.25215211510658264
3533 3502 0.2979692816734314
3538 3750 0.2648013234138489
3539 3771 0.2511676251888275
3542 3519 0.5152018070220947
3543 3495 0.3973565995693207
3551 3482 0.44449615478515625
3552 3483 0.35637298226356506
3553 3504 0.42054882645606995
3556 3791 0.2518915832042694
3557 3792 0.48917943239212036
3559 3831 0.3418160676956177
3560 3760 0.32106390595436096
3567 3563 0.26267072558403015
3569 3580 0.45576712489128113
3570 3552 0.7156730890274048
3571 3530 0.2764153778553009
3572 3501 0.2684181034564972
3573 3513 0.32799574732780457
3574 3496 0.34984493255615234
3579 3772 0.2960672080516815
3580 3618 0.2667624354362488
3581 3608 0.300009161233902
3582 3541 0.4507761597633362
3585 3790 0.255935400724411
3589 3751 0.2846647799015045
3594 3560 0.31572234630584717
3599 3714 0.29977378249168396
3608 3581 0.45561373233795166
3609 3542 0.37612393498420715
3610 3557 0.3636704981327057
3611 3558 0.3121654987335205
3612 3543 0.272976279258728
3615 3892 0.4032239317893982
3616 3806 0.2762930989265442
3621 3569 0.3822547495365143
3623 3555 0.2864648997783661
3624 3629 0.3790091872215271
3626 3881 0.3197103440761566
3628 3869 0.4977959096431732
3630 3804 0.29061582684516907
3632 3761 0.2652823328971863
3633 3667 0.31564977765083313
3634 3609 0.31889608502388
3636 3564 0.317671000957489
3638 3906 0.28026828169822693
3639 3857 0.2669565975666046
3640 3821 0.28731387853622437
3645 3642 0.38465404510498047
3646 3623 0.3394003212451935
3647 3625 0.29914262890815735
3648 3585 0.4010857939720154
3651 3936 0.2734616994857788
3652 3937 0.31987351179122925
3653 3846 0.3055979609489441
3656 3793 0.6792290210723877
3658 3736 0.2706247568130493
3660 3611 0.31597113609313965
3662 3784 0.2717204689979553
3664 3715 0.44064438343048096
3666 3643 0.46274667978286743
3667 3644 0.47533732652664185
3668 3656 0.30422312021255493
3670 3559 0.3978002071380615
3671 3677 0.3371652662754059
3673 3871 0.25159868597984314
3674 3872 0.28903234004974365
3677 3808 0.3898371756076813
3678 3645 0.3750890791416168
3680 3671 0.2668130397796631
3681 3626 0.3807419538497925
3682 3587 0.42459484934806824
3683 3605 0.25946277379989624
3686 3963 0.28228604793548584
3687 3893 0.9475623369216919
3690 3847 0.33520185947418213
3693 3654 0.27203160524368286
3696 3719 0.667640745639801
3697 3613 0.29994821548461914
3698 3894 0.2846313714981079
3699 3873 0.2853505313396454
3701 3860 0.26822465658187866
3702 3822 0.3561861217021942
3703 3627 0.29277563095092773
3704 3676 0.4008406698703766
3706 4013 0.3102920353412628
3708 3908 0.3911857008934021
3711 4014 0.3586696684360504
3713 3899 0.2558797597885132
3715 3773 0.2756853699684143
3716 3720 0.4027504622936249
3717 3705 0.2763829529285431
3718 3739 0.3243810534477234
3720 3706 0.29017990827560425
3721 3660 0.3976173996925354
3722 3673 0.3499370217323303
3723 3661 0.2830338180065155
3724 3678 0.31280770897865295
3725 3614 0.4657067060470581
3728 3984 0.3930584788322449
3729 3947 0.42172476649284363
3732 3895 0.28433510661125183
3733 3885 0.3396988809108734
3734 3900 0.6652452945709229
3736 3670 0.30576732754707336
3739 3763 0.5808883905410767
3740 3737 0.4933020770549774
3741 3672 0.3126779794692993
3743 3675 0.2564159631729126
3744 3974 0.29624032974243164
3745 4040 0.390749454498291
3746 3964 0.330117404460907
3747 3965 0.3102003335952759
3749 3909 0.3064916729927063
3750 3910 0.32196906208992004
3752 3911 0.4044339954853058
3753 3774 0.2921397089958191
3754 3764 0.27504825592041016
3755 3679 0.3178789019584656
3757 4052 0.27625778317451477
3759 3925 0.3843899965286255
3760 3940 0.3432098627090454
3761 3941 0.35741448402404785
3762 3912 0.31022459268569946
3765 3753 0.3380851745605469
3769 4024 0.438774973154068
3770 4025 0.3846943974494934
3772 3966 0.4172529876232147
3773 3939 0.41841456294059753
3776 3849 0.29984211921691895
3777 3795 0.28527599573135376
3778 3765 0.3407966196537018
3779 3724 0.3281412124633789
3780 3740 0.28310075402259827
3781 3726 0.26654550433158875
3782 3741 0.4233083426952362
3787 3923 0.8127384185791016
3788 3999 0.25819894671440125
3790 4000 0.36030566692352295
3791 3948 0.3082151710987091
3794 3823 0.36644837260246277
3795 3786 0.32208606600761414
3796 3796 0.25505945086479187
3797 3727 0.6050441861152649
3802 3998 0.2681494653224945
3803 3979 0.38832029700279236
3805 3827 0.3612997531890869
3807 3729 0.4023788273334503
3808 4004 0.27403005957603455
3809 3976 0.3036506772041321
3810 3977 0.4432482421398163
3811 3978 0.2790723443031311
3812 3886 0.2521720826625824
3813 3836 0.40852442383766174
3814 3775 0.48997223377227783
3815 3708 0.30690670013427734
3820 4074 0.4072003662586212
3826 4002 0.3705841302871704
3827 4003 0.37319299578666687
3829 3835 0.38881686329841614
3830 3826 0.35024017095565796
3831 3742 0.31587502360343933
3832 3766 0.2881832420825958
3833 4038 0.3462822437286377
3835 4075 0.3720732033252716
3839 4015 0.4186931848526001
3840 3811 0.350119948387146
3844 4076 0.5214065909385681
3845 4077 0.30409231781959534
3846 4017 0.31942203640937805
3847 3828 0.4050017297267914
3848 3776 0.30568423867225647
3849 3777 0.27180472016334534
3851 4227 0.3623017370700836
3852 4053 0.2865394949913025
3854 4086 0.34077808260917664
3856 4054 0.6186143159866333
3859 3838 0.4341873824596405
3863 4186 0.26562589406967163
3868 4099 0.2799554765224457
3869 4056 0.31452685594558716
3870 4041 0.28986793756484985
3871 4042 0.27674904465675354
3873 4043 0.37158069014549255
3875 3927 0.2780989110469818
3876 3915 0.6630070209503174
3877 3863 0.28474485874176025
3880 4085 0.34668999910354614
3884 3931 0.3595885932445526
3885 3916 0.2861650884151459
3886 3864 0.3759632706642151
3890 3852 0.29930099844932556
3891 4226 0.33136236667633057
3893 4102 0.3263314962387085
3894 4087 0.30776166915893555
3895 4103 0.43707475066185
3897 4068 0.2703588008880615
3901 3789 0.30670422315597534
3902 3866 0.4740769863128662
3903 3867 0.3805992901325226
3904 3812 0.28253650665283203
3907 4230 0.3123394250869751
3909 4125 0.27918416261672974
3912 3958 0.3252769410610199
3914 3949 0.26235705614089966
3915 3932 0.30173763632774353
3916 3875 0.27705618739128113
3920 4117 0.34612640738487244
3926 3982 0.381565660238266
3927 3943 0.714733898639679
3928 3890 0.3015000522136688
3929 3878 0.44659560918807983
3931 4165 0.3424643874168396
3932 4116 0.4872397780418396
3936 4020 0.29739609360694885
3939 3989 0.2756178081035614
3943 3968 0.3005939722061157
3944 3933 0.37706634402275085
3946 3917 0.33391860127449036
3947 3877 0.3091701865196228
3948 3889 0.34202802181243896
3957 4137 0.28751781582832336
3958 4138 0.27833157777786255
3959 4139 0.312987357378006
3965 3983 0.279918909072876
3966 3951 0.3880459666252136
3967 3934 0.3610135316848755
3969 4151 0.39137861132621765
3974 3992 0.4013379216194153
3975 3969 0.7480587959289551
3978 3960 0.39402076601982117
3979 3944 0.3158126771450043
3980 3935 0.3405740559101105
3981 4292 0.36360079050064087
3982 4270 0.37864863872528076
3983 4231 0.3673812448978424
3984 4152 0.5059128999710083
3985 4153 0.42310410737991333
3986 4154 0.40188372135162354
3987 4058 0.35135218501091003
3990 4071 0.52910315990448
3991 3961 0.37365809082984924
3992 3952 0.4252655506134033
3996 4268 0.32543766498565674
3997 4269 0.3886626362800598
3998 4272 0.3902764916419983
3999 4251 0.34307175874710083
4003 4254 0.26876750588417053
4010 4189 0.35781556367874146
4012 4069 0.27538001537323
4013 4060 0.5213290452957153
4014 4061 0.3231518566608429
4015 4271 0.25745171308517456
4020 4257 0.7328684329986572
4025 4063 0.2723441421985626
4029 4304 0.37151193618774414
4030 4275 0.5274969339370728
4031 4141 0.3968498706817627
4033 4127 0.3546973168849945
4035 4022 0.522039532661438
4036 4023 0.49802908301353455
4038 3971 0.43444669246673584
4039 4170 0.26659634709358215
4040 4120 0.6021119952201843
4041 4108 0.3096018433570862
4042 4006 0.572717010974884
4043 4007 0.6388779282569885
4045 4303 0.3594469726085663
4046 4325 0.3511766493320465
4047 4343 0.3096742033958435
4049 4326 0.4269409775733948
4050 4293 0.3279750943183899
4051 4306 0.40812331438064575
4053 4192 0.28176936507225037
4054 4088 0.6264623403549194
4055 4089 0.31478551030158997
4056 4080 0.25114941596984863
4058 4382 0.3284496068954468
4059 4106 0.4969165325164795
4062 4342 0.3528828024864197
4064 4346 0.4251248240470886
4065 4171 0.3762042820453644
4067 4142 0.34437212347984314
4068 4064 0.5432256460189819
4069 4032 0.46286892890930176
4070 4033 0.3637259900569916
4071 4034 0.3648373484611511
4073 4347 0.5110794305801392
4074 4258 0.38627076148986816
4077 4122 0.334881067276001
4080 4276 0.72813880443573
4084 4414 0.2802813947200775
4086 4406 0.4097605347633362
4087 4408 0.31752198934555054
4088 4383 0.4124123156070709
4090 4233 0.430711567401886
4091 4234 0.46399328112602234
4093 4194 0.26359570026397705
4094 4157 0.4515557885169983
4095 4159 0.4155157208442688
4098 4143 0.29142236709594727
4099 4121 0.35948777198791504
4100 4123 0.35793331265449524
4101 4081 0.6696283221244812
4102 4065 0.51588374376297
4104 4405 0.368285596370697
4109 4416 0.34297558665275574
4110 4232 0.39213743805885315
4111 4210 0.29235097765922546
4112 4198 0.3878558278083801
4119 4174 0.2703319787979126
4123 4082 0.36170414090156555
4125 4397 0.7742190957069397
4126 4129 0.459823876619339
4131 4448 0.40023982524871826
4133 4352 0.3697657883167267
4134 4417 0.45343467593193054
4135 4418 0.27526187896728516
4136 4419 0.29627367854118347
4137 4420 0.4506166875362396
4138 4474 0.33708810806274414
4139 4409 0.28558140993118286
4142 4248 0.34497004747390747
4146 4092 0.4033873975276947
4147 4466 0.2925322651863098
4148 4449 0.309633731842041
4151 4433 0.31271854043006897
4153 4410 0.3682501018047333
4155 4307 0.4668397307395935
4158 4175 0.4104613959789276
4159 4144 0.29975461959838867
4160 4145 0.2689095437526703
4161 4130 0.3419272303581238
4164 4131 0.3453008532524109
4165 4237 0.26586589217185974
4166 4239 0.41286563873291016
4168 4213 0.3246781826019287
4169 4214 0.27332013845443726
4171 4178 0.40290334820747375
4173 4146 0.2891092598438263
4177 4515 0.7653859853744507
4179 4453 0.38296738266944885
4180 4421 0.2665020227432251
4183 4310 0.25999554991722107
4185 4262 0.29517489671707153
4186 4238 0.270952969789505
4188 4500 0.2613479197025299
4190 4514 0.27539393305778503
4191 4436 0.28951263427734375
4192 4295 0.39872732758522034
4193 4261 0.535956621170044
4197 4179 0.32459673285484314
4199 4435 0.3811684846878052
4200 4385 0.40986528992652893
4201 4353 0.34148305654525757
4202 4355 0.3301410377025604
4203 4297 0.3544359505176544
4204 4311 0.3359571397304535
4207 4318 0.27189260721206665
4208 4177 0.2885437607765198
4212 4540 0.3154713213443756
4215 4504 0.26106569170951843
4216 4485 0.2726268768310547
4218 4454 0.46349838376045227
4219 4387 0.4526146948337555
4222 4354 0.39794060587882996
4224 4316 0.28548064827919006
4226 4263 0.37798261642456055
4229 4240 0.46070748567581177
4233 4475 0.35927221179008484
4235 4398 0.33492225408554077
4236 4312 0.532645583152771
4237 4315 0.3717096745967865
4238 4328 0.33302876353263855
4239 4218 0.3631478548049927
4241 4219 0.4530266523361206
4242 4539 0.37094831466674805
4248 4376 0.2571288049221039
4249 4279 0.3106704652309418
4251 4564 0.28559228777885437
4254 4542 0.27230000495910645
4255 4486 0.5858157277107239
4256 4506 0.2771587073802948
4257 4348 0.32424497604370117
4265 4217 0.32623565196990967
4267 4220 0.5646315813064575
4268 4221 0.5604181885719299
4269 4563 0.2973339855670929
4271 4551 0.47517552971839905
4272 4505 0.3771058917045593
4273 4516 0.33355894684791565
4274 4518 0.2671162784099579
4276 4519 0.31289663910865784
4278 4388 0.30644840002059937
4279 4356 0.3658093810081482
4280 4390 0.33679667115211487
4282 4375 0.34952810406684875
4283 4358 0.4132457673549652
4284 4215 0.2528306841850281
4285 4201 0.37716594338417053
4286 4197 0.3714212477207184
4291 4550 0.3597899377346039
4292 4437 0.261933296918869
4294 4314 0.31833091378211975
4296 4393 0.2730012834072113
4298 4280 0.42580446600914
4299 4281 0.47354060411453247
4302 4576 0.27479445934295654
4303 4455 0.3840397000312805
4304 4438 0.3305266201496124
4305 4391 0.3701959252357483
4306 4585 0.30197080969810486
4307 4571 0.4170588552951813
4312 4373 0.3354896903038025
4313 4374 0.2716013193130493
4316 4412 0.3423507511615753
4318 4301 0.41188010573387146
4319 4321 0.3621528446674347
4320 4283 0.2930278778076172
4322 4584 0.25337401032447815
4323 4476 0.3853340148925781
4325 4439 0.2885858714580536
4327 4411 0.38562002778053284
4328 4399 0.3138502836227417
4333 4264 0.36367085576057434
4336 4423 0.3166906535625458
4338 4424 0.2969888150691986
4340 4488 0.31338879466056824
4341 4477 0.3162575364112854
4342 4460 0.39234840869903564
4344 4602 0.3230057954788208
4345 4605 0.3754082918167114
4346 4478 0.36312398314476013
4355 4457 0.3768114745616913
4357 4459 0.3078244924545288
4359 4521 0.3216891586780548
4360 4467 0.39695775508880615
4362 4623 0.25026050209999084
4370 4629 0.2921712100505829
4372 4489 0.40481406450271606
4375 4400 0.27807554602622986
4379 4530 0.42516133189201355
4380 4523 0.4057025909423828
4381 4635 0.34806185960769653
4382 4572 0.29977062344551086
4384 4479 0.4718618392944336
4385 4507 0.3779155910015106
4388 4524 0.32135429978370667
4389 4525 0.35935068130493164
4390 4526 0.6289604306221008
4398 4556 0.49724411964416504
4399 4566 0.40977734327316284
4400 4557 0.4141836166381836
4403 4560 0.5016547441482544
4404 4558 0.3148338496685028
4406 4661 0.37137696146965027
4413 4573 0.3482099175453186
4418 4578 0.3545282483100891
4420 4569 0.26937001943588257
4422 4678 0.26211947202682495
4424 4671 0.5733744502067566
4425 4512 0.33911430835723877
4427 4677 0.3143385350704193
4428 4675 0.6410732269287109
4429 4592 0.2593323886394501
4430 4588 0.3210654556751251
4431 4594 0.3065875470638275
4432 4580 0.30296021699905396
4433 4587 0.37940627336502075
4435 4583 0.30437782406806946
4436 4544 0.4367693364620209
4437 4582 0.28357526659965515
4441 4610 0.35704314708709717
4442 4595 0.2660764157772064
4445 4607 0.30518847703933716
4447 4609 0.36383527517318726
4448 4612 0.3788769245147705
4450 4630 0.281083345413208
4452 4617 0.32946354150772095
4455 4691 0.8492589592933655
4457 4692 0.3400035500526428
4458 4641 0.32115763425827026
4459 4642 0.48061078786849976
4460 4624 0.3816591799259186
4461 4644 0.2666461765766144
4469 4688 0.4122982621192932
4470 4689 0.2735117971897125
4473 4643 0.2628210783004761
4474 4637 0.2590125501155853
4475 4640 0.25640153884887695
4477 4710 0.46872764825820923
4482 4716 0.36842504143714905
4484 4654 0.277395635843277
4485 4651 0.26574674248695374
4487 4638 0.32941704988479614
4488 4717 0.3142614960670471
4492 4723 0.3812815546989441
4498 4733 0.3939681649208069
4499 4732 0.38648632168769836
4501 4660 0.5676626563072205
4503 4752 0.47420403361320496
4504 4740 0.530600905418396
4505 4741 0.6761829257011414
4506 4682 0.3552176356315613
4507 4683 0.3355405628681183
4509 4751 0.28147849440574646
4512 4679 0.38181719183921814
4517 4767 0.5317862629890442
4520 4764 0.505515992641449
4521 4765 0.4451061487197876
4522 4766 0.5018260478973389
4523 4771 0.4019477367401123
4524 4693 0.28600576519966125
4525 4686 0.37384700775146484
4528 4695 0.31767645478248596
4529 4685 0.3050304651260376
4530 4697 0.552113950252533
4532 4784 0.3245156407356262
4533 4701 0.3089906573295593
4535 4699 0.37963682413101196
4536 4700 0.3737240135669708
4539 4794 0.46025294065475464
4541 4712 0.3226163685321808
4542 4708 0.38719871640205383
4543 4709 0.33362290263175964
4544 4800 0.35668036341667175
4546 4816 0.48285090923309326
4549 4707 0.3664392828941345
4552 4720 0.3424784541130066
4553 4721 0.3922788202762604
4555 4753 0.30204081535339355
4556 4757 0.3346588611602783
4557 4818 0.8483644723892212
4559 4819 0.36599990725517273
4560 4734 0.39419177174568176
4561 4742 0.31388020515441895
4562 4743 0.25856831669807434
4563 4744 0.2697409689426422
4564 4745 0.3152758479118347
4565 4747 0.2682126462459564
4566 4748 0.25199249386787415
4569 4736 0.3537234365940094
4571 4758 0.29698824882507324
4572 4759 0.28703564405441284
4573 4754 0.25750917196273804
4574 4827 0.5163045525550842
4575 4839 0.3363957405090332
4576 4823 0.3248937427997589
4579 4769 0.2733535170555115
4582 4774 0.3337409496307373
4584 4837 0.2844221889972687
4588 4783 0.3434036672115326
4592 4851 0.29297783970832825
4593 4833 0.32067805528640747
4594 4777 0.36190980672836304
4596 4838 0.38909247517585754
4598 4820 0.3460023105144501
4599 4778 0.30594614148139954
4601 4779 0.255046546459198
4602 4849 0.26443061232566833
4604 4845 0.29804545640945435
4607 4792 0.3711029291152954
4611 4788 0.28524062037467957
4615 4862 0.29915034770965576
4616 4863 0.39610084891319275
4617 4864 0.2882934808731079
4618 4865 0.2591168284416199
4619 4858 0.2676094174385071
4621 4795 0.2995177209377289
4624 4798 0.4004398584365845
4625 4883 0.3138936758041382
4628 4799 0.317770391702652
4632 4801 0.31025445461273193
4633 4802 0.27723219990730286
4634 4807 0.2684846818447113
4635 4796 0.2500152587890625
4636 4887 0.27392083406448364
4638 4882 0.406863808631897
4640 4803 0.2808156907558441
4641 4810 0.2826564311981201
4643 4811 0.33926311135292053
4646 4871 0.2509571611881256
4648 4817 0.2900094985961914
4652 4884 0.2990054488182068
4655 4841 0.2618566155433655
4661 4834 0.2861296236515045
4674 4916 0.2986845374107361
4681 4859 0.3771652281284332
4687 4921 0.3468967080116272
4688 4866 0.34487006068229675
4691 4872 0.3545383810997009
4695 4873 0.28055790066719055
4699 4874 0.25729265809059143
4709 4936 0.3611588478088379
4710 4933 0.36477193236351013
4711 4934 0.2940675914287567
4712 4937 0.2672865092754364
4715 4944 0.3878032863140106
4716 4918 0.9601070880889893
4717 4941 0.3479304313659668
4718 4950 0.576654851436615
4720 4952 0.36423903703689575
4721 4951 0.276610791683197
4723 4955 0.2630334794521332
4725 4953 0.3679282069206238
4726 4956 0.31074008345603943
4727 4958 0.6495418548583984
4728 4959 0.7314579486846924
4731 4963 0.31719088554382324
4733 4960 0.4141054153442383
4734 4961 0.4681442379951477
