1082
28 36 0.7292882204055786
29 37 0.6528463363647461
32 41 0.2948797643184662
34 43 0.32954996824264526
36 45 0.322112500667572
37 46 0.31411856412887573
39 52 0.4931449592113495
50 58 0.29797467589378357
63 65 0.2653544545173645
77 81 0.28710269927978516
123 118 0.2737628221511841
131 120 0.27202409505844116
147 101 0.338296115398407
223 193 0.27083465456962585
235 220 0.4660038948059082
340 272 0.34761765599250793
358 336 0.3125101327896118
372 283 0.35845082998275757
373 323 0.2987614572048187
374 348 0.3156832158565521
382 292 0.6520212888717651
384 364 0.25140511989593506
388 366 0.38240569829940796
402 321 0.44503143429756165
405 340 0.25098684430122375
417 327 0.5185893774032593
437 330 0.42075783014297485
438 374 0.276984304189682
452 396 0.41291406750679016
461 349 0.27385997772216797
471 350 0.2958374619483948
472 353 0.35609543323516846
474 420 0.25133535265922546
494 368 0.25560757517814636
495 361 0.31540635228157043
505 423 0.33615392446517944
530 445 0.4328218698501587
539 464 0.3674590289592743
552 412 0.43299195170402527
559 414 0.49537166953086853
560 426 0.3419572412967682
571 469 0.42015793919563293
580 415 0.3018893301486969
587 442 0.27199453115463257
592 507 0.282121866941452
593 490 0.2650626003742218
598 448 0.30399197340011597
608 439 0.3262788951396942
612 502 0.3636375665664673
614 504 0.44979149103164673
619 466 0.41265031695365906
623 515 0.3384939432144165
636 465 0.3637162744998932
637 482 0.5129104256629944
649 457 0.4424112141132355
650 483 0.26261863112449646
651 529 0.28864753246307373
652 539 0.397381991147995
664 513 0.4083728790283203
665 548 0.3876853287220001
674 558 0.4427590072154999
685 514 0.32928702235221863
690 479 0.28425243496894836
694 566 0.3833411931991577
695 580 0.28981292247772217
698 518 0.2829776704311371
699 545 0.25769710540771484
700 533 0.43060025572776794
702 581 0.37027499079704285
714 535 0.263763427734375
718 556 0.3242851793766022
720 613 0.30877387523651123
730 561 0.3755232095718384
746 571 0.26935356855392456
747 572 0.2932196259498596
748 606 0.2690442204475403
750 612 0.3332902491092682
758 570 0.45699450373649597
759 588 0.3244624137878418
768 587 0.301893949508667
769 596 0.32043254375457764
770 597 0.4078342318534851
777 585 0.36226582527160645
778 586 0.31429266929626465
783 594 0.4027128219604492
786 624 0.4516604542732239
787 610 0.30809998512268066
788 659 0.3963245451450348
790 661 0.32299718260765076
796 629 0.43767082691192627
798 619 0.35395729541778564
799 605 0.4761967062950134
800 635 0.2612270712852478
803 654 0.5313447713851929
805 660 0.39208170771598816
812 604 0.29023998975753784
829 615 0.26039978861808777
832 658 0.4088030755519867
833 652 0.33154064416885376
835 670 0.34406453371047974
849 627 0.5948129296302795
854 644 0.348970890045166
855 650 0.34884077310562134
869 705 0.3624703884124756
887 662 0.5766807198524475
895 676 0.4378870725631714
897 712 0.34617558121681213
900 732 0.3061431646347046
907 689 0.3066738247871399
909 691 0.35223624110221863
915 729 0.4612745940685272
921 685 0.3257521986961365
922 679 0.6152777075767517
930 678 0.3895666003227234
932 700 0.44692495465278625
933 750 0.3092925548553467
934 739 0.2966731786727905
936 753 0.2795763611793518
944 686 0.3915499746799469
945 687 0.2965340316295624
946 724 0.3408561050891876
948 690 0.34942713379859924
953 738 0.3123781383037567
963 725 0.41051191091537476
966 708 0.34522709250450134
968 777 0.3011164367198944
980 714 0.25707486271858215
981 759 0.35505709052085876
982 736 0.26618173718452454
991 748 0.3447539806365967
996 745 0.2646617293357849
1001 754 0.5875989198684692
1002 737 0.298190712928772
1003 757 0.37087684869766235
1011 755 0.43141043186187744
1014 773 0.2984228730201721
1025 795 0.2811329662799835
1029 761 0.30758413672447205
1033 796 0.2580967843532562
1037 726 0.34289807081222534
1049 774 0.5939733982086182
1066 797 0.4346986711025238
1068 812 0.31939461827278137
1070 837 0.2534564137458801
1074 809 0.28348684310913086
1075 802 0.3260418772697449
1077 811 0.3123987019062042
1092 821 0.36774858832359314
1105 824 0.25429001450538635
1112 842 0.36661893129348755
1115 833 0.4382379949092865
1117 805 0.29312288761138916
1118 857 0.2604847252368927
1119 826 0.2682589292526245
1135 834 0.34008103609085083
1148 854 0.2654997706413269
1155 863 0.3444036543369293
1156 844 0.3070419430732727
1163 871 0.30717551708221436
1164 881 0.3430609703063965
1173 897 0.27598077058792114
1175 872 0.3847578763961792
1176 879 0.34190472960472107
1177 873 0.4655095338821411
1189 891 0.8600206971168518
1190 900 0.405508816242218
1197 941 0.27678626775741577
1200 898 0.3178258538246155
1201 889 0.448238343000412
1203 928 0.35080811381340027
1210 958 0.25287795066833496
1212 919 0.3739607632160187
1213 920 0.27757877111434937
1215 914 0.3280285894870758
1216 906 0.30649545788764954
1217 888 0.40834251046180725
1227 935 0.3156088590621948
1228 925 0.42798498272895813
1230 923 0.279826819896698
1240 918 0.25128671526908875
1242 936 0.29532864689826965
1248 953 0.3465980887413025
1249 946 0.4563286304473877
1250 934 0.2571697533130646
1251 966 0.39634644985198975
1255 951 0.2554638087749481
1256 952 0.36937493085861206
1266 969 0.32791879773139954
1267 949 0.3890134394168854
1269 976 0.2890577018260956
1275 980 0.2632613480091095
1279 986 0.3074829578399658
1281 1008 0.2518072724342346
1282 1009 0.25733068585395813
1284 990 0.2547052800655365
1288 1006 0.38196250796318054
1295 989 0.26528334617614746
1296 991 0.33956220746040344
1297 1002 0.2866947650909424
1298 985 0.39052891731262207
1299 1017 0.3046031594276428
1303 1014 0.6539922952651978
1305 1032 0.5433635115623474
1306 1011 0.3383677303791046
1310 1022 0.31522050499916077
1316 1020 0.3760428726673126
1317 1029 0.28796154260635376
1319 1031 0.3949624300003052
1320 1033 0.26555952429771423
1324 1035 0.39590784907341003
1331 1065 0.28175270557403564
1332 1048 0.2697630822658539
1333 1051 0.27714574337005615
1334 1052 0.28535136580467224
1335 1055 0.5869498252868652
1336 995 0.37513986229896545
1344 1021 0.3602369725704193
1345 1049 0.2535797357559204
1346 1050 0.28525421023368835
1347 1053 0.3270259201526642
1348 1040 0.2831067144870758
1363 1092 0.3118533790111542
1364 1093 0.26423752307891846
1369 1047 0.3634174168109894
1372 1078 0.2726471722126007
1379 1071 0.28413480520248413
1384 1109 0.39799830317497253
1395 1122 0.34580308198928833
1397 1123 0.3307085633277893
1400 1074 0.35459181666374207
1409 1134 0.27965688705444336
1411 1115 0.29288092255592346
1420 1143 0.3882984519004822
1425 1142 0.2640261948108673
1427 1151 0.46360138058662415
1429 1089 0.4174336791038513
1431 1101 0.2922899127006531
1439 1150 0.39670419692993164
1440 1163 0.3362978994846344
1444 1185 0.36238330602645874
1445 1170 0.2818072438240051
1446 1190 0.5098671913146973
1451 1216 0.30199185013771057
1452 1186 0.35744038224220276
1453 1124 0.4201875925064087
1460 1195 0.28372079133987427
1461 1184 0.3934905529022217
1462 1215 0.29873836040496826
1464 1181 0.31464236974716187
1467 1227 0.37545230984687805
1471 1154 0.2706487476825714
1472 1144 0.3836381435394287
1476 1228 0.2601667046546936
1477 1164 0.31759437918663025
1482 1207 0.3594932556152344
1484 1211 0.2727603018283844
1486 1214 0.3033785820007324
1487 1226 0.37340623140335083
1510 1229 0.2707357406616211
1513 1233 0.28102198243141174
1521 1258 0.5256569385528564
1522 1259 0.46434473991394043
1524 1261 0.32236018776893616
1532 1277 0.37282446026802063
1538 1208 0.2872582674026489
1542 1323 0.2707587480545044
1547 1289 0.30720773339271545
1560 1332 0.2585614025592804
1562 1333 0.3040148913860321
1564 1318 0.3244030177593231
1566 1322 0.2976168394088745
1567 1383 0.3296791613101959
1575 1320 0.389773964881897
1577 1336 0.29069897532463074
1585 1348 0.26252999901771545
1587 1351 0.31135204434394836
1589 1324 0.5237589478492737
1590 1325 0.30708178877830505
1591 1341 0.29004600644111633
1609 1370 0.2568829655647278
1610 1374 0.4042477309703827
1612 1411 0.32315152883529663
1613 1402 0.2615184485912323
1619 1369 0.2571506202220917
1620 1375 0.274088591337204
1621 1376 0.26655465364456177
1625 1364 0.3945908546447754
1635 1384 0.367005854845047
1656 1408 0.27241089940071106
1658 1418 0.3102083206176758
1666 1416 0.31723928451538086
1676 1433 0.3778802752494812
1682 1444 0.4202421009540558
1692 1437 0.4033462405204773
1696 1470 0.4741370975971222
1697 1472 0.33989816904067993
1699 1502 0.25021252036094666
1703 1455 0.6227703094482422
1706 1473 0.3582427203655243
1710 1498 0.39769020676612854
1712 1474 0.501462459564209
1713 1478 0.5856492519378662
1714 1467 0.2723945379257202
1725 1486 0.36197158694267273
1726 1487 0.3611850142478943
1727 1499 0.4993540644645691
1730 1476 0.29146432876586914
1732 1504 0.25467008352279663
1738 1518 0.6752414703369141
1740 1450 0.3859308958053589
1741 1483 0.3085325062274933
1743 1529 0.3652641773223877
1744 1500 0.297310471534729
1748 1494 0.5884115099906921
1762 1508 0.2748109698295593
1763 1514 0.2752705216407776
1769 1547 0.26134392619132996
1778 1553 0.2720254063606262
1779 1555 0.2897300124168396
1780 1534 0.28177982568740845
1781 1526 0.2522399127483368
1786 1520 0.3339705169200897
1791 1536 0.2742747664451599
1794 1561 0.2769227623939514
1799 1540 0.3227449953556061
1802 1479 0.41486790776252747
1806 1535 0.29594582319259644
1811 1583 0.45058318972587585
1818 1557 0.3126126825809479
1825 1612 0.6315714716911316
1826 1613 0.41756588220596313
1829 1579 0.4359062910079956
1832 1656 0.2713432013988495
1834 1600 0.3666549623012543
1837 1677 0.36101868748664856
1839 1599 0.2961795926094055
1840 1607 0.3606862723827362
1849 1628 0.28555169701576233
1862 1688 0.7949091196060181
1864 1657 0.29056650400161743
1865 1666 0.3777206540107727
1867 1632 0.3376907706260681
1869 1645 0.3567793667316437
1885 1724 0.32258129119873047
1889 1647 0.5674477815628052
1900 1667 0.35312619805336
1901 1680 0.30550238490104675
1905 1660 0.25993284583091736
1907 1669 0.29830050468444824
1915 1783 0.28652992844581604
1916 1749 0.31741631031036377
1917 1685 0.3824542164802551
1927 1713 0.26148828864097595
1928 1757 0.2702794075012207
1929 1723 0.2978127598762512
1936 1727 0.37437039613723755
1941 1731 0.31973323225975037
1942 1740 0.3139643371105194
1950 1781 0.29269859194755554
1959 1722 0.27991729974746704
1961 1668 0.3647329807281494
1974 1755 0.2952827513217926
1976 1784 0.3326418399810791
1978 1734 0.3798852860927582
1989 1761 0.25835955142974854
1999 1751 0.2654893696308136
2007 1829 0.2538291811943054
2008 1830 0.2757934331893921
2013 1839 0.2804361879825592
2016 1855 0.4072112441062927
2017 1804 0.2546273171901703
2021 1850 0.2742386758327484
2024 1779 0.45343858003616333
2030 1805 0.2540512681007385
2033 1777 0.33381542563438416
2034 1799 0.33942490816116333
2045 1882 0.3452853560447693
2053 1817 0.2688169777393341
2061 1904 0.25464725494384766
2062 1905 0.2868914008140564
2066 1820 0.37803488969802856
2067 1863 0.312690794467926
2074 1858 0.5171290040016174
2076 1852 0.25124022364616394
2083 1775 0.35288986563682556
2086 1862 0.27810606360435486
2095 1859 0.28720951080322266
2104 1961 0.34017252922058105
2108 1894 0.3338017463684082
2109 1906 0.3757191598415375
2110 1884 0.5536287426948547
2111 1861 0.31105732917785645
2115 1950 0.26285266876220703
2116 1970 0.29418596625328064
2118 1936 0.5257562398910522
2119 1887 0.27933675050735474
2126 1935 0.4018101394176483
2127 1937 0.25467443466186523
2140 1969 0.2712448835372925
2145 1917 0.2641405165195465
2155 1978 0.5751028060913086
2163 2000 0.3886081576347351
2164 1956 0.34235435724258423
2166 2016 0.47506994009017944
2169 1910 0.3763463795185089
2175 1997 0.5821655988693237
2180 1957 0.3310013711452484
2182 1874 0.2652353048324585
2196 1938 0.27196598052978516
2210 2001 0.3455050587654114
2225 2055 0.2526973783969879
2228 2041 0.33878007531166077
2229 2146 0.2874070703983307
2230 2022 0.34456726908683777
2231 2023 0.355496883392334
2232 2024 0.5406152606010437
2234 1993 0.3988543450832367
2236 2042 0.2778897285461426
2245 2114 0.4040592610836029
2249 1973 0.3721732795238495
2256 2126 0.2749205529689789
2258 2104 0.25346294045448303
2260 2047 0.28255268931388855
2263 2128 0.5630415678024292
2266 2071 0.30110496282577515
2273 2098 0.47278162837028503
2284 2125 0.45579931139945984
2289 2086 0.34012579917907715
2292 1994 0.3247304856777191
2298 2144 0.5087806582450867
2299 2199 0.3118019104003906
2312 2118 0.38007044792175293
2324 2130 0.33272242546081543
2326 2059 0.2585453987121582
2333 2222 0.34216994047164917
2335 2147 0.5864261388778687
2336 2278 0.28203335404396057
2343 2215 0.28288593888282776
2353 2067 0.3758266866207123
2359 2255 0.272034227848053
2360 2200 0.2893133759498596
2369 2243 0.28880420327186584
2370 2244 0.3404175341129303
2371 2217 0.28038886189460754
2381 2176 0.33606770634651184
2382 2177 0.27481988072395325
2383 2178 0.31287693977355957
2386 2119 0.254079133272171
2389 2110 0.2800200879573822
2396 2109 0.29545795917510986
2399 2292 0.35140547156333923
2414 2294 0.40224069356918335
2415 2236 0.2510201334953308
2424 2169 0.41079387068748474
2428 2320 0.4119127094745636
2429 2360 0.2879052460193634
2432 2295 0.2525072991847992
2433 2350 0.3969123363494873
2436 2246 0.26302996277809143
2453 2321 0.3509436547756195
2454 2322 0.3214796781539917
2457 2312 0.7297523021697998
2458 2313 0.3754824101924896
2464 2182 0.39699220657348633
2479 2361 0.41271406412124634
2484 2431 0.3290656805038452
2494 2273 0.3957304358482361
2498 2428 0.2633725702762604
2499 2416 0.38907650113105774
2500 2398 0.3229854702949524
2503 2285 0.27809756994247437
2504 2261 0.3215799629688263
2505 2251 0.2668359577655792
2506 2252 0.3567432761192322
2511 2317 0.3099844455718994
2512 2303 0.272676020860672
2515 2414 0.2692164182662964
2516 2429 0.33433571457862854
2519 2393 0.2555244565010071
2529 2387 0.2921951711177826
2530 2363 0.2505224347114563
2533 2454 0.32578638195991516
2541 2505 0.3581596910953522
2544 2459 0.6652141809463501
2545 2440 0.83866947889328
2546 2420 0.28608161211013794
2547 2342 0.33931779861450195
2549 2343 0.2507815659046173
2551 2504 0.2673538029193878
2552 2480 0.6248036623001099
2553 2470 0.28585687279701233
2554 2441 0.2901920974254608
2558 2434 0.3059149384498596
2561 2355 0.3490014970302582
2564 2469 0.4057122766971588
2573 2378 0.2747218906879425
2579 2491 0.29432010650634766
2581 2354 0.33739590644836426
2589 2482 0.28408223390579224
2590 2473 0.2856922745704651
2594 2345 0.2738053798675537
2598 2532 0.29348206520080566
2603 2471 0.3313901722431183
2606 2426 0.2728453576564789
2610 2533 0.2755342125892639
2613 2461 0.3796781003475189
2614 2423 0.3001353442668915
2616 2424 0.2647177577018738
2621 2555 0.2902759611606598
2623 2507 0.35846278071403503
2624 2516 0.3531181216239929
2625 2406 0.31150174140930176
2629 2382 0.29885435104370117
2632 2578 0.686454713344574
2635 2559 0.26199474930763245
2639 2556 0.3610558807849884
2640 2575 0.35052621364593506
2642 2603 0.3154740333557129
2644 2508 0.31895965337753296
2646 2444 0.30328601598739624
2649 2448 0.38793128728866577
2651 2601 0.2787768244743347
2652 2521 0.31037431955337524
2662 2445 0.37975814938545227
2664 2642 0.27195924520492554
2666 2602 0.41773197054862976
2670 2463 0.3128172755241394
2671 2484 0.2926536500453949
2676 2486 0.29974403977394104
2681 2643 0.29232728481292725
2688 2495 0.31094878911972046
2689 2613 0.26259034872055054
2710 2563 0.25961920619010925
2711 2462 0.34754011034965515
2713 2493 0.3273039162158966
2719 2569 0.31305333971977234
2729 2547 0.2881301939487457
2732 2541 0.2683459520339966
2734 2687 0.254215806722641
2735 2688 0.32789346575737
2739 2645 0.26767396926879883
2740 2646 0.2542286813259125
2742 2606 0.343027263879776
2743 2539 0.2759365439414978
2754 2538 0.30107393860816956
2767 2701 0.30357247591018677
2770 2706 0.3911838233470917
2775 2647 0.2732607126235962
2784 2737 0.49319905042648315
2785 2648 0.3821891248226166
2786 2628 0.29206979274749756
2788 2726 0.2699679434299469
2790 2702 0.2578003406524658
2791 2710 0.26501861214637756
2799 2654 0.37779882550239563
2813 2695 0.2878187596797943
2831 2763 0.3577978312969208
2846 2738 0.3156214952468872
2847 2775 0.32510605454444885
2848 2732 0.2613716125488281
2850 2694 0.35241296887397766
2852 2670 0.2581713795661926
2859 2784 0.5787500739097595
2861 2650 0.3137485384941101
2865 2669 0.32547521591186523
2869 2783 0.40856143832206726
2871 2697 0.3667028546333313
2872 2739 0.43563616275787354
2879 2896 0.4002302587032318
2880 2708 0.4845794141292572
2885 2764 0.29102879762649536
2887 2696 0.33966583013534546
2890 2740 0.3204994797706604
2895 2718 0.3476826548576355
2898 2707 0.2540864050388336
2900 2741 0.3227105140686035
2901 2698 0.26704293489456177
2907 2815 0.3096162974834442
2909 2747 0.40282803773880005
2911 2720 0.30193769931793213
2912 2748 0.40111103653907776
2913 2733 0.3163818418979645
2915 2751 0.27091526985168457
2920 2709 0.2598232924938202
2923 2823 0.4717857837677002
2924 2777 0.3251587748527527
2931 2765 0.33403676748275757
2932 2753 0.3344096839427948
2943 2839 0.3393702208995819
2947 2779 0.274955153465271
2948 2722 0.2525407671928406
2953 2787 0.27978867292404175
2956 2754 0.28490838408470154
2959 2917 0.37947791814804077
2961 2906 0.3415553867816925
2962 2774 0.2615528702735901
2965 3030 0.29897862672805786
2966 3031 0.2924073040485382
2976 2796 0.2785317897796631
2978 2799 0.3270820677280426
2984 2895 0.7195129990577698
2987 2828 0.3572826087474823
2996 2949 0.36995169520378113
2998 2938 0.2846566140651703
2999 2939 0.2564898133277893
3000 2918 0.30115148425102234
3006 3055 0.25588148832321167
3009 2950 0.2666197419166565
3010 2907 0.433745801448822
3013 2818 0.27995386719703674
3020 2824 0.347683310508728
3021 2869 0.2608046531677246
3022 2870 0.29248178005218506
3024 2829 0.30032432079315186
3031 3086 0.2519117593765259
3032 3087 0.25604453682899475
3036 2958 0.2757687270641327
3037 2951 0.3232640326023102
3043 3013 0.44546326994895935
3053 2887 0.2967413663864136
3062 3109 0.39028021693229675
3065 2983 0.33264026045799255
3066 3000 0.3547602593898773
3068 2886 0.364027202129364
3071 3044 0.36142244935035706
3072 3007 0.5042693614959717
3073 2838 0.41451990604400635
3076 2891 0.28033486008644104
3077 2892 0.27659735083580017
3081 2984 0.48121482133865356
3083 2940 0.31536123156547546
3085 2910 0.3042965531349182
3094 2941 0.4411051869392395
3095 2932 0.3915559649467468
3097 2933 0.29352402687072754
3100 3036 0.4808606505393982
3103 2924 0.3807724714279175
3107 2942 0.37283191084861755
3108 2963 0.37241294980049133
3109 2922 0.3039635717868805
3112 3046 0.2847684919834137
3113 2959 0.3562859892845154
3120 3057 0.5417868494987488
3122 2964 0.3869008421897888
3123 2965 0.5389623045921326
3124 3186 0.3354733884334564
3126 3058 0.30988335609436035
3127 3069 0.34754541516304016
3130 3216 0.31583407521247864
3132 3078 0.4677639901638031
3133 3037 0.3791736960411072
3134 2919 0.46678051352500916
3139 3135 0.42984697222709656
3140 3180 0.3179389238357544
3141 3089 0.3134390115737915
3142 2960 0.4178180396556854
3143 3207 0.36629149317741394
3147 3099 0.29209432005882263
3149 2986 0.4340391755104065
3150 2969 0.3971167802810669
3152 2989 0.35046836733818054
3154 3154 0.3486754596233368
3155 3119 0.3376137912273407
3156 3024 0.44049060344696045
3157 3025 0.3822857439517975
3158 3017 0.40649497509002686
3163 3178 0.30176210403442383
3166 3118 0.323491632938385
3170 2988 0.3188462257385254
3171 3073 0.3956451714038849
3175 3230 0.8396282196044922
3176 3179 0.3778078258037567
3177 3048 0.41656672954559326
3178 3038 0.2938615381717682
3179 3018 0.3234802186489105
3184 3194 0.29471108317375183
3186 3141 0.3076830208301544
3188 3071 0.4862616956233978
3196 3155 0.2786221206188202
3197 3060 0.42214325070381165
3207 3080 0.2607792615890503
3209 3081 0.25478595495224
3211 3049 0.2661091387271881
3219 3093 0.3788520097732544
3221 3063 0.2637883424758911
3222 3304 0.3535440266132355
3223 3248 0.3285410702228546
3224 3196 0.30970489978790283
3227 3092 0.2651996314525604
3233 3126 0.44053134322166443
3234 3113 0.2789802849292755
3235 3083 0.3289395570755005
3245 3238 0.3483510911464691
3246 3124 0.4015473425388336
3250 3138 0.30890345573425293
3253 3111 0.26006028056144714
3254 3102 0.2844216227531433
3266 3272 0.2839684784412384
3267 3137 0.3335980772972107
3279 3314 0.3084627687931061
3288 3190 0.36509352922439575
3295 3294 0.2565686106681824
3300 3467 0.2679227292537689
3304 3172 0.2906571328639984
3315 3173 0.3053564429283142
3317 3225 0.2972957193851471
3318 3188 0.48587092757225037
3319 3433 0.2965775728225708
3320 3342 0.7126083374023438
3331 3213 0.25946226716041565
3337 3516 0.2607141137123108
3340 3305 0.41906148195266724
3341 3316 0.3383203148841858
3342 3273 0.3664039671421051
3346 3218 0.26962316036224365
3348 3226 0.413686603307724
3352 3427 0.5729060769081116
3353 3320 0.3633231520652771
3357 3368 0.4593062698841095
3358 3199 0.3043595254421234
3359 3201 0.27899864315986633
3361 3574 0.32242998480796814
3365 3243 0.25754183530807495
3368 3262 0.3727693557739258
3371 3212 0.2819599509239197
3372 3234 0.319044828414917
3374 3450 0.4183076322078705
3382 3263 0.29904478788375854
3386 3643 0.5335922837257385
3388 3421 0.53087317943573
3390 3405 0.2529391944408417
3392 3309 0.39223578572273254
3393 3328 0.3833634853363037
3394 3285 0.4176594614982605
3396 3584 0.2566356658935547
3399 3489 0.2765551209449768
3403 3286 0.31187835335731506
3407 3517 0.2748759984970093
3408 3556 0.34633806347846985
3412 3327 0.35358449816703796
3414 3452 0.4089161455631256
3422 3589 0.37739983201026917
3429 3555 0.26202699542045593
3436 3357 0.34748342633247375
3440 3331 0.26318350434303284
3447 3477 0.3256705105304718
3459 3502 0.29212772846221924
3461 3371 0.3507947325706482
3464 3624 0.2891274690628052
3465 3587 0.2794553339481354
3477 3557 0.3094477653503418
3480 3376 0.26003846526145935
3483 3598 0.359727144241333
3485 3423 0.30232322216033936
3486 3400 0.32832401990890503
3488 3410 0.25292593240737915
3490 3672 0.26863476634025574
3500 3591 0.2736946940422058
3508 3445 0.37575823068618774
3509 3447 0.3253920376300812
3510 3455 0.44232428073883057
3513 3432 0.3445639908313751
3514 3703 0.3311968147754669
3519 3437 0.25124549865722656
3522 3762 0.3891700208187103
3524 3674 0.34689968824386597
3528 3532 0.5872751474380493
3542 3462 0.35983970761299133
3543 3435 0.2541396915912628
3544 3436 0.3069342076778412
3552 3438 0.28035464882850647
3557 3761 0.32082271575927734
3558 3748 0.289791077375412
3559 3796 0.3253123164176941
3560 3675 0.29402104020118713
3570 3478 0.34709790349006653
3579 3650 0.30049362778663635
3582 3481 0.42426660656929016
3589 3607 0.3116797208786011
3606 3512 0.2797192931175232
3607 3513 0.34125030040740967
3608 3514 0.38445600867271423
3609 3482 0.27563199400901794
3621 3521 0.2726859152317047
3624 3540 0.3547108769416809
3628 3832 0.3693150579929352
3630 3749 0.2626749873161316
3631 3684 0.34426310658454895
3632 3651 0.29172515869140625
3633 3655 0.2589626610279083
3657 3731 0.31867414712905884
3660 3547 0.2671789526939392
3661 3805 0.2853154242038727
3664 3732 0.40852832794189453
3666 3559 0.3794696033000946
3670 3539 0.2908886671066284
3676 3773 0.26828888058662415
3677 3716 0.2987423539161682
3681 3538 0.291228711605072
3682 3524 0.3396596908569336
3687 3875 0.26769620180130005
3688 3834 0.2679712772369385
3690 3742 0.29876428842544556
3691 3765 0.2588266134262085
3692 3754 0.3589615821838379
3696 3647 0.455439954996109
3699 3817 0.2597130537033081
3702 3728 0.29497483372688293
3704 3601 0.3057824969291687
3708 3835 0.31321069598197937
3716 3636 0.39132601022720337
3721 3614 0.32310378551483154
3724 3602 0.2584620714187622
3728 4161 0.2755936086177826
3729 3929 0.3219853341579437
3730 3930 0.27878984808921814
3747 3931 0.2758360505104065
3751 3821 0.27179279923439026
3752 3822 0.31625211238861084
3755 3603 0.26010221242904663
3761 3820 0.32831650972366333
3766 3612 0.25494295358657837
3769 4160 0.36820128560066223
3771 3962 0.3366457223892212
3772 3818 0.2630693316459656
3773 3844 0.3060252368450165
3779 3661 0.27420076727867126
3780 3682 0.250079870223999
3782 3618 0.3428398668766022
3786 4004 0.2687113881111145
3787 4042 0.3006148934364319
3791 3876 0.3013589084148407
3792 3905 0.28330305218696594
3795 3698 0.2785525321960449
3797 3665 0.4195769429206848
3801 3984 0.29662764072418213
3803 3856 0.2750760614871979
3805 3720 0.3190290033817291
3810 3915 0.36036717891693115
3811 3894 0.31736910343170166
3813 3734 0.4325866401195526
3814 3664 0.3893478512763977
3820 4070 0.34777316451072693
3825 3933 0.2622919976711273
3826 3934 0.289713978767395
3827 3943 0.28401559591293335
3830 3735 0.29906731843948364
3836 4005 0.44672638177871704
3840 3681 0.3387448489665985
3844 4056 0.5407276749610901
3851 4180 0.31598803400993347
3852 4006 0.2632206678390503
3859 3757 0.2646680474281311
3868 4081 0.3196536600589752
3869 3971 0.2984752357006073
3872 3954 0.274923175573349
3874 3918 0.3187863230705261
3876 3756 0.5117344260215759
3879 4122 0.3621601164340973
3884 3826 0.262023001909256
3892 4121 0.27888956665992737
3893 4009 0.39478883147239685
3894 4031 0.3449332118034363
3895 3988 0.3332648277282715
3897 3997 0.468995064496994
3900 3990 0.2553899884223938
3902 3775 0.45476895570755005
3903 3776 0.2655671238899231
3908 4082 0.30478447675704956
3926 3878 0.2560328245162964
3927 3847 0.5727246999740601
3931 4123 0.3647691607475281
3932 4083 0.3539448082447052
3937 4047 0.2617023289203644
3944 3865 0.2698894143104553
3945 3829 0.3048010468482971
3946 3867 0.2999138832092285
3952 4216 0.383766233921051
3955 4194 0.3046458661556244
3966 3883 0.2717546820640564
3967 3866 0.2831075191497803
3969 4086 0.3176564574241638
3974 3908 0.25789085030555725
3975 3899 0.6347748637199402
3976 3864 0.25616276264190674
3978 3882 0.26299935579299927
3979 3868 0.27375108003616333
3981 4407 0.31750988960266113
3982 4395 0.30465516448020935
3983 4173 0.30629441142082214
3984 4125 0.5249776244163513
3986 4126 0.3270527422428131
3990 3919 0.2609255611896515
3992 3884 0.3529679477214813
3993 3910 0.28952756524086
3996 4393 0.28930068016052246
3997 4394 0.296089231967926
3998 4234 0.29088839888572693
4004 4258 0.26875391602516174
4013 4145 0.33933234214782715
4019 4236 0.2648061513900757
4020 4181 0.7471433877944946
4029 4406 0.3130936324596405
4030 4204 0.41248390078544617
4035 3920 0.2521821856498718
4040 4164 0.42822709679603577
4042 3944 0.48199930787086487
4043 3958 0.44613203406333923
4049 4278 0.36306753754615784
4051 4195 0.31569644808769226
4052 4237 0.29999369382858276
4054 4165 0.6246106028556824
4058 4307 0.2651536166667938
4059 4176 0.4266141355037689
4061 4463 0.30811524391174316
4064 4300 0.3826793134212494
4065 4226 0.2793596684932709
4066 4196 0.33389121294021606
4068 3956 0.2943950593471527
4069 3975 0.295838862657547
4070 3976 0.27000656723976135
4071 3945 0.27040570974349976
4074 4206 0.30291831493377686
4079 4350 0.2774953842163086
4080 4268 0.33611705899238586
4085 4509 0.356057733297348
4086 4446 0.3490654230117798
4088 4326 0.34035617113113403
4090 4239 0.3245435059070587
4091 4240 0.3899654448032379
4094 4243 0.5716965794563293
4095 4245 0.3725106418132782
4096 4246 0.3021059036254883
4097 4227 0.2583080530166626
4101 4037 0.5423001646995544
4102 3978 0.4026947617530823
4104 4539 0.30013248324394226
4112 4244 0.4399721026420593
4122 4038 0.2642531394958496
4123 3993 0.3241274654865265
4126 4050 0.36203062534332275
4131 4555 0.34461361169815063
4133 4339 0.2944290339946747
4134 4365 0.26781442761421204
4137 4384 0.34734028577804565
4139 4340 0.2509550154209137
4148 4538 0.27929946780204773
4152 4423 0.30822664499282837
4154 4301 0.27246132493019104
4159 4078 0.2624764144420624
4162 4000 0.3145769536495209
4163 4021 0.45354801416397095
4164 4051 0.32423320412635803
4169 4212 0.25261184573173523
4171 4096 0.3860781490802765
4177 4466 0.3993552625179291
4179 4410 0.34594491124153137
4184 4289 0.32122379541397095
4191 4411 0.29979434609413147
4193 4342 0.4841221272945404
4196 4119 0.2531571090221405
4200 4341 0.4025430977344513
4204 4333 0.2822723090648651
4218 4400 0.32280871272087097
4219 4352 0.5096114873886108
4222 4401 0.25572389364242554
4229 4135 0.39018380641937256
4232 4452 0.30316802859306335
4233 4426 0.3027794063091278
4234 4369 0.3827282190322876
4238 4335 0.26178595423698425
4239 4157 0.34239453077316284
4240 4167 0.2845708429813385
4241 4158 0.3060765862464905
4242 4570 0.42834964394569397
4253 4521 0.25588902831077576
4255 4476 0.4003543257713318
4256 4479 0.2574261724948883
4258 4334 0.3428686559200287
4267 4136 0.36730101704597473
4268 4149 0.34414198994636536
4270 4515 0.30286547541618347
4276 4478 0.25389334559440613
4277 4427 0.30842041969299316
4280 4415 0.3014480173587799
4285 4150 0.25941625237464905
4291 4590 0.3826267719268799
4298 4213 0.4138930141925812
4305 4416 0.2798401713371277
4307 4600 0.34791550040245056
4308 4512 0.27032577991485596
4311 4413 0.3287360370159149
4319 4230 0.2519461214542389
4320 4190 0.3336986303329468
4325 4442 0.25265738368034363
4327 4428 0.30367758870124817
4333 4214 0.273754745721817
4337 4449 0.284473180770874
4343 4263 0.2771322727203369
4346 4487 0.3126624822616577
4355 4513 0.3171917796134949
4356 4481 0.314191073179245
4357 4488 0.37715408205986023
4360 4456 0.2527834177017212
4372 4527 0.3430171310901642
4379 4531 0.4795682728290558
4380 4517 0.2638152539730072
4383 4545 0.5936505794525146
4384 4535 0.6476268172264099
4385 4489 0.25223076343536377
4388 4546 0.27419447898864746
4389 4523 0.2547740340232849
4390 4524 0.3717816472053528
4400 4553 0.3646940290927887
4403 4561 0.4033227562904358
4406 4721 0.3095180094242096
4418 4562 0.285743772983551
4428 4741 0.46348997950553894
4430 4573 0.29609036445617676
4433 4585 0.2758807837963104
4459 4651 0.2806614637374878
4469 4776 0.33310914039611816
4482 4792 0.2681461572647095
4488 4746 0.29657870531082153
4504 4826 0.452383816242218
4505 4832 0.3651432991027832
4506 4705 0.254193514585495
4507 4709 0.27665960788726807
4512 4689 0.2807811498641968
4516 4839 0.2710948884487152
4517 4850 0.288803368806839
4520 4840 0.2855476140975952
4521 4855 0.2632071077823639
4522 4856 0.3272508680820465
4523 4849 0.2560909390449524
4529 4714 0.25119900703430176
4530 4736 0.36173000931739807
4536 4726 0.39375895261764526
4539 4872 0.3518454432487488
4542 4732 0.29973718523979187
4546 4885 0.5327436327934265
4547 4860 0.2942202091217041
4548 4744 0.3632372319698334
4553 4748 0.30530551075935364
4557 4905 0.8063536286354065
4558 4902 0.4165075421333313
4559 4891 0.2606949806213379
4560 4764 0.3311690390110016
4564 4785 0.2705664336681366
4570 4793 0.3072625398635864
4571 4788 0.34583374857902527
4572 4789 0.31953418254852295
4574 4915 0.2646932899951935
4575 4921 0.33577263355255127
4576 4897 0.27801749110221863
4577 4794 0.2527790665626526
4585 4920 0.2839227020740509
4592 4930 0.2663153111934662
4599 4803 0.25351178646087646
4601 4817 0.26896390318870544
4607 4818 0.34840989112854004
4624 4819 0.3572182059288025
4628 4846 0.3256683349609375
4629 4810 0.2877155840396881
4640 4834 0.2544860541820526
4643 4845 0.27484244108200073
4653 4857 0.2711147964000702
4659 4965 0.34682756662368774
4662 4870 0.3199412524700165
4706 5010 0.46087270975112915
4710 5008 0.3443251848220825
4715 5035 0.37668606638908386
4717 5034 0.2861388921737671
4718 5045 0.4034143388271332
4719 5047 0.38468557596206665
4721 5049 0.2548007667064667
4722 5050 0.25815510749816895
4725 5052 0.25816571712493896
4726 5053 0.2664334177970886
4727 5055 0.4951595962047577
4730 5060 0.291628360748291
4732 5048 0.3331180214881897
