3256
0 5 0.8107953071594238
1 15 0.7095181345939636
6 9 0.26633918285369873
8 18 0.27324116230010986
9 10 0.28519245982170105
11 19 0.25501689314842224
20 44 0.30658578872680664
22 48 0.29122620820999146
24 49 0.279386043548584
25 50 0.4968630075454712
26 51 0.3047827184200287
27 52 0.2609250545501709
28 57 0.6644464135169983
29 59 0.9771490097045898
30 60 0.30532383918762207
31 58 0.2885690927505493
32 62 0.39676323533058167
33 61 0.29327836632728577
34 56 0.40047767758369446
35 63 0.3245401084423065
36 66 0.4423335790634155
38 69 0.49286288022994995
39 71 0.436994731426239
40 72 0.3974619507789612
43 74 0.3322274684906006
46 80 0.3975684642791748
47 81 0.45810240507125854
49 77 0.3055029809474945
50 79 0.46720224618911743
51 82 0.3111831545829773
52 83 0.25145235657691956
53 84 0.28788766264915466
54 85 0.25474488735198975
55 88 0.2543732225894928
56 86 0.3226059079170227
57 89 0.28904035687446594
63 98 0.46873170137405396
64 92 0.3530941903591156
66 95 0.42132118344306946
67 96 0.4516944885253906
69 102 0.41064661741256714
70 99 0.3198176920413971
71 101 0.2717691957950592
72 104 0.3688901960849762
74 94 0.37482839822769165
75 97 0.2857470214366913
76 100 0.3142654001712799
77 108 0.34976819157600403
78 105 0.2794569134712219
79 106 0.3592502772808075
80 107 0.4230847656726837
82 111 0.36344408988952637
85 109 0.2669721245765686
87 112 0.3782021999359131
88 117 0.3177591860294342
92 114 0.34079140424728394
93 116 0.28793051838874817
96 122 0.273451030254364
97 119 0.4392032325267792
98 125 0.2872218191623688
103 128 0.774594247341156
104 130 0.3513568937778473
105 126 0.2878851890563965
112 142 0.6996628046035767
113 150 0.37099429965019226
119 136 0.6866426467895508
120 137 0.5167666673660278
121 135 0.3165055513381958
122 144 0.46545448899269104
123 147 0.6006162762641907
124 140 0.2822050154209137
125 143 0.6228035688400269
126 149 0.40633296966552734
127 156 0.4157337248325348
131 154 0.6294344663619995
132 155 0.3227013051509857
134 152 0.5302765965461731
135 141 0.29445937275886536
136 159 0.5810557007789612
137 160 0.43768543004989624
138 172 0.33948835730552673
140 161 0.346380352973938
143 179 0.3044126331806183
144 167 0.4216757118701935
145 168 0.3949281573295593
146 169 0.47843265533447266
147 178 0.9845631122589111
150 176 0.5431593656539917
151 177 0.27089613676071167
152 185 0.296698659658432
154 166 0.4815995395183563
156 181 0.3496101200580597
157 182 0.4026690423488617
158 183 0.47517189383506775
159 184 0.561364471912384
160 190 0.4104958474636078
161 191 0.6033300161361694
164 188 0.31370964646339417
165 187 0.49023863673210144
166 198 0.31827840209007263
167 194 0.34284085035324097
170 193 0.3619774580001831
171 189 0.33393675088882446
172 196 0.34658950567245483
173 192 0.4850718379020691
174 204 0.5031026005744934
175 200 0.46798086166381836
180 211 0.3638803958892822
182 207 0.2982325255870819
183 218 0.3855023682117462
186 223 0.4522418975830078
187 216 0.32767996191978455
188 228 0.40324893593788147
190 224 0.3774527311325073
191 225 0.34616801142692566
192 219 0.8923853039741516
193 220 0.45038899779319763
194 217 0.28445690870285034
195 235 0.4875270426273346
196 214 0.2518104016780853
199 230 0.3181852400302887
200 231 0.31098198890686035
202 234 0.28413885831832886
203 240 0.3299786150455475
205 233 0.3013126254081726
211 247 0.38659176230430603
213 257 0.5679150223731995
214 248 0.37824368476867676
215 243 0.37495851516723633
216 258 0.6033990383148193
218 249 0.26729974150657654
220 237 0.4443935751914978
221 262 0.6373504400253296
222 261 0.3454810082912445
223 269 0.589911699295044
226 268 0.5695025324821472
228 266 0.4037449359893799
229 276 0.2792682945728302
233 272 0.2930714786052704
235 253 0.49694639444351196
237 277 0.2861446440219879
238 274 0.3379008173942566
244 273 0.5940849781036377
247 287 0.821922779083252
250 278 0.29871758818626404
253 284 0.34342923760414124
254 289 0.3299804925918579
256 280 0.34122133255004883
258 290 0.40108922123908997
260 292 0.3158904016017914
269 331 0.49783486127853394
270 299 0.6116743683815002
271 300 0.3910543918609619
277 306 0.3633463680744171
278 301 0.4072244465351105
279 296 0.4359545111656189
280 307 0.8668072819709778
282 305 0.3052120506763458
285 308 0.39396214485168457
288 318 0.38515031337738037
289 312 0.40585196018218994
292 304 0.2975694537162781
294 320 0.7785646319389343
295 311 0.4542362689971924
299 295 0.36291036009788513
300 310 0.2598193287849426
309 321 0.5270097255706787
310 326 0.5259864330291748
311 298 0.5430573225021362
317 344 0.5025827884674072
318 348 0.3852917551994324
319 349 0.35668885707855225
320 350 0.3993689715862274
322 324 0.2575857937335968
323 355 0.28586751222610474
326 345 0.5002196431159973
327 346 0.47563207149505615
328 347 0.38904646039009094
329 332 0.26832854747772217
330 356 0.3041990399360657
331 352 0.27281102538108826
332 353 0.310813307762146
335 325 0.27848052978515625
336 362 0.25810563564300537
337 363 0.33792853355407715
338 317 0.4695974588394165
342 333 0.30263015627861023
349 303 0.27894914150238037
350 382 0.43712228536605835
352 360 0.4447212815284729
354 367 0.25848644971847534
358 379 0.551766037940979
360 380 0.2656329870223999
362 383 0.4397355020046234
363 374 0.41786545515060425
364 412 0.2700093984603882
366 391 0.4789137840270996
370 357 0.32137393951416016
372 399 0.28241392970085144
374 396 0.939391553401947
378 381 0.303382933139801
379 397 0.3639782667160034
380 366 0.33917704224586487
384 415 0.45418688654899597
385 402 0.27183011174201965
387 417 0.35515937209129333
388 403 0.5595114231109619
389 404 0.35522136092185974
390 406 0.5347568392753601
391 407 0.465289831161499
392 422 0.6260227560997009
393 398 0.2741340696811676
394 408 0.2914256751537323
395 386 0.3557179868221283
398 414 0.48171621561050415
399 420 0.34118685126304626
400 424 0.4402558207511902
402 430 0.3681093156337738
404 434 0.31426841020584106
405 442 0.343095988035202
409 405 0.33328548073768616
410 421 0.42644575238227844
411 449 0.6492130160331726
412 435 0.29258081316947937
413 450 0.32856741547584534
414 423 0.3438814878463745
415 437 0.3685656189918518
416 438 0.2749764025211334
417 453 0.6919680237770081
419 443 0.5798677206039429
421 444 0.28373703360557556
422 445 0.28274649381637573
424 477 0.3843584954738617
425 427 0.2568552792072296
426 428 0.3266827166080475
428 411 0.3793531060218811
429 458 0.36180350184440613
430 385 0.39737439155578613
431 426 0.3546195328235626
432 429 0.34278005361557007
433 463 0.8067097663879395
438 413 0.4560106098651886
439 433 0.27868935465812683
440 485 0.4666643440723419
444 451 0.4125247895717621
445 461 0.45302796363830566
446 452 0.7212813496589661
449 464 0.3122006356716156
451 470 0.4063073992729187
452 471 0.675457239151001
453 474 0.6220882534980774
455 475 0.4024467468261719
458 467 0.29348260164260864
459 460 0.2581580877304077
462 441 0.28944334387779236
463 495 0.31563323736190796
464 486 0.3509131968021393
465 466 0.307405561208725
466 473 0.312901109457016
468 489 0.33724790811538696
470 462 0.4742799997329712
471 497 0.4613102376461029
472 469 0.3346824645996094
474 510 0.2913970649242401
475 494 0.4512195885181427
476 476 0.3076196312904358
477 479 0.553497850894928
478 506 0.2804153263568878
482 500 0.4006235897541046
483 501 0.2994934618473053
485 523 0.2714718282222748
486 493 0.2692544460296631
490 488 0.33081579208374023
492 504 0.2776409685611725
493 515 0.2626156210899353
494 522 0.34793439507484436
495 498 0.34929150342941284
496 508 0.318373441696167
500 519 0.2564949691295624
501 514 0.4274204671382904
502 546 0.27221664786338806
503 530 0.4958471655845642
504 535 0.2774869203567505
505 499 0.4305514097213745
507 552 0.4283251166343689
508 517 0.6068980693817139
509 513 0.611376941204071
510 503 0.35567015409469604
511 557 0.3660910129547119
512 528 0.26774725317955017
514 524 0.4423867166042328
515 531 0.28743118047714233
518 509 0.41322410106658936
520 540 0.44070109724998474
521 534 0.3888491094112396
523 487 0.37765976786613464
524 543 0.40642598271369934
525 536 0.4205423891544342
526 512 0.4380144774913788
527 561 0.3111030161380768
528 521 0.3320453464984894
529 567 0.28177258372306824
530 541 0.6527392268180847
531 542 0.4083826243877411
533 571 0.2608339786529541
536 527 0.32073768973350525
537 502 0.37854644656181335
539 549 0.9166876673698425
540 550 0.39035093784332275
541 551 0.39694148302078247
544 555 0.31384190917015076
545 556 0.5127837657928467
547 574 0.28306081891059875
548 575 0.2674655020236969
549 576 0.2778104841709137
550 583 0.27909842133522034
552 539 0.38043272495269775
553 560 0.6700448393821716
554 544 0.5103678107261658
555 554 0.26299309730529785
558 591 0.3039679229259491
559 569 0.7749873399734497
560 584 0.32167014479637146
561 548 0.5304187536239624
563 562 0.34160324931144714
564 563 0.26473695039749146
567 600 0.4069810211658478
569 592 0.3331564664840698
570 593 0.4066675305366516
571 505 0.4772009253501892
572 532 0.270236611366272
573 559 0.44587215781211853
574 577 0.3405168950557709
575 586 0.3110350966453552
577 573 0.3737454116344452
578 565 0.3943064510822296
581 570 0.3311927020549774
582 585 0.47966113686561584
585 581 0.3514440059661865
586 630 0.33564072847366333
590 597 0.4198663532733917
591 605 0.45831215381622314
592 606 0.4912514090538025
593 607 0.5282526016235352
594 572 0.3894648253917694
598 617 0.49247899651527405
599 619 0.40121471881866455
600 596 0.3730549216270447
601 608 0.3814302980899811
605 588 0.26240232586860657
607 602 0.419079065322876
608 614 0.448516309261322
609 615 0.2903742492198944
610 594 0.43954893946647644
611 595 0.31399697065353394
612 604 0.7378926277160645
615 621 0.34895655512809753
616 611 0.3191002309322357
617 612 0.2581602931022644
619 618 0.4024263918399811
620 631 0.293411523103714
621 625 0.29421401023864746
622 640 0.3429523706436157
623 627 0.5914393663406372
626 623 0.35397079586982727
628 638 0.25526970624923706
629 639 0.39426395297050476
630 626 0.37290269136428833
631 628 0.629769504070282
632 634 0.5439701080322266
634 649 0.3499356806278229
635 650 0.27154019474983215
638 652 0.31919610500335693
641 655 0.38596659898757935
642 656 0.49331241846084595
643 635 0.6073102951049805
644 636 0.5254198908805847
647 669 0.3911670446395874
648 670 0.34521621465682983
649 671 0.4577093720436096
652 646 0.42831531167030334
653 675 0.43499642610549927
654 653 0.25957563519477844
655 647 0.3963967263698578
656 642 0.4237017333507538
657 637 0.2514619529247284
659 645 0.44830676913261414
660 664 0.3589749336242676
662 661 0.34539470076560974
663 682 0.4195685386657715
664 651 0.7078136801719666
666 721 0.284694641828537
667 654 0.27263832092285156
668 666 0.48511162400245667
671 683 0.2791340947151184
672 673 0.6450293660163879
673 663 0.5351496338844299
674 674 0.558954656124115
676 677 0.3069816529750824
677 678 0.26470690965652466
681 643 0.4518358111381531
682 699 0.4090811312198639
683 714 0.37749773263931274
684 672 0.37904390692710876
685 644 0.36741313338279724
686 684 0.31061357259750366
688 700 0.4127829670906067
689 701 0.40713903307914734
690 692 0.26757264137268066
692 693 0.2935341000556946
694 688 0.7687458992004395
697 676 0.533730685710907
699 703 0.3638477623462677
700 704 0.5003851652145386
701 695 0.34559208154678345
702 732 0.3788415193557739
704 709 0.48595574498176575
705 711 0.34217482805252075
708 718 0.30600449442863464
709 731 0.34219735860824585
710 740 0.31521719694137573
712 722 0.30459821224212646
713 733 0.3403204679489136
714 746 0.4562833607196808
715 691 0.37278854846954346
718 705 0.38390496373176575
719 719 0.4180416166782379
720 720 0.4141239821910858
721 741 0.3715215027332306
723 734 0.34765511751174927
724 724 0.7453470826148987
727 712 0.2619437873363495
729 769 0.4977830946445465
731 748 0.46462029218673706
733 750 0.3325546085834503
734 751 0.27836132049560547
737 685 0.30376100540161133
738 686 0.25870004296302795
739 687 0.3252260684967041
741 710 0.32238322496414185
742 777 0.44219058752059937
743 780 0.4485774636268616
745 726 0.26007789373397827
748 735 0.35274046659469604
750 754 0.49555879831314087
751 742 0.3441639840602875
752 744 0.27726101875305176
757 795 0.43782946467399597
758 781 0.3957957327365875
759 747 0.3945344090461731
760 763 0.5074228644371033
763 756 0.3384765088558197
765 782 0.42034071683883667
766 825 0.4911230802536011
767 797 0.2952675223350525
768 784 0.5270634889602661
769 785 0.40388551354408264
770 749 0.35244253277778625
772 787 0.2848081588745117
776 792 0.3441518247127533
777 810 0.41173166036605835
778 811 0.39517492055892944
780 759 0.4040272831916809
782 761 0.2847573757171631
784 770 0.3416215181350708
786 694 0.28655725717544556
787 706 0.45166951417922974
788 803 0.5300915837287903
789 805 0.3662967085838318
790 806 0.49825140833854675
791 809 0.45301714539527893
792 774 0.268869549036026
794 818 0.3844028413295746
796 783 0.5531437397003174
797 812 0.49797967076301575
798 813 0.4341745674610138
799 800 0.45575931668281555
800 786 0.3872574269771576
804 804 0.4937162399291992
806 808 0.48809459805488586
807 772 0.47463566064834595
808 773 0.3029131293296814
811 826 0.31932398676872253
813 820 0.294110506772995
816 821 0.36023902893066406
817 790 0.3944760859012604
818 791 0.37404313683509827
820 815 0.31783556938171387
822 836 0.48664721846580505
824 796 0.28984248638153076
825 798 0.3324027359485626
826 829 0.3730844557285309
827 831 0.3594874441623688
828 833 0.45843586325645447
829 844 0.41887369751930237
831 848 0.4256160855293274
833 819 0.4607430696487427
834 801 0.2666042149066925
837 839 0.27341580390930176
838 856 0.2851731479167938
839 814 0.40224337577819824
840 828 0.38021257519721985
842 841 0.3983882963657379
845 835 0.7398889064788818
847 816 0.2721644937992096
849 778 0.3757936954498291
850 845 0.2936418950557709
851 877 0.30571863055229187
852 855 0.4991569519042969
853 879 0.509890079498291
854 846 0.3652363121509552
855 847 0.43079084157943726
856 849 0.314738392829895
859 854 0.30630582571029663
861 901 0.32950595021247864
864 850 0.3827497661113739
865 851 0.4243738353252411
866 827 0.5262332558631897
867 853 0.34744498133659363
868 858 0.42386743426322937
869 860 0.6465635299682617
870 861 0.34374380111694336
871 867 0.4470869302749634
872 872 0.6983721852302551
875 852 0.43562495708465576
876 857 0.42927220463752747
878 869 0.32035526633262634
879 862 0.34801337122917175
880 871 0.4553266167640686
884 875 0.258060097694397
887 878 0.648158848285675
889 865 0.44419145584106445
890 894 0.36112406849861145
891 884 0.32492348551750183
892 898 0.6279900670051575
894 889 0.2675792872905731
896 881 0.35953816771507263
897 882 0.3803681433200836
898 896 0.36322301626205444
899 897 0.30884838104248047
900 859 0.3340635299682617
901 883 0.3404802083969116
902 944 0.373578280210495
903 888 0.28358227014541626
906 908 0.49544253945350647
907 902 0.4250863194465637
908 891 0.3549731373786926
909 788 0.3783670663833618
910 866 0.4158986806869507
911 838 0.3274875283241272
913 893 0.25237321853637695
914 903 0.25660139322280884
915 895 0.4855513274669647
916 840 0.35898998379707336
917 926 0.2814953923225403
918 886 0.30111098289489746
920 905 0.2850111126899719
921 919 0.3760296106338501
922 907 0.6754552721977234
924 924 0.4058306813240051
925 913 0.3336464464664459
926 904 0.27215877175331116
929 916 0.368178129196167
930 917 0.5795061588287354
931 918 0.39085566997528076
932 933 0.508152186870575
933 922 0.41895878314971924
934 923 0.44291695952415466
937 914 0.423397958278656
938 951 0.285209059715271
941 954 0.2952427566051483
942 906 0.3675725758075714
943 956 0.3181794583797455
944 890 0.5086210370063782
945 946 0.5678072571754456
946 964 0.5126703381538391
947 934 0.35715451836586
948 920 0.7732037901878357
949 921 0.2681857943534851
951 948 0.33326610922813416
954 910 0.28247401118278503
957 927 0.37102967500686646
958 937 0.4098043143749237
961 941 0.30436185002326965
963 930 0.5631263852119446
964 931 0.42442482709884644
965 932 0.38811036944389343
968 949 0.3819843530654907
969 938 0.41583362221717834
970 952 0.4738274812698364
972 942 0.4530106782913208
974 976 0.4244515299797058
977 950 0.377440869808197
978 981 0.405342161655426
981 1009 0.5846726894378662
982 978 0.33505675196647644
983 971 0.38105618953704834
985 961 0.3784342110157013
986 972 0.26771584153175354
989 929 0.276499480009079
991 965 0.4736115336418152
992 1015 0.4707704782485962
993 939 0.2996840178966522
995 987 0.30703872442245483
996 988 0.3615603446960449
997 947 0.3706905245780945
998 980 0.439810574054718
999 984 0.40440621972084045
1001 997 0.3945031762123108
1003 967 0.5733733773231506
1004 1030 0.35677868127822876
1005 1001 0.2863466441631317
1007 992 0.3530527949333191
1008 975 0.25455716252326965
1012 998 0.48697128891944885
1013 989 0.5376880764961243
1014 999 0.5678836107254028
1017 1016 0.3160567283630371
1018 1018 0.306789368391037
1022 993 0.30103978514671326
1023 994 0.2617068290710449
1025 1057 0.38331449031829834
1027 1020 0.4064461588859558
1028 1021 0.5414841771125793
1029 1010 0.41420692205429077
1030 979 0.38113322854042053
1031 960 0.4636743366718292
1032 1031 0.435229629278183
1033 986 0.3194110691547394
1034 1008 0.31898581981658936
1035 969 0.37542688846588135
1036 958 0.2904645502567291
1037 1053 0.6687692999839783
1038 1032 0.3785107135772705
1040 1033 0.9611157178878784
1042 1035 0.418974369764328
1049 1024 0.4633171856403351
1051 959 0.31333768367767334
1054 1071 0.2962937355041504
1057 1043 0.32498639822006226
1058 1036 0.31948572397232056
1059 1037 0.3558567762374878
1060 1044 0.2851563096046448
1065 1059 0.28387749195098877
1066 1062 0.4588693380355835
1068 1050 0.33578383922576904
1070 1055 0.30510175228118896
1071 1070 0.3670600950717926
1074 1078 0.4289718270301819
1075 1060 0.3702930212020874
1077 1067 0.39801347255706787
1078 1014 0.2605234980583191
1079 1029 0.35341155529022217
1080 1041 0.27278345823287964
1082 1154 0.43863314390182495
1084 1089 0.3132549226284027
1085 1090 0.3597377836704254
1086 1091 0.40640661120414734
1089 1046 0.27329641580581665
1090 1007 0.2581031918525696
1092 1061 0.42310088872909546
1093 1065 0.3697975277900696
1095 1013 0.29260537028312683
1096 1097 0.48452720046043396
1097 1098 0.3760475218296051
1098 1099 0.336345374584198
1099 1087 0.2549147605895996
1105 1064 0.37232843041419983
1106 1026 0.2515590786933899
1108 1088 0.45735812187194824
1109 1109 0.44597166776657104
1112 1114 0.4626076817512512
1114 1066 0.5024567246437073
1115 1105 0.27453699707984924
1117 1028 0.3547528088092804
1119 1069 0.35656946897506714
1120 1106 0.3721228837966919
1121 1086 0.3707934021949768
1125 1119 0.47332343459129333
1132 1113 0.2762364447116852
1135 1012 0.4504912197589874
1136 1083 0.36621010303497314
1139 1129 0.32107219099998474
1140 1107 0.40338394045829773
1141 1130 0.436318039894104
1146 1111 0.40281420946121216
1147 1081 0.27138227224349976
1148 1104 0.4161434769630432
1149 1120 0.3216097056865692
1150 1131 0.34116700291633606
1151 1108 0.2975146770477295
1152 1134 0.3033091425895691
1154 1148 0.39653587341308594
1155 1137 0.44782817363739014
1156 1115 0.4327925443649292
1157 1052 0.27848586440086365
1158 1157 0.501972496509552
1159 1159 0.3534476161003113
1162 1136 0.25537464022636414
1163 1151 0.5869739055633545
1164 1123 0.6339944005012512
1165 1124 0.4790348410606384
1167 1155 0.3416035771369934
1173 1149 0.30173245072364807
1174 1190 0.30659282207489014
1175 1175 0.5038813948631287
1176 1139 0.474347859621048
1177 1153 0.462651789188385
1178 1141 0.5785707235336304
1185 1207 0.2686019837856293
1186 1150 0.3357902467250824
1188 1152 0.381151407957077
1189 1166 0.8891215920448303
1190 1096 0.4155592918395996
1191 1178 0.5355064868927002
1193 1187 0.27770930528640747
1195 1232 0.3013436794281006
1197 1185 0.42669105529785156
1200 1203 0.3850790560245514
1201 1165 0.624215841293335
1205 1193 0.2532254457473755
1206 1194 0.2583464980125427
1207 1216 0.2630738615989685
1208 1196 0.28496408462524414
1210 1189 0.2801058292388916
1212 1199 0.5338238477706909
1214 1200 0.4427686929702759
1215 1201 0.5047538876533508
1216 1202 0.4143187403678894
1217 1174 0.4575880467891693
1218 1167 0.2931511402130127
1220 1192 0.25428906083106995
1221 1127 0.41270503401756287
1222 1180 0.4680982530117035
1223 1224 0.5834801197052002
1224 1218 0.275197833776474
1225 1219 0.3081272840499878
1227 1164 0.41529741883277893
1228 1210 0.5261589884757996
1229 1117 0.27006372809410095
1230 1140 0.4024486541748047
1232 1183 0.2849801182746887
1234 1225 0.29121899604797363
1235 1226 0.26881876587867737
1236 1242 0.30407026410102844
1238 1227 0.28141459822654724
1242 1212 0.36370033025741577
1249 1177 0.6342877149581909
1250 1208 0.3217011094093323
1251 1233 0.4595108926296234
1252 1235 0.2652355432510376
1253 1236 0.284387469291687
1254 1176 0.2719320058822632
1255 1222 0.4115903377532959
1256 1205 0.3733638525009155
1257 1229 0.5276695489883423
1258 1239 0.37661638855934143
1259 1248 0.422919362783432
1260 1230 0.33677995204925537
1261 1231 0.3790384829044342
1262 1237 0.2707308530807495
1264 1273 0.5323256850242615
1265 1247 0.313306599855423
1266 1249 0.36059442162513733
1267 1234 0.5258520245552063
1268 1244 0.519169807434082
1269 1254 0.476766973733902
1273 1256 0.4155929982662201
1276 1257 0.31471529603004456
1277 1263 0.37589406967163086
1279 1264 0.3510279953479767
1280 1265 0.26305854320526123
1282 1240 0.6436007618904114
1283 1258 0.4101835787296295
1284 1271 0.35603225231170654
1285 1255 0.3326948285102844
1286 1261 0.3942541778087616
1290 1184 0.4798317849636078
1291 1262 0.4043498933315277
1292 1252 0.49497073888778687
1293 1274 0.44768214225769043
1294 1259 0.3582878112792969
1295 1270 0.4464665651321411
1296 1272 0.6762874126434326
1297 1260 0.48967280983924866
1299 1276 0.34611088037490845
1300 1250 0.36854347586631775
1302 1279 0.4410652220249176
1303 1284 0.7183158993721008
1304 1303 0.3873896598815918
1305 1298 0.47410908341407776
1306 1299 0.4217207431793213
1307 1300 0.37986427545547485
1308 1275 0.39825722575187683
1310 1277 0.2910207509994507
1311 1287 0.6734606623649597
1312 1278 0.30015623569488525
1314 1306 0.3672932982444763
1315 1289 0.3864881694316864
1316 1283 0.5049854516983032
1317 1294 0.4336022734642029
1318 1296 0.3919680416584015
1319 1297 0.43812641501426697
1321 1308 0.4116676449775696
1322 1268 0.356113076210022
1324 1285 0.427791565656662
1325 1310 0.36169931292533875
1326 1288 0.4489540755748749
1327 1304 0.32586905360221863
1329 1329 0.3513374626636505
1331 1320 0.3702598214149475
1332 1321 0.30795514583587646
1333 1323 0.4072326123714447
1335 1309 0.6124051213264465
1336 1215 0.35517019033432007
1337 1293 0.3021205961704254
1339 1313 0.5477337837219238
1340 1314 0.5357256531715393
1341 1315 0.3308577537536621
1342 1316 0.31302496790885925
1343 1317 0.26857173442840576
1345 1322 0.36189356446266174
1347 1324 0.3025522232055664
1348 1286 0.35818976163864136
1349 1336 0.3393906056880951
1351 1351 0.31463396549224854
1352 1292 0.26946020126342773
1353 1330 0.4069061279296875
1355 1319 0.4724210500717163
1357 1356 0.4767424166202545
1358 1350 0.37880179286003113
1359 1325 0.3214171528816223
1362 1345 0.36701422929763794
1363 1347 0.7316609621047974
1364 1348 0.54685378074646
1365 1349 0.6636332869529724
1366 1339 0.6234096884727478
1369 1335 0.6576253771781921
1371 1332 0.4453243911266327
1372 1342 0.41440802812576294
1373 1343 0.28671443462371826
1375 1357 0.26210495829582214
1377 1352 0.3070053458213806
1379 1371 0.5987101793289185
1380 1353 0.279680073261261
1384 1366 0.8299506902694702
1385 1367 0.3827880918979645
1386 1369 0.360866904258728
1387 1360 0.4281049966812134
1389 1361 0.287740558385849
1390 1341 0.4453706741333008
1391 1374 0.3931589424610138
1393 1338 0.42145538330078125
1400 1337 0.4808441400527954
1403 1384 0.3422965705394745
1404 1368 0.28859275579452515
1405 1463 0.3351299464702606
1406 1385 0.26509520411491394
1409 1377 0.4020865261554718
1410 1372 0.40424656867980957
1413 1382 0.9065671563148499
1414 1392 0.34224891662597656
1415 1393 0.2730989158153534
1416 1386 0.4198347330093384
1417 1396 0.5711102485656738
1419 1387 0.2686770260334015
1421 1379 0.3559372127056122
1424 1395 0.4662421941757202
1425 1400 0.3348388969898224
1426 1401 0.3319563567638397
1427 1388 0.5578022599220276
1429 1344 0.41908785700798035
1431 1363 0.3185155689716339
1432 1364 0.5594852566719055
1433 1391 0.2936267852783203
1435 1440 0.2979576289653778
1437 1449 0.2813239097595215
1438 1402 0.34304460883140564
1439 1403 0.5291733145713806
1440 1417 0.44971856474876404
1441 1413 0.25399577617645264
1442 1390 0.3885725736618042
1443 1426 0.2798607051372528
1444 1419 0.4809569716453552
1445 1454 0.3680001497268677
1446 1429 0.6910625100135803
1447 1421 0.270616739988327
1449 1443 0.35548195242881775
1450 1444 0.6260215640068054
1451 1418 0.45778578519821167
1452 1420 0.4127042293548584
1453 1389 0.45508089661598206
1454 1459 0.3169417381286621
1457 1460 0.40484419465065
1458 1445 0.6696487665176392
1459 1470 0.3015667498111725
1461 1451 0.4506605267524719
1463 1423 0.34896188974380493
1464 1439 0.9553548693656921
1465 1461 0.4527493715286255
1466 1409 0.4993007183074951
1469 1428 0.3158397972583771
1470 1457 0.30612388253211975
1471 1414 0.3290157914161682
1473 1442 0.5351629257202148
1474 1492 0.4196549952030182
1475 1452 0.5949972867965698
1478 1453 0.4536678194999695
1481 1455 0.2704034149646759
1482 1456 0.4141603112220764
1483 1489 0.3872814476490021
1484 1477 0.7799327373504639
1485 1508 0.4460409879684448
1488 1433 0.33493342995643616
1489 1471 0.32693392038345337
1490 1467 0.3559294044971466
1492 1458 0.3890078663825989
1493 1478 0.5343642830848694
1494 1507 0.3164059817790985
1495 1490 0.3665797710418701
1496 1493 0.8529707789421082
1497 1466 0.45126476883888245
1498 1483 0.39009860157966614
1499 1472 0.30998265743255615
1500 1473 0.37569552659988403
1501 1474 0.33273351192474365
1505 1488 0.9293411374092102
1506 1506 0.25305235385894775
1508 1494 0.358914315700531
1509 1498 0.4237053692340851
1510 1482 0.45161521434783936
1511 1504 0.3899646997451782
1512 1484 0.2760431468486786
1513 1505 0.4466322362422943
1514 1521 0.34000450372695923
1516 1486 0.4355011582374573
1517 1517 0.7197661995887756
1519 1432 0.3620837926864624
1523 1513 0.44299763441085815
1525 1503 0.3030122220516205
1527 1487 0.2628982961177826
1528 1534 0.4875609874725342
1529 1537 0.2681688964366913
1531 1538 0.49748316407203674
1533 1500 0.43240517377853394
1534 1501 0.26917511224746704
1535 1519 0.5421099066734314
1536 1515 0.33095717430114746
1538 1476 0.3161761164665222
1539 1551 0.5053409934043884
1540 1535 0.5686764717102051
1541 1536 0.33178892731666565
1542 1520 0.3246001601219177
1543 1558 0.7775562405586243
1544 1524 0.388457715511322
1545 1512 0.47953441739082336
1546 1548 0.4886232018470764
1547 1526 0.4376511871814728
1548 1549 0.38061198592185974
1549 1532 0.25209754705429077
1551 1574 0.9283862113952637
1553 1575 0.40945857763290405
1555 1557 0.674827516078949
1560 1496 0.3531211316585541
1561 1510 0.5471579432487488
1562 1511 0.28971150517463684
1563 1544 0.395118772983551
1564 1545 0.47457683086395264
1565 1546 0.5091029405593872
1566 1518 0.4821638762950897
1567 1636 0.493058443069458
1568 1527 0.5161691904067993
1569 1528 0.300589382648468
1572 1550 0.3861381709575653
1573 1543 0.3858826756477356
1574 1560 0.3039105236530304
1575 1525 0.5062135457992554
1576 1547 0.3751828074455261
1577 1562 0.4684809744358063
1579 1556 0.5129945874214172
1581 1578 0.29050081968307495
1582 1582 0.3507422208786011
1583 1583 0.4657280147075653
1585 1555 0.5202155709266663
1586 1561 0.33369672298431396
1587 1563 0.5301663875579834
1588 1565 0.3018997013568878
1589 1567 0.7998016476631165
1590 1568 0.3965510129928589
1591 1530 0.33623504638671875
1592 1577 0.48665788769721985
1593 1594 0.5288337469100952
1595 1610 0.2705813944339752
1596 1579 0.35765454173088074
1597 1596 0.5796709060668945
1598 1553 0.40538468956947327
1599 1597 0.3920764625072479
1601 1585 0.7765846848487854
1602 1559 0.383194237947464
1605 1591 0.3890049159526825
1606 1592 0.4026736319065094
1607 1581 0.5709338188171387
1608 1612 0.3411543071269989
1609 1601 0.4268058240413666
1610 1602 0.4156833589076996
1611 1606 0.5535331964492798
1612 1589 0.5773669481277466
1613 1590 0.3799747824668884
1615 1531 0.31405267119407654
1616 1611 0.6442105174064636
1617 1616 0.3333407938480377
1618 1617 0.41263577342033386
1620 1586 0.41357773542404175
1622 1603 0.30798304080963135
1624 1588 0.3923117220401764
1625 1607 0.6000449061393738
1626 1614 0.4329308569431305
1628 1593 0.45522934198379517
1630 1625 0.5518691539764404
1631 1615 0.33642396330833435
1632 1628 0.31155580282211304
1634 1631 0.45287805795669556
1635 1613 0.9467313289642334
1636 1587 0.2858533263206482
1637 1569 0.4565153419971466
1638 1624 0.3965476155281067
1640 1627 0.41914102435112
1641 1655 0.45289620757102966
1643 1649 0.35672762989997864
1644 1637 0.5665193796157837
1645 1564 0.6552090048789978
1646 1605 0.42139631509780884
1647 1570 0.38380610942840576
1648 1608 0.35779714584350586
1649 1609 0.3301926553249359
1651 1626 0.8653115034103394
1652 1644 0.4759456217288971
1653 1645 0.5258479714393616
1654 1646 0.63602614402771
1656 1618 0.3303551971912384
1657 1619 0.3290477991104126
1658 1620 0.5630893111228943
1659 1641 0.2935551106929779
1660 1676 0.4935910105705261
1661 1682 0.35139408707618713
1662 1668 0.37357649207115173
1663 1670 0.4545426368713379
1664 1633 0.49466872215270996
1666 1600 0.40408045053482056
1668 1642 0.4564530849456787
1670 1666 0.551159143447876
1671 1667 0.4529501795768738
1672 1677 0.4280258119106293
1674 1659 0.4906507134437561
1675 1650 0.47087419033050537
1676 1660 0.5036152601242065
1677 1638 0.5595487952232361
1681 1675 0.38350462913513184
1682 1662 0.4553917348384857
1683 1674 0.2668013572692871
1684 1653 0.3626280725002289
1685 1705 0.51677405834198
1686 1745 0.28806644678115845
1687 1693 0.4032247066497803
1688 1694 0.30545517802238464
1689 1695 0.3221207857131958
1690 1696 0.4335262179374695
1691 1658 0.5273123383522034
1692 1678 0.5747584700584412
1693 1681 0.8351289629936218
1695 1708 0.3734336495399475
1696 1685 0.5686509609222412
1697 1686 0.41802728176116943
1699 1688 0.503156304359436
1700 1672 0.5351276993751526
1701 1673 0.5232137441635132
1702 1664 0.3042437434196472
1703 1679 0.769007682800293
1706 1687 0.6153733730316162
1708 1702 0.3302795886993408
1709 1733 0.4348612129688263
1710 1697 0.6706157326698303
1711 1684 0.5273485779762268
1712 1663 0.5681993961334229
1715 1730 0.3835463225841522
1716 1741 0.386591374874115
1717 1713 0.46191465854644775
1718 1714 0.4047561585903168
1719 1731 0.46548333764076233
1721 1732 0.35511094331741333
1722 1706 0.26314711570739746
1723 1746 0.3730912208557129
1725 1698 0.6978515982627869
1726 1683 0.652316689491272
1727 1699 0.5053275227546692
1729 1724 0.5009127855300903
1730 1726 0.6050130128860474
1731 1738 0.3948426842689514
1733 1700 0.48444125056266785
1734 1729 0.3103589117527008
1735 1740 0.4326043725013733
1736 1736 0.3738555610179901
1737 1748 0.28643402457237244
1738 1710 0.9762334227561951
1739 1722 0.28598257899284363
1741 1715 0.47248324751853943
1742 1766 0.28496789932250977
1743 1734 0.5442762970924377
1744 1751 0.36054491996765137
1745 1727 0.8579997420310974
1748 1735 0.5807044506072998
1750 1761 0.38591691851615906
1751 1762 0.3741137683391571
1752 1742 0.515449047088623
1753 1743 0.37289664149284363
1754 1744 0.31311213970184326
1755 1763 0.4115522503852844
1756 1791 0.7931583523750305
1757 1707 0.5979073643684387
1758 1765 0.30153828859329224
1759 1739 0.33943429589271545
1760 1776 0.3656063973903656
1761 1822 0.5456556081771851
1762 1747 0.4296334385871887
1763 1790 0.8964669108390808
1764 1804 0.3190746605396271
1765 1752 0.3105413019657135
1767 1780 0.4513857364654541
1768 1758 0.2704709768295288
1769 1786 0.4352732002735138
1770 1787 0.38930070400238037
1771 1760 0.4410816431045532
1772 1764 0.38659802079200745
1773 1789 0.6074110865592957
1774 1754 0.47430941462516785
1775 1756 0.5018312931060791
1776 1796 0.32914260029792786
1777 1773 0.45050883293151855
1778 1783 0.5660408735275269
1779 1799 0.4405674934387207
1780 1711 0.3516361117362976
1781 1820 0.491900235414505
1782 1850 0.3318905234336853
1783 1836 0.33754652738571167
1784 1852 0.28315314650535583
1786 1809 0.4718685746192932
1787 1772 0.615730881690979
1789 1712 0.36485058069229126
1791 1861 0.525728166103363
1792 1851 0.36700305342674255
1793 1835 0.3676132559776306
1795 1811 0.4358742833137512
1797 1755 0.410643070936203
1798 1781 0.40437227487564087
1799 1782 0.3379642963409424
1800 1757 0.4354887008666992
1801 1843 0.43619364500045776
1802 1813 0.9578371644020081
1803 1800 0.263039231300354
1804 1759 0.35328584909439087
1806 1819 0.375833123922348
1807 1869 0.5698599815368652
1808 1846 0.4473035931587219
1809 1849 0.3780507445335388
1810 1803 0.37863889336586
1811 1794 0.4587765634059906
1812 1810 0.525336742401123
1814 1774 0.288929283618927
1816 1775 0.4731731414794922
1817 1784 0.38258370757102966
1818 1785 0.33322954177856445
1819 1832 0.453836590051651
1821 1847 0.39981481432914734
1822 1848 0.4082525670528412
1823 1906 0.2869012653827667
1824 1862 0.30003318190574646
1825 1808 0.43065202236175537
1827 1840 0.5577756762504578
1829 1896 0.5265716314315796
1830 1821 0.29340311884880066
1831 1798 0.2769988477230072
1832 1855 0.3537595570087433
1833 1844 0.3624655604362488
1834 1870 0.6669210195541382
1835 1884 0.3959626257419586
1836 1841 0.27343928813934326
1837 1856 0.5180075764656067
1840 1858 0.5437942743301392
1841 1815 0.4474789500236511
1842 1817 0.4998352825641632
1843 1818 0.2720892131328583
1845 1881 0.7304924726486206
1846 1872 0.4329535663127899
1847 1898 0.5104997158050537
1849 1878 0.39770159125328064
1850 1866 0.2950921654701233
1851 1830 0.2786383330821991
1852 1831 0.3682476580142975
1853 1897 0.5234872698783875
1854 1882 0.6547767519950867
1855 1854 0.5118637681007385
1856 1842 0.39887985587120056
1857 1879 0.46235978603363037
1859 1802 0.3880097270011902
1860 1883 0.3696579039096832
1861 1915 0.5367863178253174
1862 1874 0.7699183821678162
1863 1876 0.5559853911399841
1864 1891 0.4319678544998169
1865 1892 0.5092310905456543
1866 1902 0.40408891439437866
1867 1903 0.5601526498794556
1868 1894 0.518791675567627
1869 1895 0.5224917531013489
1870 1859 0.3449430763721466
1871 1924 0.3398550748825073
1872 1905 0.3448749780654907
1873 1935 0.32592466473579407
1874 1925 0.34893128275871277
1875 1888 0.32867270708084106
1876 1901 0.5894618034362793
1879 1923 0.591565728187561
1880 1947 0.8781472444534302
1881 1936 0.6741456985473633
1882 1890 0.3668420910835266
1883 1912 0.3791418671607971
1885 1893 0.37018531560897827
1888 1922 0.5365908145904541
1889 1904 0.5334884524345398
1890 1914 0.4034424126148224
1892 1959 0.5605080127716064
1893 1973 0.4392501711845398
1894 1945 0.38549867272377014
1895 1946 0.44372743368148804
1896 1919 0.48978814482688904
1897 1910 0.4183148145675659
1898 1911 0.7760893702507019
1900 1930 0.6106555461883545
1901 1913 0.32271361351013184
1902 1934 0.4188133776187897
1903 1944 0.35322555899620056
1904 1972 0.2801704704761505
1905 1960 0.4460112154483795
1907 1961 0.3919624388217926
1908 1909 0.3026546835899353
1910 1928 0.40696626901626587
1911 1955 0.3111976981163025
1913 1929 0.4396592080593109
1914 1962 0.44131430983543396
1915 1938 0.369562029838562
1917 1971 0.340681254863739
1918 1958 0.34022215008735657
1920 1993 0.414541631937027
1921 1982 0.48245227336883545
1922 1983 0.3867174983024597
1924 1920 0.3964080810546875
1925 1954 0.6809315085411072
1928 1942 0.45713573694229126
1929 2028 0.38014042377471924
1930 1943 0.2695411443710327
1931 1991 0.36651721596717834
1932 1994 0.542521595954895
1933 2023 0.4897265136241913
1936 1875 0.6648368239402771
1938 1967 0.38435041904449463
1939 1988 0.3626190721988678
1940 1956 0.5215050578117371
1941 1968 0.38125938177108765
1942 1969 0.4498785734176636
1943 1932 0.4716418385505676
1945 1980 0.5409582257270813
1948 2046 0.448746919631958
1949 1995 0.353514701128006
1950 1937 0.49348604679107666
1951 1940 0.4919743835926056
1952 1957 0.32301628589630127
1953 2002 0.35319826006889343
1955 1990 0.29853758215904236
1957 2034 0.789831817150116
1960 1979 0.30644023418426514
1961 1970 0.6537272930145264
1964 2018 0.3486478626728058
1965 2030 0.3928980827331543
1966 2031 0.38371607661247253
1967 2032 0.3618297278881073
1968 2055 0.388863205909729
1969 2035 0.5666636824607849
1970 2024 0.4094589650630951
1971 1986 0.9832184910774231
1973 1965 0.2721247673034668
1975 1987 0.6316046118736267
1976 2013 0.649986743927002
1978 2051 0.3395790457725525
1979 2043 0.30149802565574646
1980 2044 0.27554789185523987
1981 2045 0.3688426911830902
1982 2033 0.3312549293041229
1983 2036 0.36765357851982117
1984 1976 0.3028258979320526
1986 2000 0.32716599106788635
1987 1989 0.30808645486831665
1988 2012 0.4591376781463623
1990 2016 0.5131467580795288
1991 2019 0.3770221173763275
1992 2053 0.4464316666126251
1994 1966 0.381520539522171
1995 1978 0.38114631175994873
1997 2063 0.3026685416698456
2000 2066 0.4140477478504181
2001 2083 0.4927486777305603
2003 2078 0.5224035382270813
2004 2056 0.3526957333087921
2006 1998 0.29479146003723145
2007 2011 0.325438916683197
2008 1999 0.5463054180145264
2009 2107 0.2783682346343994
2010 2065 0.3768017590045929
2011 2077 0.31347277760505676
2012 2110 0.29314273595809937
2013 2067 0.6780427098274231
2014 2007 0.3531389832496643
2015 2008 0.3829151391983032
2016 2009 0.8303917050361633
2017 2010 0.3325453996658325
2018 2040 0.3856814503669739
2019 2026 0.31336817145347595
2020 2041 0.27621960639953613
2021 2027 0.2876763343811035
2022 2014 0.3111899793148041
2024 2020 0.5724216103553772
2025 2076 0.301131933927536
2027 2057 0.2552998960018158
2029 2025 0.3258637487888336
2030 2061 0.6205471158027649
2033 2104 0.5368620753288269
2034 2029 0.5851244926452637
2035 2068 0.39776986837387085
2036 2039 0.3216063380241394
2037 2111 0.3491459786891937
2038 2112 0.4412280321121216
2039 2084 0.5528848171234131
2040 2049 0.4487850069999695
2042 2070 0.29856860637664795
2043 2071 0.4115322232246399
2045 2102 0.36467212438583374
2048 2105 0.8184740543365479
2049 2108 0.5274356007575989
2052 2109 0.42214125394821167
2053 2120 0.6114335060119629
2054 2137 0.4157951772212982
2056 2047 0.35334011912345886
2058 2060 0.4032427668571472
2060 2080 0.6461412906646729
2062 2090 0.47587618231773376
2063 2093 0.6503556966781616
2064 2062 0.4114725887775421
2065 2073 0.3803195357322693
2067 2106 0.584953784942627
2068 2096 0.33680373430252075
2069 2159 0.3936624526977539
2071 2058 0.2644018828868866
2072 2059 0.3013448119163513
2073 2092 0.5462033152580261
2074 2074 0.36753684282302856
2075 2175 0.5031304359436035
2076 2186 0.2818523943424225
2077 2135 0.5418741703033447
2078 2136 0.4566642642021179
2079 2158 0.4604066014289856
2080 2144 0.45420074462890625
2081 2100 0.3470224440097809
2083 2081 0.6605827808380127
2084 2132 0.3448365032672882
2086 2142 0.5196017622947693
2087 2155 0.4465142488479614
2088 2119 0.39753398299217224
2089 2145 0.6531496047973633
2091 2116 0.3165523409843445
2093 2094 0.3840818405151367
2094 2172 0.31998610496520996
2095 2141 0.3764594495296478
2096 2133 0.2657429277896881
2101 2123 0.3347782492637634
2103 2089 0.34547969698905945
2105 2125 0.40998098254203796
2106 2126 0.41462230682373047
2107 2127 0.5461350679397583
2108 2117 0.4084620773792267
2109 2118 0.3938685953617096
2110 2130 0.621593713760376
2111 2183 0.4195409417152405
2112 2189 0.30352210998535156
2113 2205 0.31844082474708557
2114 2099 0.3692055344581604
2115 2114 0.36943519115448
2116 2115 0.39413049817085266
2118 2129 0.6200087666511536
2119 2174 0.37581485509872437
2120 2203 0.3236570358276367
2124 2098 0.4670156240463257
2126 2128 0.664095401763916
2127 2171 0.3152015805244446
2128 2182 0.2850556969642639
2129 2187 0.47131943702697754
2130 2216 0.31405478715896606
2131 2204 0.28250929713249207
2132 2228 0.5984424948692322
2133 2217 0.2748044431209564
2138 2178 0.25299274921417236
2139 2148 0.3807528614997864
2140 2149 0.3281102478504181
2142 2195 0.2616771161556244
2144 2169 0.5638567209243774
2147 2197 0.45832744240760803
2149 2185 0.4703311622142792
2150 2214 0.5431863069534302
2151 2226 0.3880504369735718
2152 2227 0.6272795796394348
2155 2146 0.6316847205162048
2158 2147 0.35014864802360535
2161 2140 0.34624823927879333
2164 2153 0.5280057787895203
2165 2154 0.4861035943031311
2166 2170 0.6905144453048706
2168 2213 0.40138158202171326
2169 2199 0.624423623085022
2170 2258 0.38480445742607117
2175 2164 0.9428848028182983
2176 2166 0.36956486105918884
2177 2167 0.4209267795085907
2179 2211 0.38576605916023254
2180 2238 0.4891738295555115
2181 2212 0.3482052683830261
2182 2201 0.6149011254310608
2183 2176 0.6099001169204712
2184 2249 0.7975942492485046
2186 2259 0.4565070867538452
2190 2192 0.31902506947517395
2191 2180 0.3392818570137024
2192 2196 0.27750808000564575
2194 2168 0.6034974455833435
2196 2224 0.4914974570274353
2197 2239 0.509887158870697
2198 2250 0.503989577293396
2208 2194 0.2954728901386261
2209 2181 0.3051052391529083
2210 2210 0.5590521693229675
2211 2240 0.5463283658027649
2212 2276 0.47086837887763977
2217 2246 0.3971887528896332
2219 2274 0.4930490255355835
2220 2307 0.40700313448905945
2224 2220 0.3638290464878082
2225 2232 0.4132489264011383
2226 2233 0.2889918386936188
2228 2193 0.2833225131034851
2231 2222 0.5746521353721619
2232 2223 0.6904716491699219
2233 2257 0.5145035982131958
2234 2244 0.42872971296310425
2235 2247 0.43856996297836304
2236 2234 0.3645625710487366
2238 2235 0.2606370449066162
2240 2236 0.5508348941802979
2241 2243 0.4084254801273346
2242 2287 0.41040778160095215
2243 2326 0.5989454984664917
2244 2328 0.5167405009269714
2245 2266 0.8691473603248596
2246 2256 0.3749474287033081
2247 2302 0.43717896938323975
2249 2351 0.4358310401439667
2250 2286 0.4370897710323334
2251 2324 0.5592479109764099
2252 2353 0.3918364942073822
2254 2327 0.3998563885688782
2255 2309 0.30426838994026184
2256 2279 0.4088830053806305
2257 2255 0.368362158536911
2258 2298 0.4244219958782196
2259 2301 0.3893255591392517
2262 2288 0.5007943511009216
2263 2269 0.5827715992927551
2264 2281 0.3085421919822693
2266 2284 0.3908471167087555
2267 2285 0.4222523868083954
2268 2202 0.4732164740562439
2269 2325 0.4393573999404907
2271 2375 0.4362652003765106
2272 2354 0.6763731837272644
2273 2264 0.7955484390258789
2274 2299 0.39552217721939087
2275 2271 0.6539536118507385
2277 2323 0.6912846565246582
2278 2372 0.322527140378952
2279 2501 0.25142356753349304
2282 2386 0.4032770097255707
2283 2254 0.4117080867290497
2284 2265 0.5686488151550293
2285 2297 0.5201550722122192
2286 2267 0.3706109821796417
2287 2300 0.513646125793457
2288 2317 0.3864358365535736
2289 2335 0.49863407015800476
2291 2336 0.3229919373989105
2292 2352 0.4325449764728546
2295 2398 0.4467834532260895
2296 2387 0.32647591829299927
2297 2338 0.38059747219085693
2298 2318 0.6398321390151978
2299 2331 0.40758657455444336
2300 2332 0.47778746485710144
2301 2333 0.46742331981658936
2302 2320 0.31499361991882324
2304 2385 0.4218442440032959
2305 2413 0.3522540330886841
2306 2397 0.4395937919616699
2308 2419 0.28992322087287903
2309 2347 0.4374583959579468
2310 2303 0.3869897723197937
2312 2322 0.6023773550987244
2313 2337 0.3635099530220032
2314 2371 0.7298866510391235
2316 2414 0.495686411857605
2317 2415 0.42311298847198486
2318 2417 0.3618994355201721
2319 2433 0.5436102151870728
2320 2295 0.2513461410999298
2321 2296 0.3524186909198761
2324 2379 0.5066313147544861
2325 2380 0.42589667439460754
2327 2412 0.5583488941192627
2329 2418 0.25018006563186646
2331 2441 0.40019211173057556
2332 2400 0.47976452112197876
2333 2423 0.5968340635299683
2335 2365 0.4547468423843384
2337 2366 0.2900581657886505
2338 2432 0.37714725732803345
2341 2443 0.38738635182380676
2343 2361 0.4382108449935913
2344 2362 0.6500319838523865
2345 2348 0.3012568950653076
2346 2349 0.4535912573337555
2347 2381 0.6161567568778992
2348 2382 0.4133549630641937
2349 2431 0.44202321767807007
2351 2395 0.3514285981655121
2352 2456 0.3325580954551697
2353 2470 0.6208868622779846
2355 2342 0.2836536765098572
2357 2345 0.5035869479179382
2358 2360 0.3305133879184723
2359 2393 0.569117546081543
2360 2334 0.4828472137451172
2362 2426 0.443710058927536
2363 2368 0.484881728887558
2364 2384 0.4600335359573364
2365 2455 0.43380290269851685
2366 2480 0.3321634829044342
2367 2457 0.4250299632549286
2369 2346 0.4233212471008301
2371 2409 0.3120095431804657
2372 2430 0.3086393177509308
2373 2410 0.5023761987686157
2374 2439 0.6702404022216797
2376 2481 0.7434523701667786
2377 2437 0.25113624334335327
2378 2407 0.3472359776496887
2379 2452 0.34578096866607666
2380 2488 0.39248573780059814
2381 2427 0.7283033728599548
2382 2428 0.5426002144813538
2383 2429 0.35870182514190674
2384 2466 0.4087449908256531
2385 2467 0.3495394289493561
2386 2468 0.42570459842681885
2387 2440 0.5156323909759521
2389 2503 0.4782000184059143
2391 2405 0.4763965606689453
2392 2358 0.39232856035232544
2393 2464 0.4189511835575104
2396 2502 0.47124752402305603
2397 2482 0.3531551659107208
2399 2422 0.5644280910491943
2400 2406 0.40100356936454773
2401 2424 0.30717286467552185
2403 2450 0.4531039893627167
2404 2451 0.45801547169685364
2405 2454 0.447894811630249
2406 2478 0.5606854557991028
2407 2465 0.38528549671173096
2409 2500 0.3946341276168823
2410 2490 0.6183984279632568
2411 2479 0.5161805152893066
2412 2523 0.40780624747276306
2413 2472 0.31262192130088806
2414 2462 0.46202170848846436
2415 2453 0.34839293360710144
2416 2499 0.37804391980171204
2418 2475 0.2974463105201721
2419 2529 0.44387343525886536
2420 2518 0.5876662135124207
2421 2519 0.349804550409317
2422 2492 0.4148596227169037
2423 2520 0.3256978392601013
2424 2532 0.49919551610946655
2425 2533 0.5070059299468994
2426 2541 0.4743523895740509
2427 2448 0.45949333906173706
2428 2459 0.5037391781806946
2430 2460 0.3597971498966217
2431 2461 0.2676226794719696
2432 2484 0.3158825635910034
2433 2477 0.41271644830703735
2434 2487 0.41817960143089294
2435 2489 0.4012759327888489
2436 2498 0.3668791651725769
2437 2530 0.5021803379058838
2438 2540 0.3745560944080353
2439 2491 0.3260515034198761
2440 2521 0.3546154797077179
2441 2547 0.38749200105667114
2442 2548 0.49941596388816833
2444 2524 0.4620693027973175
2446 2535 0.3755927085876465
2447 2485 0.35244524478912354
2448 2497 0.39020615816116333
2451 2531 0.7232823967933655
2452 2550 0.3084557056427002
2453 2514 0.45080408453941345
2455 2474 0.4765951335430145
2456 2496 0.3887438178062439
2457 2509 0.9119155406951904
2458 2510 0.5748417973518372
2459 2511 0.3883269727230072
2461 2546 0.38416388630867004
2463 2556 0.756805956363678
2464 2566 0.5714763402938843
2465 2557 0.38830918073654175
2466 2504 0.495130330324173
2468 2494 0.4205111265182495
2469 2508 0.49376380443573
2471 2512 0.31585004925727844
2474 2596 0.4853300452232361
2476 2558 0.40247631072998047
2477 2549 0.4759311079978943
2479 2495 0.4391215741634369
2480 2527 0.29019901156425476
2481 2516 0.26628559827804565
2483 2575 0.4274612367153168
2484 2563 0.42025652527809143
2485 2539 0.3081743121147156
2486 2517 0.3888602554798126
2487 2579 0.5670263767242432
2488 2603 0.4930180013179779
2489 2570 0.3575761020183563
2491 2572 0.3555568754673004
2493 2573 0.5262854695320129
2495 2599 0.4663960337638855
2497 2537 0.8383815884590149
2498 2506 0.5007737874984741
2499 2525 0.4748203754425049
2500 2526 0.6077807545661926
2501 2507 0.3537217676639557
2502 2528 0.37540972232818604
2503 2571 0.4043468236923218
2505 2597 0.38507136702537537
2506 2598 0.4519982635974884
2509 2544 0.48043254017829895
2510 2515 0.44226059317588806
2511 2595 0.820804238319397
2512 2607 0.45346149802207947
2515 2536 0.4352213144302368
2518 2543 0.2923872172832489
2519 2553 0.32409194111824036
2520 2564 0.40039366483688354
2521 2545 0.3363610804080963
2523 2594 0.5448060035705566
2524 2605 0.3669089078903198
2525 2606 0.49823999404907227
2526 2615 0.4522159993648529
2527 2574 0.30016568303108215
2528 2538 0.3664403259754181
2531 2614 0.5984487533569336
2534 2568 0.2877224385738373
2535 2569 0.4306749999523163
2537 2554 0.45644745230674744
2538 2640 0.6076717972755432
2539 2559 0.28629201650619507
2540 2560 0.43647828698158264
2541 2551 0.49158135056495667
2542 2567 0.30989399552345276
2543 2577 0.33746635913848877
2544 2486 0.5956138372421265
2545 2586 0.9399256706237793
2546 2622 0.3831503987312317
2547 2613 0.8028875589370728
2549 2629 0.6048295497894287
2550 2638 0.29193586111068726
2551 2562 0.43723151087760925
2552 2585 0.9112417697906494
2553 2576 0.48234784603118896
2554 2578 0.493300199508667
2555 2587 0.5673325657844543
2557 2589 0.5242926478385925
2558 2627 0.2931234538555145
2561 2651 0.5658056139945984
2562 2639 0.29990845918655396
2563 2583 0.29838159680366516
2564 2584 0.3887389898300171
2566 2590 0.43115705251693726
2567 2591 0.5097125768661499
2568 2628 0.5888050198554993
2569 2660 0.5921906232833862
2570 2661 0.5353987812995911
2571 2662 0.500263512134552
2572 2663 0.32690680027008057
2574 2684 0.48129329085350037
2575 2580 0.361581027507782
2576 2581 0.2809925079345703
2577 2582 0.44013240933418274
2578 2601 0.4275611340999603
2579 2611 0.36137625575065613
2581 2649 0.9266542792320251
2582 2636 0.6372270584106445
2583 2696 0.3522217869758606
2584 2682 0.3960815966129303
2585 2683 0.368915855884552
2588 2612 0.5361508727073669
2589 2620 0.3068525493144989
2590 2656 0.3337762951850891
2591 2623 0.3132322132587433
2592 2672 0.27128031849861145
2593 2685 0.3767891824245453
2594 2673 0.6827346086502075
2595 2707 0.4398118555545807
2596 2608 0.352043479681015
2597 2561 0.6022900342941284
2598 2600 0.45410025119781494
2599 2653 0.35721513628959656
2600 2633 0.36428454518318176
2602 2626 0.38253554701805115
2603 2602 0.3241104781627655
2604 2658 0.511692464351654
2605 2659 0.43515077233314514
2606 2745 0.8038781881332397
2609 2632 0.4173608422279358
2610 2618 0.43448397517204285
2612 2635 0.42716172337532043
2613 2655 0.6101141571998596
2614 2704 0.4537517726421356
2615 2706 0.4679148197174072
2616 2671 0.4671492576599121
2617 2693 0.38553324341773987
2618 2694 0.5628498792648315
2620 2616 0.4745130240917206
2621 2617 0.5785221457481384
2622 2647 0.38191989064216614
2623 2648 0.4862547516822815
2625 2703 0.36692115664482117
2626 2681 0.48937588930130005
2627 2692 0.5132255554199219
2628 2719 0.40400877594947815
2629 2733 0.48480451107025146
2630 2734 0.31891068816185
2631 2624 0.4917674958705902
2632 2646 0.8874603509902954
2634 2667 0.3778388202190399
2635 2610 0.32266467809677124
2637 2723 0.32148367166519165
2640 2644 0.3845506012439728
2641 2645 0.3263084590435028
2642 2652 0.5079361200332642
2643 2669 0.3943222463130951
2644 2727 0.41127288341522217
2646 2650 0.37921419739723206
2647 2705 0.4070209860801697
2648 2695 0.5527493357658386
2649 2747 0.5871171951293945
2650 2643 0.37299445271492004
2651 2625 0.5048501491546631
2652 2690 0.3030272424221039
2653 2731 0.4276006817817688
2654 2744 0.4320918619632721
2655 2769 0.4037761390209198
2657 2782 0.35894960165023804
2658 2668 0.3374306559562683
2659 2654 0.41697534918785095
2662 2718 0.6581863164901733
2664 2678 0.544347882270813
2665 2679 0.3225434422492981
2667 2689 0.8999412059783936
2668 2670 0.35535892844200134
2669 2680 0.35645321011543274
2670 2758 0.34863990545272827
2671 2742 0.5292590856552124
2672 2743 0.4119036793708801
2673 2732 0.4627749025821686
2675 2746 0.5538870096206665
2678 2791 0.38340333104133606
2679 2800 0.5811931490898132
2683 2713 0.6251404285430908
2684 2687 0.3330494165420532
2686 2714 0.25750476121902466
2687 2728 0.2616446912288666
2689 2790 0.98171466588974
2690 2792 0.3637353777885437
2691 2793 0.4326014816761017
2692 2794 0.42187198996543884
2693 2879 0.5201258063316345
2696 2751 0.3105641007423401
2697 2710 0.40311896800994873
2698 2722 0.5247673988342285
2699 2715 0.2784236967563629
2700 2766 0.390390008687973
2701 2767 0.46781933307647705
2702 2708 0.3380410075187683
2703 2677 0.38267529010772705
2704 2686 0.396327942609787
2705 2711 0.6162461042404175
2706 2721 0.8879090547561646
2707 2712 0.8316748142242432
2708 2724 0.38732871413230896
2709 2702 0.28349655866622925
2710 2716 0.322803795337677
2711 2776 0.3012140989303589
2713 2788 0.30774787068367004
2714 2777 0.5820767283439636
2715 2823 0.6743546724319458
2716 2768 0.40223070979118347
2717 2778 0.3328884243965149
2718 2813 0.4407629072666168
2719 2887 0.3319335877895355
2720 2814 0.3597058951854706
2721 2798 0.5439317226409912
2722 2799 0.46310514211654663
2723 2827 0.3759431838989258
2724 2709 0.33628860116004944
2725 2725 0.32050591707229614
2726 2741 0.4961867928504944
2727 2755 0.2978624403476715
2730 2832 0.39702361822128296
2732 2815 0.4716782569885254
2733 2700 0.4206659495830536
2734 2749 0.381259024143219
2735 2750 0.7148170471191406
2736 2773 0.37284719944000244
2737 2752 0.646064281463623
2738 2753 0.42222699522972107
2739 2763 0.3726893663406372
2741 2754 0.4055323898792267
2742 2757 0.2840692400932312
2744 2811 0.5014471411705017
2745 2812 0.5839137434959412
2746 2842 0.4135434329509735
2748 2775 0.3201881945133209
2749 2808 0.5080208778381348
2752 2855 0.3264363706111908
2753 2822 0.4723697006702423
2754 2810 0.46551308035850525
2755 2824 0.41523879766464233
2756 2831 0.43485331535339355
2757 2858 0.3505489230155945
2758 2859 0.2961764931678772
2759 2774 0.48626959323883057
2761 2756 0.3870547115802765
2762 2830 0.5381394624710083
2763 2857 0.3436647951602936
2765 2840 0.31437692046165466
2766 2816 0.38326990604400635
2767 2785 0.41526851058006287
2768 2796 0.7817512154579163
2769 2740 0.4571566581726074
2770 2787 0.3990857005119324
2772 2861 0.4432579576969147
2773 2783 0.6115407943725586
2774 2784 0.4745311141014099
2775 2807 0.31726470589637756
2776 2839 0.43969398736953735
2777 2854 0.4729565978050232
2778 2856 0.46733325719833374
2779 2905 0.40990906953811646
2780 2906 0.3159096837043762
2781 2877 0.4770425856113434
2783 2860 0.33465054631233215
2784 2786 0.5589183568954468
2785 2852 0.8450013995170593
2787 2886 0.5152254104614258
2788 2804 0.4403003454208374
2790 2805 0.3425372540950775
2791 2806 0.48496267199516296
2793 2797 0.4264030456542969
2794 2919 0.3974445164203644
2795 2920 0.4625406265258789
2796 2928 0.4613986611366272
2797 2922 0.3015126883983612
2799 2927 0.9170330762863159
2800 2818 0.2896750271320343
2801 2820 0.3596931993961334
2802 2836 0.3613872826099396
2803 2821 0.3833788335323334
2804 2916 0.5293287634849548
2805 2898 0.4590343236923218
2806 2899 0.4020255506038666
2807 2917 0.29301583766937256
2808 2937 0.4398084878921509
2809 2938 0.7653896808624268
2811 2829 0.3131850063800812
2812 2819 0.42871949076652527
2813 2838 0.3256146311759949
2814 2902 0.4464733898639679
2815 2949 0.32828646898269653
2816 2953 0.578650712966919
2817 2954 0.4455907344818115
2818 2939 0.2644989788532257
2821 2934 0.27134034037590027
2822 2967 0.3461429178714752
2824 2868 0.2750813066959381
2826 2847 0.2637813091278076
2827 2872 0.36252397298812866
2829 2893 0.6411454081535339
2830 2850 0.40808674693107605
2831 2837 0.7683164477348328
2832 2986 0.31103599071502686
2833 2948 0.5543462038040161
2834 2968 0.4042080342769623
2835 2970 0.4689789414405823
2836 2957 0.42327120900154114
2837 2866 0.2725130319595337
2840 2869 0.3022984266281128
2841 2848 0.30393892526626587
2842 2870 0.430235356092453
2844 2873 0.6614590287208557
2845 2849 0.4694671630859375
2846 2874 0.6753554344177246
2847 2875 0.7498394846916199
2848 2885 0.351436972618103
2849 2947 0.5891094207763672
2850 2981 0.44581857323646545
2851 2982 0.40865573287010193
2852 2950 0.32049888372421265
2854 2997 0.47329050302505493
2856 2882 0.2920427918434143
2857 2871 0.47004103660583496
2858 2883 0.3960309624671936
2859 2896 0.6900727152824402
2860 2897 0.6200472116470337
2861 2965 0.679602861404419
2864 2915 0.4314087927341461
2865 2979 0.3922952711582184
2866 2980 0.49902939796447754
2869 2895 0.43742337822914124
2870 2985 0.5897811651229858
2871 2966 0.5381014943122864
2873 3014 0.3721317648887634
2874 3015 0.49847716093063354
2875 2924 0.261075884103775
2876 2914 0.3620986342430115
2878 2926 0.2971656024456024
2879 2945 0.6752201914787292
2880 3025 0.5356255173683167
2881 2912 0.3543163239955902
2882 2913 0.2558736801147461
2883 2925 0.39686957001686096
2884 2933 0.4762280285358429
2885 2946 0.3364669680595398
2886 2977 0.49532634019851685
2889 3013 0.5026441216468811
2890 3026 0.41882455348968506
2892 3037 0.4238116443157196
2893 3038 0.4742126166820526
2895 3008 0.4317042827606201
2896 3011 0.3718571960926056
2897 3024 0.30606287717819214
2898 3012 0.5008096098899841
2899 2943 0.5133675336837769
2900 3050 0.9625521898269653
2901 3052 0.40297752618789673
2902 2952 0.3858606219291687
2903 2942 0.34951478242874146
2905 2962 0.3404422104358673
2906 2963 0.37027254700660706
2907 2944 0.45499324798583984
2908 2964 0.3029177486896515
2909 3007 0.4465223550796509
2910 3046 0.29131147265434265
2911 3010 0.3134686052799225
2912 3032 0.5202939510345459
2913 3033 0.39002087712287903
2914 3034 0.44116365909576416
2915 3035 0.29755809903144836
2916 3067 0.2919987738132477
2918 3068 0.8994607329368591
2919 3049 0.4456595778465271
2921 3092 0.4820061922073364
2922 3055 0.41588082909584045
2924 3047 0.39884331822395325
2925 3048 0.3249727785587311
2928 3078 0.4334927201271057
2929 2976 0.7929314970970154
2930 2993 0.9843753576278687
2931 3076 0.6392411589622498
2932 3079 0.4805924594402313
2933 3090 0.48370906710624695
2934 3091 0.6260603666305542
2935 2975 0.4223063290119171
2936 3005 0.3265989422798157
2937 2991 0.4846353232860565
2938 2992 0.31474769115448
2939 2994 0.28585168719291687
2940 3045 0.42226728796958923
2941 3096 0.34703436493873596
2942 3071 0.3351641297340393
2945 3088 0.41968420147895813
2946 3104 0.4658403992652893
2947 3054 0.42870476841926575
2948 3098 0.38356462121009827
2950 3100 0.4308064579963684
2951 3097 0.33988553285598755
2952 3072 0.5948418378829956
2954 3105 0.39627012610435486
2955 3089 0.4655117690563202
2956 3099 0.31863707304000854
2957 2984 0.3388233780860901
2958 3022 0.5010733008384705
2961 3023 0.41309958696365356
2962 3126 0.4220011830329895
2966 2989 0.3974725604057312
2967 3004 0.433682918548584
2970 3030 0.3619450032711029
2973 3122 0.3638821244239807
2975 3123 0.5271438956260681
2976 3103 0.5799053311347961
2977 3116 0.42856332659721375
2978 3118 0.52479088306427
2980 3165 0.32224029302597046
2981 3128 0.3863370716571808
2982 3001 0.3099093735218048
2983 2990 0.47908875346183777
2984 3044 0.8107759356498718
2985 3113 0.42092037200927734
2986 3087 0.32451286911964417
2987 3115 0.49112072587013245
2988 3124 0.7055263519287109
2989 3136 0.45663291215896606
2990 3125 0.3065594732761383
2991 3018 0.31211161613464355
2992 3019 0.33244869112968445
2993 3020 0.41821229457855225
2994 3042 0.29822683334350586
2997 3135 0.5572392344474792
2998 3063 0.4445750117301941
2999 3064 0.33499252796173096
3000 3006 0.4300236999988556
3001 3149 0.5525669455528259
3002 3137 0.27331674098968506
3003 3151 0.346760094165802
3004 3127 0.39460739493370056
3006 3029 0.5029203295707703
3007 3061 0.3512222170829773
3008 3062 0.6408953666687012
3009 3070 0.4072827100753784
3010 3031 0.3678952157497406
3011 3173 0.5483201742172241
3012 3146 0.37504076957702637
3013 3147 0.3504028618335724
3014 3160 0.453508198261261
3016 3150 0.3261522948741913
3017 3028 0.4362710118293762
3018 3144 0.3038273751735687
3019 3145 0.3363501727581024
3020 3121 0.6132099032402039
3021 3157 0.41008031368255615
3022 3158 0.7176558375358582
3023 3161 0.34182876348495483
3025 3163 0.38352328538894653
3026 3139 0.2980116307735443
3027 3177 0.3248159885406494
3029 3057 0.3760385513305664
3031 3060 0.5138087868690491
3032 3040 0.5306119918823242
3033 3041 0.38449999690055847
3035 3043 0.4848220944404602
3038 3148 0.42462158203125
3040 3164 0.32870030403137207
3041 3069 0.39065369963645935
3042 3081 0.6413808465003967
3043 3083 0.45745497941970825
3045 3175 0.4332042634487152
3046 3184 0.4439653158187866
3047 3162 0.3610879182815552
3048 3236 0.2931947410106659
3049 3074 0.36570438742637634
3050 3192 0.35894274711608887
3051 3180 0.3543754518032074
3053 3181 0.6531476974487305
3054 3182 0.4117560088634491
3055 3183 0.3771335780620575
3056 3195 0.3582061529159546
3057 3197 0.37749412655830383
3058 3199 0.4597453773021698
3059 3186 0.29244187474250793
3060 3209 0.30872851610183716
3061 3223 0.45117098093032837
3062 3095 0.9830469489097595
3063 3102 0.2880115211009979
3065 3084 0.38331303000450134
3066 3086 0.3340877294540405
3067 3234 0.4230589270591736
3068 3194 0.4931289851665497
3069 3208 0.32818660140037537
3070 3196 0.41849955916404724
3071 3108 0.6137264966964722
3073 3258 0.6479536294937134
3074 3206 0.3586392402648926
3075 3207 0.34067702293395996
3076 3220 0.600190281867981
3077 3221 0.6354859471321106
3078 3222 0.4677872061729431
3079 3262 0.3983438313007355
3081 3110 0.42312106490135193
3082 3156 0.5614436864852905
3083 3229 0.3954908847808838
3084 3235 0.39841145277023315
3086 3242 0.3460864722728729
3087 3237 0.42268428206443787
3088 3243 0.36453789472579956
3089 3133 0.3113998472690582
3091 3142 0.30012303590774536
3094 3232 0.7304263114929199
3095 3193 0.5920658111572266
3096 3233 0.6168069839477539
3097 3241 0.3774905502796173
3098 3251 0.48771119117736816
3099 3200 0.4836500287055969
3100 3155 0.469258576631546
3101 3230 0.5033386945724487
3102 3260 0.6742504835128784
3103 3261 0.6776697039604187
3104 3172 0.534509003162384
3105 3143 0.3595210313796997
3106 3191 0.38754189014434814
3107 3250 0.7196769714355469
3108 3274 0.5055955052375793
3109 3266 0.5080029368400574
3110 3267 0.5450502038002014
3111 3134 0.4065515995025635
3112 3179 0.32946228981018066
3113 3272 0.4152697026729584
3115 3294 0.6327808499336243
3116 3263 0.3500404953956604
3117 3276 0.8229165077209473
3118 3132 0.4866054654121399
3121 3259 0.3345525860786438
3123 3275 0.5331721305847168
3124 3141 0.5939145088195801
3125 3169 0.3028380274772644
3129 3286 0.5725520849227905
3130 3167 0.726330041885376
3131 3171 0.5018758177757263
3132 3218 0.3978419303894043
3133 3301 0.48584499955177307
3134 3284 0.7364640831947327
3136 3285 0.5734723806381226
3137 3168 0.4809812903404236
3138 3217 0.3853873014450073
3139 3205 0.3718791604042053
3141 3228 0.4463614225387573
3142 3273 0.5318694710731506
3143 3178 0.6349146962165833
3144 3215 0.30953720211982727
3147 3227 0.6104255318641663
3148 3293 0.742867648601532
3149 3302 0.7756528258323669
3150 3320 0.6311607956886292
3151 3311 0.5824793577194214
3152 3321 0.4298715591430664
3153 3247 0.3149593770503998
3154 3239 0.3611809015274048
3155 3249 0.6181319355964661
3156 3319 0.5340743660926819
3158 3303 0.47596651315689087
3159 3214 0.45059993863105774
3162 3203 0.466962605714798
3163 3256 0.4305752217769623
3165 3265 0.3089279234409332
3166 3292 0.44879186153411865
3167 3271 0.9648663997650146
3169 3325 0.5343489646911621
3170 3332 0.4272497296333313
3171 3340 0.5232202410697937
3172 3334 0.46278154850006104
3174 3248 0.5305467247962952
3176 3270 0.5717331171035767
3177 3330 0.39597657322883606
3179 3371 0.4226234257221222
3180 3244 0.36504966020584106
3181 3245 0.2524610757827759
3183 3238 0.3593633472919464
3185 3317 0.35968151688575745
3187 3328 0.4039887487888336
3188 3355 0.4843636453151703
3190 3360 0.43531638383865356
3191 3372 0.35846519470214844
3192 3280 0.4124414026737213
3194 3283 0.525322675704956
3196 3310 0.6376434564590454
3197 3370 0.6260114312171936
3198 3358 0.4140062928199768
3199 3362 0.40831291675567627
3200 3363 0.2805562913417816
3202 3364 0.3871470093727112
3203 3255 0.31302496790885925
3204 3269 0.45498064160346985
3207 3329 0.6366937160491943
3208 3353 0.3909880220890045
3209 3354 0.3981102705001831
3211 3356 0.40365368127822876
3212 3382 0.661052942276001
3213 3277 0.35602378845214844
3215 3264 0.44524410367012024
3217 3352 0.3534992039203644
3218 3379 0.6412793397903442
3219 3380 0.5637738704681396
3221 3388 0.3058565855026245
3223 3309 0.2707432508468628
3225 3392 0.34118393063545227
3226 3393 0.4657599925994873
3228 3387 0.364640474319458
3229 3381 0.357801228761673
3230 3315 0.3468629717826843
3231 3279 0.360133558511734
3232 3375 0.3466106653213501
3234 3377 0.5408787727355957
3235 3378 0.35336437821388245
3236 3394 0.9798038005828857
3237 3395 0.4377584755420685
3238 3402 0.47177544236183167
3239 3304 0.4103490710258484
3240 3297 0.36880049109458923
3241 3289 0.38096824288368225
3242 3307 0.3292574882507324
3243 3299 0.34170427918434143
3244 3290 0.37078914046287537
3245 3204 0.49926549196243286
3246 3376 0.8588994741439819
3247 3305 0.4385678768157959
3248 3306 0.35646647214889526
3249 3339 0.7523177862167358
3251 3327 0.3610731065273285
3252 3346 0.28155311942100525
3253 3401 0.4120533764362335
3255 3416 0.42671385407447815
3256 3439 0.311382919549942
3257 3408 0.34665629267692566
3259 3418 0.585301399230957
3260 3432 0.47735661268234253
3261 3373 0.47460034489631653
3266 3369 0.6465808153152466
3267 3417 0.4556775987148285
3268 3431 0.3912595808506012
3269 3438 0.48180028796195984
3271 3344 0.3466258645057678
3275 3472 0.3108963072299957
3276 3338 0.4319489002227783
3277 3343 0.4888641834259033
3279 3349 0.4401252865791321
3280 3385 0.33866506814956665
3282 3415 0.650108277797699
3286 3399 0.37400034070014954
3287 3400 0.33974358439445496
3289 3457 0.40003031492233276
3291 3468 0.41500920057296753
3292 3374 0.2743830680847168
3295 3386 0.31528425216674805
3296 3467 0.5334070920944214
3297 3458 0.5357604026794434
3301 3425 0.39678969979286194
3304 3429 0.5253412127494812
3305 3481 0.32418712973594666
3306 3367 0.4257277250289917
3309 3423 0.3939985930919647
3310 3424 0.3553633391857147
3311 3412 0.36061954498291016
3312 3426 0.4176742136478424
3313 3427 0.4657013714313507
3314 3428 0.618445634841919
3316 3466 0.3938434422016144
3317 3455 0.4784184992313385
3318 3456 0.6211326718330383
3319 3390 0.3164714574813843
3320 3368 0.2841516137123108
3321 3422 0.533761739730835
3323 3448 0.4926048815250397
3324 3437 0.3201112449169159
3325 3449 0.8804667592048645
3327 3384 0.2765047550201416
3328 3444 0.47227421402931213
3329 3454 0.4621032476425171
3330 3478 0.33625397086143494
3331 3493 0.4515988528728485
3332 3494 0.36826661229133606
3334 3496 0.43431949615478516
3335 3497 0.34922856092453003
3336 3520 0.4297731816768646
3337 3389 0.4716436266899109
3338 3397 0.5089708566665649
3339 3406 0.5570298433303833
3340 3410 0.4692630469799042
3342 3411 0.42122113704681396
3343 3453 0.501358687877655
3346 3479 0.4266218841075897
3347 3484 0.37917405366897583
3348 3480 0.4553895890712738
3349 3495 0.44795119762420654
3350 3511 0.5666145086288452
3351 3396 0.4608902931213379
3352 3405 0.47639429569244385
3353 3477 0.550416886806488
3354 3404 0.2845958173274994
3355 3421 0.405200332403183
3358 3518 0.39387086033821106
3360 3530 0.3084912896156311
3361 3409 0.43649035692214966
3362 3403 0.3270767629146576
3363 3436 0.3776777982711792
3364 3407 0.3066624104976654
3365 3508 0.4541829824447632
3366 3509 0.4274062216281891
3367 3516 0.37737715244293213
3368 3510 0.5167178511619568
3371 3543 0.41683459281921387
3372 3492 0.35595792531967163
3377 3471 0.3375587463378906
3379 3566 0.3306849002838135
3380 3582 0.39178231358528137
3381 3617 0.39491233229637146
3384 3567 0.5313660502433777
3385 3419 0.6736752390861511
3386 3420 0.6863107085227966
3387 3434 0.47827616333961487
3388 3452 0.5642698407173157
3389 3491 0.466947466135025
3391 3551 0.4967758059501648
3393 3552 0.40352436900138855
3394 3554 0.4655202031135559
3395 3585 0.34637537598609924
3396 3442 0.38691744208335876
3397 3433 0.6002589464187622
3399 3504 0.46405303478240967
3400 3507 0.2803225517272949
3401 3583 0.4666576683521271
3402 3584 0.5538774728775024
3403 3592 0.41934734582901
3404 3593 0.5705386400222778
3405 3594 0.27066606283187866
3407 3475 0.35163846611976624
3409 3505 0.38940131664276123
3410 3465 0.5031861066818237
3412 3581 0.47464290261268616
3413 3605 0.26241034269332886
3414 3540 0.33146825432777405
3415 3529 0.43503665924072266
3416 3626 0.27985402941703796
3417 3619 0.274539589881897
3418 3463 0.4711962938308716
3419 3464 0.41763755679130554
3422 3450 0.3195076584815979
3424 3589 0.5423069000244141
3425 3625 0.3727181553840637
3426 3635 0.34340107440948486
3427 3474 0.567071795463562
3428 3499 0.3161936104297638
3429 3500 0.3329535126686096
3430 3476 0.4738672375679016
3431 3578 0.32068079710006714
3432 3541 0.30792343616485596
3434 3580 0.3079630732536316
3436 3590 0.8563557863235474
3437 3667 0.48084643483161926
3438 3655 0.409807026386261
3439 3624 0.4572329521179199
3442 3482 0.5261138677597046
3443 3549 0.501395046710968
3444 3550 0.39150816202163696
3445 3563 0.2863660156726837
3446 3614 0.3171521723270416
3449 3643 0.7670520544052124
3450 3633 0.46547091007232666
3451 3644 0.2640382647514343
3453 3489 0.37239909172058105
3454 3490 0.26143592596054077
3455 3548 0.5299222469329834
3456 3539 0.3138377070426941
3457 3564 0.5726618766784668
3458 3577 0.3153831958770752
3459 3579 0.3764328956604004
3460 3653 0.5494246482849121
3461 3615 0.5884412527084351
3462 3672 0.7138537764549255
3463 3673 0.3870580494403839
3464 3483 0.5025415420532227
3466 3562 0.5829150080680847
3467 3576 0.3161773383617401
3471 3632 0.25215548276901245
3472 3684 0.4012927711009979
3473 3658 0.30609819293022156
3475 3671 0.3844468295574188
3476 3513 0.322111576795578
3477 3538 0.539851188659668
3478 3656 0.4199031889438629
3479 3668 0.6892354488372803
3482 3528 0.4776015877723694
3483 3498 0.3227197527885437
3484 3613 0.3420058488845825
3485 3654 0.48260781168937683
3487 3698 0.40628376603126526
3489 3669 0.5806175470352173
3490 3514 0.3539917469024658
3491 3588 0.5519149303436279
3493 3621 0.31854867935180664
3495 3694 0.4030962884426117
3496 3711 0.45212846994400024
3497 3544 0.3415716588497162
3499 3574 0.28680112957954407
3503 3666 0.2834368348121643
3506 3561 0.4344417154788971
3507 3587 0.3687797486782074
3508 3695 0.6066423058509827
3509 3696 0.5027169585227966
3510 3718 0.5334147214889526
3511 3750 0.45780935883522034
3512 3732 0.3449973464012146
3514 3546 0.5122607946395874
3515 3608 0.3768686056137085
3516 3652 0.31954696774482727
3518 3780 0.36105072498321533
3519 3752 0.4366597831249237
3520 3559 0.445797324180603
3521 3545 0.4435683488845825
3522 3573 0.36360910534858704
3524 3600 0.5529359579086304
3525 3609 0.3331243693828583
3526 3610 0.3137575089931488
3527 3611 0.37254154682159424
3528 3612 0.6017532348632812
3529 3620 0.260296493768692
3531 3665 0.5122383236885071
3532 3705 0.3096275329589844
3533 3782 0.3667958974838257
3534 3751 0.38022705912590027
3535 3768 0.38395988941192627
3536 3769 0.7787331938743591
3538 3602 0.274453729391098
3539 3603 0.4722273647785187
3541 3663 0.4985727071762085
3542 3731 0.8986024856567383
3543 3783 0.4183391332626343
3544 3733 0.3048844635486603
3547 3547 0.356434166431427
3548 3692 0.34875962138175964
3549 3683 0.5778632164001465
3551 3798 0.6269381046295166
3553 3830 0.34267544746398926
3554 3734 0.33338117599487305
3555 3813 0.4785156846046448
3556 3607 0.30969780683517456
3557 3631 0.5544340014457703
3559 3640 0.40258991718292236
3560 3661 0.3358975648880005
3561 3650 0.2542497515678406
3563 3651 0.2866840958595276
3566 3747 0.3516938090324402
3567 3730 0.4299720227718353
3568 3779 0.3489389419555664
3569 3795 0.44805243611335754
3570 3765 0.7034516930580139
3571 3781 0.41099175810813904
3572 3797 0.36591023206710815
3573 3810 0.32388925552368164
3574 3831 0.6616678833961487
3575 3571 0.31521570682525635
3578 3648 0.3149389624595642
3579 3649 0.3730261027812958
3580 3716 0.40025126934051514
3581 3703 0.34153908491134644
3582 3796 0.5500138998031616
3583 3809 0.5142146944999695
3588 3601 0.34007489681243896
3589 3662 0.5444948673248291
3590 3763 0.36524641513824463
3592 3693 0.46386629343032837
3593 3764 0.36934781074523926
3594 3847 0.3403639793395996
3595 3811 0.274186372756958
3596 3832 0.25128933787345886
3598 3641 0.2561796009540558
3599 3715 0.47041234374046326
3600 3690 0.34218624234199524
3601 3728 0.35471153259277344
3603 3742 0.48078545928001404
3604 3745 0.42672199010849
3605 3823 0.3002180755138397
3607 3842 0.2547985911369324
3608 3825 0.59731125831604
3609 3827 0.4973180890083313
3610 3869 0.6470292806625366
3611 3828 0.5468600392341614
3612 3829 0.3785255253314972
3614 3901 0.4364362359046936
3615 3639 0.2918701469898224
3616 3702 0.37415122985839844
3620 3743 0.40417563915252686
3621 3843 0.4579787850379944
3622 3846 0.43103209137916565
3623 3858 0.380176305770874
3625 3629 0.34127211570739746
3626 3699 0.2896747589111328
3628 3681 0.6420626044273376
3629 3647 0.3640199303627014
3630 3688 0.37264174222946167
3631 3727 0.3671591877937317
3633 3777 0.47346293926239014
3634 3746 0.3613831400871277
3636 3859 0.48549437522888184
3638 3630 0.32688528299331665
3640 3689 0.3312928378582001
3641 3726 0.25671201944351196
3645 3824 0.4613678753376007
3646 3914 0.40459370613098145
3647 3845 0.5026527643203735
3648 3900 0.6076051592826843
3651 3679 0.2665117084980011
3652 3680 0.34522807598114014
3653 3722 0.3861182928085327
3656 3839 0.2574215233325958
3657 3806 0.3607141375541687
3658 3778 0.3460613787174225
3659 3868 0.28160789608955383
3661 3723 0.5208976864814758
3662 3776 0.2779514789581299
3663 3762 0.30147790908813477
3664 3807 0.4524644911289215
3665 3794 0.5158016085624695
3666 3897 0.5302250385284424
3667 3898 0.604146420955658
3668 3888 0.45636603236198425
3670 3916 0.6079135537147522
3671 4012 0.46156150102615356
3672 3758 0.2834527790546417
3673 3740 0.5269293189048767
3674 3714 0.35560742020606995
3675 3724 0.2943032681941986
3676 3761 0.5295494198799133
3677 3793 0.41740623116493225
3678 3927 0.425391286611557
3679 3899 0.40903082489967346
3680 3928 0.4848368763923645
3682 3951 0.7957654595375061
3683 3963 0.5200558304786682
3684 3965 0.26018133759498596
3685 3678 0.4317190945148468
3687 3739 0.5205490589141846
3688 3757 0.2622334659099579
3690 3775 0.39991894364356995
3691 3840 0.28522130846977234
3692 3856 0.682226300239563
3694 3913 0.25501883029937744
3695 3925 0.4404981732368469
3698 3774 0.2677222192287445
3699 3759 0.3716040551662445
3700 3760 0.27911466360092163
3701 3792 0.3639407753944397
3702 3822 0.46981069445610046
3703 3950 0.5053645968437195
3704 3970 0.8378077149391174
3705 3962 0.36670777201652527
3706 3660 0.33818545937538147
3707 3802 0.2722802758216858
3708 3803 0.44076499342918396
3710 3756 0.4509197771549225
3711 3713 0.3598537743091583
3712 3805 0.28714486956596375
3714 3841 0.5193035006523132
3716 3935 0.5584378242492676
3718 3949 0.4696005880832672
3719 3961 0.4038889706134796
3720 3936 0.4671790897846222
3721 3969 0.5569831132888794
3722 3999 0.4642380475997925
3723 3977 0.44138798117637634
3724 4056 0.29137539863586426
3725 3979 0.8984987735748291
3728 3772 0.40608659386634827
3730 3788 0.26279300451278687
3731 3790 0.2595907151699066
3732 3836 0.38378122448921204
3734 3855 0.4494728744029999
3735 3867 0.367009699344635
3736 3992 0.3640633225440979
3737 3994 0.40083685517311096
3739 3947 0.46244579553604126
3740 3968 0.46714702248573303
3744 3738 0.3068004846572876
3745 3801 0.47405076026916504
3747 3819 0.28323471546173096
3749 3851 0.3771684765815735
3750 3865 0.43723735213279724
3751 3866 0.5710127353668213
3752 3852 0.7122224569320679
3753 3997 0.3363604247570038
3755 4057 0.5116875767707825
3757 3773 0.34219929575920105
3758 3789 0.30442339181900024
3759 3880 0.5795459747314453
3760 3838 0.3034949004650116
3761 3883 0.3399597704410553
3762 3909 0.4671189486980438
3765 3960 0.4222463369369507
3767 4027 0.3796513080596924
3768 4041 0.2567688226699829
3769 3785 0.6278451681137085
3772 3804 0.25928789377212524
3773 3881 0.4074462652206421
3774 3885 0.2626972794532776
3775 3910 0.38723859190940857
3776 3911 0.411128968000412
3777 3995 0.3736673593521118
3778 3998 0.4564700722694397
3779 4025 0.4552046060562134
3780 4026 0.4280197024345398
3782 4000 0.5663778185844421
3784 3786 0.26244688034057617
3787 3818 0.9827722907066345
3790 3875 0.27679312229156494
3791 3850 0.2662627398967743
3792 3877 0.37693870067596436
3793 3878 0.256634920835495
3794 3857 0.4814884066581726
3795 3996 0.39814937114715576
3796 3975 0.3986634612083435
3797 4055 0.5893780589103699
3798 4070 0.4905660152435303
3799 3800 0.31751835346221924
3800 3817 0.33922040462493896
3802 3849 0.317045122385025
3803 3923 0.39333483576774597
3804 3924 0.3759033977985382
3806 4023 0.49235689640045166
3807 4078 0.6091514229774475
3810 3908 0.3971289098262787
3812 3946 0.579958438873291
3813 4038 0.43169811367988586
3814 4077 0.6723607182502747
3815 4058 0.4051184058189392
3816 4071 0.32936426997184753
3817 3833 0.2650567889213562
3819 3941 0.3491086959838867
3820 3848 0.38861557841300964
3821 3871 0.46465128660202026
3826 3907 0.3085080683231354
3830 4039 0.6340228319168091
3831 4090 0.5841749906539917
3832 4104 0.4442999064922333
3833 3816 0.7470008730888367
3837 3905 0.39356034994125366
3838 3906 0.46922993659973145
3839 3919 0.258546382188797
3840 4069 0.5744209289550781
3845 3957 0.35871824622154236
3846 3944 0.3808385729789734
3847 4099 0.377926766872406
3848 4112 0.4361986219882965
3849 4105 0.39668527245521545
3850 4129 0.5744971036911011
3851 3894 0.3539086878299713
3855 3943 0.48551660776138306
3856 3987 0.6217015981674194
3857 4053 0.3709362745285034
3859 4102 0.4993254840373993
3861 4128 0.3533819019794464
3862 3893 0.40228137373924255
3863 3917 0.3074304759502411
3868 3942 0.3363979756832123
3871 3958 0.2506629526615143
3872 3990 0.379391074180603
3873 3991 0.5811476707458496
3875 4054 0.46830230951309204
3876 4076 0.8124246001243591
3877 4103 0.4400707185268402
3878 3892 0.4546310603618622
3879 3918 0.2715463936328888
3880 3967 0.2979561984539032
3884 4126 0.5056118965148926
3886 4142 0.7266958355903625
3887 4170 0.41856980323791504
3888 3945 0.41036394238471985
3890 4160 0.5949246883392334
3891 3954 0.36695578694343567
3892 3955 0.3525312840938568
3893 3988 0.3106532692909241
3894 4037 0.3546563982963562
3895 4052 0.3948061466217041
3897 4022 0.5196840167045593
3898 3974 0.49559375643730164
3899 4068 0.41961097717285156
3900 4087 0.427774041891098
3901 4089 0.4061218500137329
3902 4178 0.5184875130653381
3903 4195 0.5036354660987854
3904 4235 0.2570022940635681
3906 3953 0.25909483432769775
3907 3985 0.2922745943069458
3908 4006 0.4436410963535309
3909 4035 0.25115278363227844
3910 4075 0.42176660895347595
3911 4088 0.4493168890476227
3912 4125 0.5287293791770935
3913 4140 0.29029837250709534
3914 4159 0.4194721281528473
3915 4141 0.4368347227573395
3916 4208 0.36623314023017883
3918 3972 0.32635077834129333
3919 4007 0.6425581574440002
3924 4109 0.47148576378822327
3925 4158 0.29604771733283997
3926 4177 0.535832941532135
3927 4168 0.8197692632675171
3928 4222 0.6070427894592285
3929 4225 0.3456283211708069
3930 3984 0.451352596282959
3932 4034 0.336038202047348
3934 4139 0.3451964557170868
3935 4096 0.2911917567253113
3936 4097 0.4636920392513275
3938 4120 0.40662139654159546
3940 4121 0.2875290513038635
3941 4123 0.4288552701473236
3942 4124 0.4699079096317291
3944 4204 0.39567798376083374
3945 4205 0.3583807647228241
3946 4207 0.5787490010261536
3947 4220 0.5821389555931091
3948 4221 0.5333373546600342
3949 4223 0.4309132993221283
3952 4021 0.3717912435531616
3956 4084 0.2778078317642212
3958 4072 0.27881723642349243
3959 4073 0.3240464925765991
3962 4108 0.26228025555610657
3963 4122 0.308018296957016
3964 4194 0.4171566963195801
3967 4206 0.35408052802085876
3969 4085 0.35707685351371765
3970 4094 0.28152626752853394
3971 4095 0.44048598408699036
3972 4119 0.42467665672302246
3973 4146 0.5730170011520386
3974 4193 0.38797271251678467
3975 4202 0.8330766558647156
3979 4234 0.5750808715820312
3981 4015 0.5312210917472839
3982 4018 0.35897696018218994
3983 4083 0.4964040517807007
3985 4093 0.5226612091064453
3986 4106 0.524346649646759
3987 4145 0.4661954939365387
3988 4157 0.3544295132160187
3991 4247 0.3233843147754669
3992 4249 0.7268621921539307
3993 4250 0.5541046857833862
3996 4016 0.484341025352478
3997 4017 0.47186633944511414
3999 4033 0.3281165063381195
4000 4046 0.3516797125339508
4002 4047 0.2829560935497284
4004 4005 0.3029495179653168
4005 4049 0.35457488894462585
4006 4050 0.30623483657836914
4007 4067 0.30830690264701843
4008 4107 0.4657782018184662
4009 4118 0.31480804085731506
4010 4134 0.42082202434539795
4011 4138 0.3967079818248749
4013 4155 0.5884861350059509
4014 4156 0.4535185992717743
4015 4065 0.25966203212738037
4017 4080 0.7127605676651001
4019 4082 0.47419092059135437
4020 4117 0.7954429984092712
4022 4136 0.3796473443508148
4023 4137 0.2760634124279022
4025 4192 0.5099211931228638
4026 4201 0.39909446239471436
4028 4246 0.50504469871521
4029 4032 0.44118261337280273
4033 4154 0.37319085001945496
4034 4176 0.35513633489608765
4037 4303 0.3500838875770569
4038 4304 0.4146804213523865
4040 4200 0.6611014604568481
4041 4233 0.533233642578125
4042 4283 0.5446314215660095
4043 4284 0.7156355381011963
4046 4066 0.4258081316947937
4047 4092 0.33718326687812805
4048 4079 0.3586830198764801
4049 4116 0.4567823112010956
4051 4131 0.35299891233444214
4052 4144 0.3845410645008087
4053 4165 0.3697703778743744
4054 4190 0.6589688658714294
4056 4245 0.39046338200569153
4059 4219 0.547285258769989
4060 4349 0.3915540874004364
4061 4113 0.25828710198402405
4062 4064 0.2898634970188141
4063 4151 0.4146828055381775
4064 4152 0.37872955203056335
4066 4241 0.33965611457824707
4068 4260 0.3989064693450928
4069 4323 0.6020092368125916
4070 4324 0.48597797751426697
4071 4325 0.5542172789573669
4074 4217 0.7022451758384705
4075 4218 0.6797707676887512
4076 4244 0.4287616014480591
4077 4282 0.4073813855648041
4078 4301 0.5705832242965698
4080 4175 0.7944892644882202
4081 4382 0.3062070906162262
4086 4114 0.4510401785373688
4087 4150 0.3015311062335968
4088 4172 0.34243303537368774
4089 4135 0.5030829310417175
4090 4230 0.362403005361557
4091 4231 0.33009034395217896
4093 4232 0.5183199048042297
4094 4242 0.5580645799636841
4095 4269 0.48094046115875244
4097 4259 0.5496159195899963
4098 4298 0.49863454699516296
4099 4299 0.6133894324302673
4100 4322 0.4337073266506195
4102 4372 0.6933062672615051
4104 4130 0.4244215786457062
4105 4181 0.4480156898498535
4109 4163 0.44286245107650757
4111 4229 0.2882393002510071
4113 4280 0.2843668460845947
4114 4295 0.5142558813095093
4115 4281 0.5805322527885437
4116 4296 0.5278562307357788
4117 4297 0.5361882448196411
4118 4300 0.3086363673210144
4122 4371 0.4896961450576782
4123 4380 0.4367314279079437
4124 4162 0.3544163405895233
4125 4171 0.7412223219871521
4126 4355 0.5139690637588501
4127 4401 0.5318324565887451
4128 4415 0.2724810540676117
4131 4147 0.39064738154411316
4133 4199 0.2598136365413666
4134 4188 0.307364821434021
4137 4216 0.37678882479667664
4138 4174 0.4442092478275299
4139 4228 0.373938649892807
4140 4278 0.34277579188346863
4142 4320 0.4330299496650696
4143 4279 0.3447822630405426
4144 4354 0.37406668066978455
4147 4161 0.5252280235290527
4148 4180 0.41307714581489563
4149 4183 0.2698904573917389
4150 4184 0.2662896513938904
4152 4186 0.44116872549057007
4153 4240 0.48359838128089905
4154 4309 0.3802437484264374
4155 4275 0.34077873826026917
4158 4321 0.6448959112167358
4159 4379 0.4673132300376892
4161 4410 0.361940860748291
4162 4413 0.4162276089191437
4163 4414 0.44518041610717773
4165 4312 0.5117480754852295
4166 4345 0.5401251316070557
4167 4346 0.48059704899787903
4168 4347 0.45686203241348267
4169 4348 0.42186716198921204
4171 4386 0.45684459805488586
4173 4435 0.37680894136428833
4174 4446 0.2534416913986206
4176 4212 0.2634398937225342
4177 4213 0.2914729416370392
4179 4258 0.2607046663761139
4180 4268 0.2973322868347168
4182 4331 0.28768622875213623
4183 4332 0.41419270634651184
4184 4353 0.4943758547306061
4185 4360 0.42940160632133484
4187 4445 0.2910124361515045
4188 4196 0.30225807428359985
4189 4197 0.38428995013237
4191 4274 0.27037012577056885
4192 4333 0.4482315182685852
4193 4367 0.4834526479244232
4197 4411 0.3499250113964081
4198 4265 0.31463125348091125
4200 4357 0.422431617975235
4204 4344 0.48194366693496704
4208 4429 0.4368680715560913
4210 4432 0.33665695786476135
4212 4182 0.3919452428817749
4215 4266 0.25276896357536316
4217 4319 0.36363685131073
4219 4330 0.7387248873710632
4221 4358 0.43173640966415405
4222 4343 0.37161824107170105
4224 4385 0.44067126512527466
4225 4378 0.44724175333976746
4226 4370 0.47741761803627014
4227 4423 0.4121936857700348
4229 4475 0.37833172082901
4230 4252 0.35557690262794495
4231 4237 0.28328657150268555
4232 4308 0.439024418592453
4233 4293 0.4579172134399414
4234 4365 0.31008970737457275
4235 4342 0.5078750848770142
4236 4368 0.4600449502468109
4237 4369 0.4810418486595154
4238 4375 0.38739150762557983
4239 4439 0.4149680435657501
4241 4442 0.45971426367759705
4242 4254 0.47348371148109436
4245 4376 0.4136810898780823
4246 4397 0.4284869134426117
4247 4398 0.46337464451789856
4248 4377 0.32653945684432983
4249 4438 0.3185064494609833
4250 4431 0.380462110042572
4251 4255 0.28056755661964417
4252 4256 0.2952010929584503
4255 4292 0.6143401861190796
4257 4392 0.43792256712913513
4258 4384 0.3755565285682678
4259 4457 0.3458937704563141
4260 4406 0.5659480690956116
4261 4394 0.35607877373695374
4262 4395 0.35832640528678894
4263 4396 0.358341783285141
4264 4459 0.3022935390472412
4265 4474 0.4127369225025177
4268 4484 0.6716839671134949
4269 4273 0.30049020051956177
4270 4291 0.3063008487224579
4271 4307 0.6016407608985901
4272 4326 0.43577495217323303
4273 4327 0.3143199384212494
4274 4340 0.29024937748908997
4275 4341 0.31470987200737
4276 4328 0.33346351981163025
4278 4390 0.5040246248245239
4279 4391 0.47081807255744934
4281 4393 0.3674317002296448
4283 4422 0.4594214856624603
4284 4507 0.2824820876121521
4286 4485 0.5231364369392395
4287 4492 0.3120059669017792
4289 4494 0.26872727274894714
4291 4287 0.3879964053630829
4292 4366 0.3201228380203247
4293 4418 0.3196844458580017
4294 4420 0.6277230381965637
4295 4428 0.3387296795845032
4296 4399 0.4015538692474365
4297 4473 0.27901485562324524
4298 4490 0.4029602110385895
4299 4491 0.39404594898223877
4300 4443 0.6336287260055542
4301 4289 0.3662729561328888
4302 4290 0.47369417548179626
4303 4388 0.40873876214027405
4306 4318 0.3147050738334656
4307 4286 0.4245240092277527
4308 4356 0.4445211589336395
4309 4389 0.2857917249202728
4310 4404 0.47683653235435486
4311 4437 0.3711468279361725
4313 4421 0.3498569428920746
4315 4458 0.5599977374076843
4319 4509 0.4291146397590637
4320 4510 0.42625829577445984
4322 4317 0.25934821367263794
4323 4403 0.4409264326095581
4324 4501 0.3887579143047333
4327 4427 0.5745787024497986
4328 4471 0.4735044836997986
4329 4472 0.4731763005256653
4330 4489 0.25298503041267395
4331 4519 0.30506160855293274
4332 4498 0.5999722480773926
4336 4453 0.4975837469100952
4337 4454 0.44284430146217346
4340 4426 0.4703737795352936
4341 4436 0.4131673574447632
4342 4470 0.41365545988082886
4343 4508 0.325529545545578
4344 4339 0.4898339509963989
4345 4352 0.5013036727905273
4346 4452 0.3124415874481201
4349 4546 0.27974385023117065
4353 4351 0.35759928822517395
4354 4495 0.31174901127815247
4355 4496 0.49241089820861816
4356 4483 0.48682501912117004
4359 4478 0.3962137997150421
4360 4497 0.42198827862739563
4361 4529 0.2675093710422516
4363 4364 0.3863455355167389
4364 4482 0.3725713789463043
4365 4488 0.3577551543712616
4366 4540 0.3397487699985504
4369 4566 0.27092352509498596
4370 4374 0.33206307888031006
4372 4505 0.47421354055404663
4378 4523 0.3575921058654785
4379 4503 0.6314401626586914
4380 4504 0.47305944561958313
4381 4383 0.4540400505065918
4382 4512 0.42105525732040405
4383 4502 0.7462126612663269
4384 4526 0.6132578253746033
4385 4517 0.44697651267051697
4387 4515 0.3688817322254181
4389 4563 0.37013697624206543
4390 4516 0.6953874826431274
4391 4580 0.3849087059497833
4395 4607 0.29043740034103394
4396 4584 0.30154088139533997
4397 4585 0.25634774565696716
4398 4524 0.6563034057617188
4399 4525 0.5831713676452637
4400 4539 0.4638083577156067
4401 4595 0.3196042776107788
4402 4535 0.29146015644073486
4403 4550 0.561750590801239
4404 4545 0.37999507784843445
4405 4610 0.25684401392936707
4407 4605 0.2764514982700348
4413 4559 0.3993297219276428
4414 4617 0.311729371547699
4418 4551 0.4654935598373413
4420 4564 0.37427401542663574
4421 4616 0.34457844495773315
4422 4466 0.3983069956302643
4423 4450 0.4068160951137543
4424 4467 0.5294438600540161
4427 4425 0.40517404675483704
4428 4487 0.5402544736862183
4429 4556 0.3492378890514374
4430 4579 0.3869580328464508
4431 4594 0.3452027142047882
4433 4569 0.410003662109375
4435 4589 0.36571240425109863
4436 4639 0.39399033784866333
4438 4643 0.29379430413246155
4439 4549 0.3444690406322479
4440 4574 0.343564510345459
4443 4603 0.33228451013565063
4444 4653 0.38370585441589355
4445 4577 0.33390045166015625
4446 4578 0.32482650876045227
4447 4593 0.43374621868133545
4448 4604 0.5626115798950195
4450 4591 0.3485032618045807
4451 4575 0.3613462746143341
4452 4576 0.31660187244415283
4453 4615 0.387172132730484
4458 4599 0.37462788820266724
4459 4592 0.508648693561554
4461 4626 0.4203026294708252
4463 4630 0.4466513991355896
4464 4601 0.2533022463321686
4466 4642 0.3953087329864502
4469 4533 0.4809519350528717
4471 4600 0.38399502635002136
4472 4625 0.39907464385032654
4473 4633 0.2830219268798828
4475 4661 0.4488363564014435
4476 4532 0.5340524911880493
4477 4543 0.6692567467689514
4478 4562 0.3330008089542389
4479 4631 0.4504109025001526
4482 4548 0.358553409576416
4483 4648 0.3470320403575897
4484 4649 0.3692203164100647
4485 4650 0.43826183676719666
4486 4651 0.34166157245635986
4487 4652 0.38259392976760864
4488 4572 0.35330843925476074
4491 4659 0.3636295795440674
4492 4561 0.4436030387878418
4495 4671 0.48451149463653564
4498 4568 0.41603991389274597
4499 4586 0.3602617084980011
4501 4683 0.47793328762054443
4503 4597 0.5811620950698853
4504 4590 0.6486089825630188
4508 4717 0.6836931109428406
4510 4598 0.3648255169391632
4511 4682 0.33596065640449524
4512 4690 0.34455379843711853
4513 4718 0.3893875777721405
4514 4728 0.3887401223182678
4516 4628 0.39749303460121155
4517 4612 0.7018521428108215
4518 4689 0.45432376861572266
4519 4611 0.33199310302734375
4520 4619 0.45670172572135925
4521 4620 0.47313210368156433
4522 4621 0.5652253031730652
4523 4629 0.4638853073120117
4524 4696 0.33457332849502563
4525 4703 0.383749395608902
4528 4698 0.3946017622947693
4529 4701 0.31054070591926575
4530 4699 0.507835328578949
4531 4654 0.2840676009654999
4532 4645 0.32814496755599976
4533 4716 0.364846408367157
4534 4640 0.3635924756526947
4536 4726 0.4638822078704834
4538 4657 0.32252222299575806
4539 4664 0.41559258103370667
4540 4673 0.3489718735218048
4541 4735 0.39569610357284546
4543 4727 0.38831067085266113
4544 4663 0.33335191011428833
4545 4679 0.3400246202945709
4546 4655 0.488832950592041
4549 4742 0.4758058488368988
4550 4748 0.38139721751213074
4551 4750 0.423626571893692
4552 4754 0.3963513672351837
4553 4755 0.5389077663421631
4554 4674 0.2571597099304199
4555 4740 0.3658226430416107
4556 4741 0.485241174697876
4557 4675 0.9255176186561584
4558 4676 0.41603949666023254
4559 4678 0.292337030172348
4560 4778 0.4790046811103821
4561 4749 0.2941492199897766
4563 4763 0.2680591940879822
4564 4765 0.3919691741466522
4565 4766 0.3390935957431793
4567 4767 0.25429075956344604
4569 4769 0.4806850552558899
4570 4780 0.3506505787372589
4571 4759 0.4422956109046936
4572 4760 0.35493555665016174
4573 4775 0.3421180546283722
4574 4687 0.6066527366638184
4578 4773 0.39308321475982666
4579 4774 0.3711461126804352
4580 4686 0.31415003538131714
4582 4784 0.36452850699424744
4583 4680 0.5234647989273071
4584 4692 0.3575259745121002
4588 4799 0.4712282121181488
4589 4783 0.3240591585636139
4590 4836 0.6200554966926575
4591 4702 0.5328589677810669
4592 4694 0.36863696575164795
4593 4695 0.30968719720840454
4594 4790 0.5106199979782104
4596 4705 0.2771589756011963
4597 4712 0.3364461064338684
4598 4714 0.2566163241863251
4599 4794 0.30506742000579834
4601 4795 0.3137141168117523
4604 4725 0.3535780906677246
4607 4802 0.3392268717288971
4609 4722 0.3826307952404022
4610 4713 0.28054267168045044
4611 4801 0.41859135031700134
4612 4723 0.2986566126346588
4614 4724 0.3114542067050934
4615 4731 0.29265111684799194
4616 4732 0.30641451478004456
4619 4733 0.28343385457992554
4621 4805 0.3064875602722168
4624 4835 0.3536941111087799
4625 4730 0.2767347991466522
4628 4829 0.42053478956222534
4629 4825 0.5908468961715698
4632 4815 0.377310574054718
4633 4816 0.30700770020484924
4634 4814 0.2635901868343353
4635 4824 0.38041603565216064
4636 4744 0.47607409954071045
4637 4745 0.272447794675827
4639 4736 0.27102455496788025
4640 4820 0.29324397444725037
4641 4821 0.3177903890609741
4642 4822 0.36737316846847534
4643 4823 0.4168425500392914
4645 4708 0.31892284750938416
4647 4832 0.2974168062210083
4648 4833 0.30497026443481445
4650 4828 0.3452208340167999
4652 4779 0.3953913152217865
4653 4848 0.37451574206352234
4654 4770 0.49706345796585083
4655 4847 0.3392540514469147
4657 4858 0.2924089729785919
4658 4781 0.2958546578884125
4659 4793 0.4987286925315857
4661 4856 0.31008821725845337
4662 4859 0.6674402356147766
4667 4864 0.2552066445350647
4668 4798 0.4094964563846588
4670 4857 0.34560856223106384
4671 4862 0.3703290522098541
4674 4797 0.3978176712989807
4676 4811 0.4501347839832306
4679 4865 0.4170079529285431
4680 4869 0.3767532408237457
4681 4870 0.40209802985191345
4687 4810 0.4621645212173462
4688 4867 0.3994843661785126
4691 4875 0.41799020767211914
4695 4882 0.3228142559528351
4703 4855 0.33032462000846863
4705 4889 0.26252222061157227
4706 4854 0.3990190923213959
4707 4852 0.3883340060710907
4708 4853 0.37844324111938477
4710 4868 0.42139992117881775
4712 4879 0.35842177271842957
4713 4880 0.25807955861091614
4714 4881 0.3651871979236603
4716 4895 0.5856571197509766
4717 4888 0.4586212635040283
4719 4891 0.5185868740081787
4720 4894 0.3315741717815399
4723 4898 0.37474653124809265
4724 4899 0.32839134335517883
4725 4897 0.5012539625167847
4726 4901 0.4969274401664734
4727 4902 0.8558324575424194
4728 4904 0.7717642784118652
4730 4905 0.4561785161495209
