2456
28 49 0.8955705165863037
29 53 0.9117833375930786
32 55 0.4140714406967163
34 58 0.4801604449748993
36 60 0.4746963083744049
37 61 0.4331901967525482
38 64 0.34374773502349854
39 65 0.43918606638908386
40 68 0.37919431924819946
42 69 0.3060830235481262
43 71 0.3362760841846466
46 81 0.28485730290412903
47 70 0.3037749230861664
48 75 0.31589221954345703
50 80 0.41788217425346375
63 93 0.25709667801856995
66 101 0.368204802274704
70 104 0.2575472295284271
77 113 0.25209394097328186
80 116 0.2971775233745575
81 115 0.3077945411205292
82 120 0.3282416760921478
119 149 0.28746297955513
123 160 0.31068408489227295
125 165 0.3567841053009033
131 164 0.41929173469543457
147 173 0.9659057855606079
148 187 0.2959085702896118
160 194 0.2904307544231415
161 191 0.3419441878795624
168 197 0.2869899272918701
174 206 0.3287253677845001
175 201 0.4146369397640228
179 210 0.3241253197193146
183 211 0.3938227891921997
184 219 0.287765234708786
186 222 0.37828120589256287
188 220 0.3765549659729004
189 226 0.2669517695903778
195 227 0.3001488149166107
207 230 0.4197898805141449
213 232 0.3554917871952057
216 240 0.3008698523044586
217 237 0.34256109595298767
221 234 0.35164451599121094
222 244 0.30754512548446655
223 235 0.39899665117263794
226 242 0.6223399043083191
228 260 0.2514151930809021
231 252 0.27191799879074097
243 254 0.25225889682769775
246 258 0.3484514355659485
247 259 0.32613828778266907
253 280 0.2615698277950287
257 270 0.2951124310493469
263 271 0.3189830780029297
264 265 0.3638647794723511
266 281 0.35298848152160645
269 274 0.37809979915618896
270 283 0.2752980887889862
275 282 0.4261960983276367
280 276 0.3481587767601013
289 292 0.27931997179985046
294 290 0.4244746267795563
295 299 0.44414740800857544
304 297 0.5517413020133972
317 305 0.4786946177482605
319 319 0.3040983974933624
320 325 0.5169968605041504
326 309 0.27587735652923584
330 329 0.4379142224788666
334 334 0.2521047592163086
337 328 0.29066598415374756
340 341 0.5393587350845337
349 351 0.33090826869010925
350 352 0.3817654848098755
358 347 0.3764537274837494
373 348 0.3022606670856476
374 359 0.5082617402076721
378 376 0.2924703359603882
381 389 0.2762986421585083
382 361 0.6524056792259216
384 386 0.4057900607585907
386 372 0.26803237199783325
387 373 0.38104382157325745
388 374 0.5247248411178589
389 375 0.3487912118434906
390 368 0.290370374917984
391 369 0.33594369888305664
392 377 0.3893660306930542
398 384 0.296085000038147
402 381 0.5438783168792725
405 362 0.26665863394737244
409 367 0.2836509943008423
411 378 0.2530685365200043
417 390 0.647407591342926
419 392 0.37615442276000977
429 419 0.3291011452674866
433 404 0.7122027277946472
436 398 0.2520146071910858
437 400 0.8389902710914612
438 393 0.3765427768230438
440 406 0.3273507356643677
452 414 0.6525475382804871
453 418 0.2565869688987732
455 402 0.3074859082698822
456 403 0.3445146977901459
461 433 0.30939966440200806
463 407 0.2804570496082306
472 411 0.32494425773620605
474 428 0.30520710349082947
477 424 0.4179391860961914
482 432 0.3439621925354004
487 426 0.26859787106513977
492 442 0.250470370054245
494 430 0.40644535422325134
496 447 0.2795475423336029
497 439 0.2791799008846283
502 444 0.30250462889671326
503 445 0.3973880410194397
505 441 0.4104633629322052
512 460 0.2612783908843994
513 450 0.3093745708465576
514 434 0.35039517283439636
519 448 0.4362460672855377
521 438 0.3284420967102051
530 454 0.46364250779151917
539 471 0.6115413904190063
551 478 0.27278032898902893
552 499 0.5802676677703857
554 488 0.3027077913284302
559 472 0.9261559844017029
560 452 0.3224520981311798
561 420 0.3151141107082367
571 446 0.4755028188228607
573 493 0.3026520907878876
579 498 0.29946887493133545
580 500 0.5232177376747131
588 491 0.268191397190094
590 494 0.27698299288749695
591 506 0.32122379541397095
592 518 0.28940773010253906
593 479 0.26172029972076416
597 511 0.2864113748073578
598 501 0.3862634003162384
607 549 0.335344135761261
608 537 0.3275824785232544
612 514 0.342087060213089
613 517 0.5599122643470764
614 525 0.6166346669197083
619 502 0.36419978737831116
620 522 0.28831931948661804
621 523 0.28485703468322754
622 516 0.34304723143577576
629 539 0.4031139612197876
634 573 0.2891525626182556
635 553 0.30199098587036133
636 554 0.35953474044799805
637 561 0.3588147461414337
639 544 0.25647345185279846
647 588 0.44177499413490295
648 589 0.3431270718574524
649 604 0.41792723536491394
650 550 0.3184979259967804
651 545 0.29481565952301025
652 557 0.3924460709095001
660 556 0.34179845452308655
662 575 0.33074042201042175
664 576 0.4891318678855896
665 569 0.4450887441635132
672 582 0.39709368348121643
673 562 0.4166676700115204
674 585 0.41938772797584534
681 616 0.40878981351852417
682 647 0.28436169028282166
683 648 0.36293908953666687
685 580 0.42635101079940796
688 649 0.5918840169906616
691 607 0.29170987010002136
693 590 0.3555240035057068
694 600 0.42470380663871765
698 654 0.6328219175338745
699 638 0.3816060423851013
700 618 0.33449071645736694
702 620 0.34234750270843506
703 644 0.2799781858921051
704 629 0.27596786618232727
706 639 0.2503032088279724
715 656 0.2711445093154907
717 651 0.3177531063556671
718 609 0.36333805322647095
720 642 0.3674064576625824
722 674 0.29575762152671814
726 660 0.256151020526886
729 622 0.34966012835502625
730 662 0.48308441042900085
731 663 0.4222753345966339
732 664 0.2846047878265381
733 665 0.31531432271003723
735 566 0.48932361602783203
737 555 0.26740989089012146
738 567 0.28459039330482483
742 698 0.3504082262516022
744 702 0.33740234375
748 671 0.29097580909729004
749 564 0.26172253489494324
750 666 0.4751623868942261
756 699 0.539055347442627
757 700 0.31195420026779175
758 701 0.39783623814582825
759 681 0.5034255981445312
760 669 0.4988618791103363
761 578 0.2755216062068939
765 703 0.3911857008934021
766 716 0.5026392936706543
768 679 0.5558502078056335
769 680 0.39926958084106445
770 682 0.4693695604801178
771 689 0.2923283874988556
777 714 0.3962568938732147
779 738 0.2596461772918701
780 675 0.34937480092048645
783 686 0.25172948837280273
784 691 0.29444700479507446
786 595 0.4083491265773773
787 596 0.3332791328430176
790 695 0.5753419995307922
794 678 0.2771996855735779
796 687 0.4498828649520874
797 688 0.5260586738586426
798 722 0.39617300033569336
799 690 0.4444219768047333
803 705 0.7174676656723022
805 706 0.6886283755302429
812 743 0.3397056758403778
822 747 0.46231791377067566
823 756 0.7504167556762695
825 740 0.34448087215423584
826 725 0.26755988597869873
829 748 0.39394035935401917
833 708 0.4080198109149933
838 694 0.259162038564682
847 736 0.3121268153190613
848 737 0.2508805990219116
851 770 0.2959926724433899
852 772 0.5076891183853149
853 739 0.31139007210731506
854 757 0.3630187213420868
855 742 0.4306791126728058
858 625 0.38285014033317566
867 746 0.2929717004299164
868 751 0.3479410409927368
869 752 0.4953310489654541
871 730 0.2875526547431946
885 782 0.2564401626586914
887 795 0.5048193335533142
888 796 0.47281768918037415
890 745 0.3264037072658539
895 773 0.5588346719741821
896 760 0.26057741045951843
897 768 0.3979550302028656
900 778 0.3064282238483429
905 769 0.32555532455444336
906 763 0.3920140266418457
907 785 0.2863540053367615
909 672 0.27737632393836975
911 723 0.40084218978881836
915 767 0.357119083404541
921 814 0.3385985493659973
922 815 0.5922482013702393
923 784 0.48300701379776
924 779 0.5097840428352356
929 802 0.2905482053756714
930 851 0.32844647765159607
931 822 0.2652737498283386
932 774 0.3242650628089905
933 776 0.3386673331260681
934 790 0.3744678795337677
936 798 0.4187478721141815
939 845 0.2738064229488373
941 833 0.3081819713115692
942 834 0.37152257561683655
945 783 0.49139198660850525
948 808 0.4043406546115875
953 800 0.45277440547943115
958 813 0.40082308650016785
962 835 0.28400638699531555
963 803 0.49584195017814636
965 804 0.4322810471057892
968 816 0.4359191656112671
973 855 0.30529385805130005
974 857 0.32185330986976624
978 820 0.2822720408439636
981 858 0.43635591864585876
982 807 0.28552231192588806
984 844 0.3637440502643585
990 856 0.2649106979370117
991 836 0.5109278559684753
996 877 0.292965829372406
1001 878 0.6303163170814514
1002 848 0.3844834864139557
1003 838 0.8413322567939758
1011 886 0.4717898368835449
1012 887 0.6039321422576904
1013 846 0.36090853810310364
1014 860 0.6721466183662415
1025 936 0.2595946788787842
1026 937 0.30598700046539307
1027 901 0.31840014457702637
1028 889 0.3076246380805969
1029 862 0.3152463734149933
1030 839 0.29646191000938416
1036 789 0.2871243357658386
1037 826 0.4399402141571045
1044 924 0.272305965423584
1046 926 0.3894057869911194
1047 894 0.27858972549438477
1049 890 0.4422740936279297
1066 985 0.475735068321228
1067 914 0.2731536328792572
1068 891 0.2715862989425659
1070 904 0.25739869475364685
1074 972 0.3498972952365875
1075 946 0.32923832535743713
1076 953 0.40688827633857727
1077 896 0.32519131898880005
1078 811 0.35984551906585693
1080 898 0.2571879029273987
1090 939 0.2704998552799225
1091 951 0.5432733297348022
1092 952 0.38478317856788635
1094 928 0.30216729640960693
1096 917 0.4371064305305481
1106 824 0.3487286865711212
1108 934 0.25062304735183716
1112 993 0.38742032647132874
1115 929 0.4001089036464691
1118 864 0.30475103855133057
1119 843 0.3833836019039154
1120 897 0.2927376627922058
1121 916 0.26868653297424316
1135 863 0.3907516896724701
1148 978 0.31669607758522034
1149 959 0.2699486315250397
1154 1018 0.27646151185035706
1155 998 0.4850144684314728
1156 955 0.3126356303691864
1158 981 0.267060250043869
1162 1017 0.38373804092407227
1163 1021 0.5025674104690552
1164 956 0.6891670823097229
1165 957 0.326077938079834
1173 1019 0.2685784101486206
1175 1026 0.49515676498413086
1176 1007 0.469123899936676
1179 986 0.26794445514678955
1186 1034 0.4035624861717224
1187 1025 0.36292317509651184
1188 979 0.4105890393257141
1189 994 0.789129376411438
1190 867 0.3822314143180847
1191 974 0.4011925160884857
1196 1035 0.4415428936481476
1197 1012 0.302844375371933
1200 1044 0.39879921078681946
1201 1008 0.6692121028900146
1203 995 0.4224618375301361
1212 1068 0.5736632943153381
1213 1069 0.40868887305259705
1214 1070 0.4386557340621948
1215 1071 0.487285315990448
1216 1055 0.45005279779434204
1217 999 0.3836289942264557
1218 1036 0.32412129640579224
1227 1085 0.54466313123703
1228 1056 0.5032369494438171
1229 941 0.2900277376174927
1230 932 0.36872416734695435
1231 1047 0.28802499175071716
1232 1057 0.26307785511016846
1235 1053 0.31126415729522705
1242 1046 0.32514265179634094
1247 1101 0.3734835088253021
1248 1037 0.33912336826324463
1249 973 0.6520125865936279
1250 1094 0.3846459686756134
1251 1109 0.48429805040359497
1252 1082 0.26880723237991333
1254 1048 0.28455621004104614
1255 1058 0.30115923285484314
1256 1059 0.4382229447364807
1257 1042 0.46056118607521057
1259 1051 0.37614795565605164
1260 1100 0.28990912437438965
1261 1107 0.3255472481250763
1266 1119 0.410146027803421
1267 1073 0.4070194363594055
1269 1120 0.4494325816631317
1270 1095 0.3031553030014038
1271 1083 0.3766591250896454
1272 1098 0.30913951992988586
1273 1086 0.425751268863678
1274 1074 0.3598860204219818
1277 1075 0.25947636365890503
1280 1077 0.2872163653373718
1281 1092 0.49107295274734497
1283 1099 0.4106399416923523
1284 1143 0.3224877715110779
1288 1110 0.5893954634666443
1289 1111 0.48161470890045166
1290 1039 0.38129574060440063
1291 1061 0.373466432094574
1292 1089 0.3161025643348694
1293 1093 0.4027773439884186
1295 1118 0.27622538805007935
1296 1144 0.5672367811203003
1297 1114 0.2887953817844391
1299 1121 0.37510624527931213
1300 1125 0.41921377182006836
1301 1090 0.26125073432922363
1303 1160 0.8295851349830627
1305 1159 0.3841950297355652
1307 1173 0.30080530047416687
1308 1115 0.25312888622283936
1309 1136 0.37321361899375916
1310 1130 0.36805489659309387
1311 1131 0.6667092442512512
1313 1060 0.37432292103767395
1316 1172 0.3366367518901825
1318 1186 0.4278654158115387
1320 1145 0.38516315817832947
1321 1146 0.487985223531723
1322 1158 0.28235819935798645
1323 1174 0.3098103702068329
1324 1137 0.3613138794898987
1325 1147 0.29033854603767395
1326 1132 0.45013949275016785
1329 1199 0.47488468885421753
1330 1201 0.35302045941352844
1331 1177 0.41201838850975037
1332 1178 0.2996825873851776
1333 1163 0.3422051668167114
1334 1164 0.27907848358154297
1335 1153 0.6021946668624878
1337 1212 0.43216150999069214
1338 1202 0.3195244073867798
1340 1175 0.2763355076313019
1341 1176 0.31594613194465637
1344 1113 0.41267237067222595
1345 1179 0.3205603063106537
1347 1165 0.41471245884895325
1351 1134 0.25841277837753296
1352 1198 0.2668326497077942
1355 1162 0.4251260459423065
1357 1155 0.31673717498779297
1358 1170 0.32493215799331665
1361 1088 0.3015345633029938
1362 1154 0.36802437901496887
1363 1167 0.5071887373924255
1365 1169 0.5122109651565552
1366 1252 0.29132288694381714
1369 1204 0.561492383480072
1372 1230 0.285104364156723
1377 1157 0.27430459856987
1379 1264 0.3856678307056427
1381 1236 0.2691378891468048
1382 1206 0.3710109293460846
1383 1112 0.2939733862876892
1384 1195 0.6693735718727112
1386 1197 0.2906346619129181
1387 1183 0.3321923017501831
1390 1205 0.3509480059146881
1391 1216 0.33538347482681274
1392 1233 0.3359837234020233
1393 1262 0.46049749851226807
1394 1242 0.26266270875930786
1399 1190 0.3713245689868927
1400 1122 0.39004021883010864
1403 1227 0.2699831426143646
1409 1297 0.29330044984817505
1410 1279 0.34454458951950073
1412 1124 0.29024356603622437
1413 1225 0.4903896749019623
1415 1217 0.2619762718677521
1416 1218 0.25474536418914795
1417 1220 0.3910342752933502
1421 1267 0.40849557518959045
1423 1105 0.30512911081314087
1424 1219 0.2862180471420288
1425 1312 0.2624518871307373
1427 1298 0.5382606387138367
1428 1265 0.29744574427604675
1429 1104 0.32092800736427307
1430 1148 0.3000414967536926
1431 1149 0.2744019031524658
1432 1150 0.3458195626735687
1439 1321 0.48118865489959717
1440 1322 0.4133841395378113
1442 1240 0.3741002082824707
1444 1313 0.2600521147251129
1446 1316 0.3359090983867645
1451 1336 0.38330644369125366
1452 1314 0.3848411738872528
1453 1181 0.3524092733860016
1454 1291 0.28917378187179565
1455 1292 0.3335799276828766
1456 1283 0.30778250098228455
1458 1256 0.3704795241355896
1461 1351 0.4436698853969574
1463 1271 0.30299633741378784
1464 1272 0.8311665654182434
1465 1284 0.25816473364830017
1466 1350 0.49630701541900635
1467 1352 0.38961824774742126
1468 1331 0.38222813606262207
1469 1324 0.3599419891834259
1475 1381 0.3220679461956024
1476 1369 0.26155662536621094
1477 1355 0.35670313239097595
1479 1315 0.30965471267700195
1481 1326 0.2592945694923401
1483 1376 0.32295745611190796
1484 1318 0.6049103140830994
1485 1343 0.3155149519443512
1487 1393 0.4694438874721527
1488 1354 0.2645052671432495
1489 1330 0.34423258900642395
1493 1341 0.26189282536506653
1495 1378 0.29451805353164673
1496 1293 0.5318872332572937
1497 1370 0.34437641501426697
1501 1221 0.2773895561695099
1505 1317 0.26230549812316895
1507 1401 0.3361920714378357
1509 1402 0.28126007318496704
1510 1416 0.2983984053134918
1511 1357 0.29815801978111267
1513 1373 0.33224520087242126
1517 1379 0.4593890607357025
1520 1427 0.5227977633476257
1522 1414 0.5315804481506348
1523 1415 0.4911450743675232
1527 1364 0.31031689047813416
1528 1408 0.31732067465782166
1531 1390 0.31954970955848694
1532 1438 0.45813867449760437
1533 1404 0.3812393844127655
1534 1395 0.3213806748390198
1535 1372 0.38361984491348267
1537 1244 0.28354740142822266
1538 1246 0.3166414201259613
1539 1387 0.35463982820510864
1540 1377 0.4376111328601837
1541 1388 0.31431275606155396
1542 1396 0.273859441280365
1543 1410 0.40517905354499817
1544 1464 0.37047138810157776
1545 1490 0.30055955052375793
1546 1467 0.3604823350906372
1547 1452 0.3291623592376709
1551 1375 0.3939433693885803
1553 1421 0.3267347514629364
1555 1409 0.369528204202652
1561 1436 0.401220440864563
1564 1465 0.3364425599575043
1565 1479 0.41804322600364685
1566 1466 0.49080562591552734
1567 1533 0.36559557914733887
1568 1440 0.41551095247268677
1570 1428 0.28173309564590454
1571 1441 0.5034952163696289
1572 1454 0.3046168088912964
1575 1480 0.6746962666511536
1576 1489 0.2970840036869049
1578 1501 0.3647434115409851
1579 1383 0.32053983211517334
1580 1418 0.30398648977279663
1585 1500 0.4191134572029114
1586 1525 0.2521434724330902
1587 1510 0.32972976565361023
1588 1492 0.29998111724853516
1589 1455 0.5856744050979614
1590 1419 0.30724024772644043
1591 1442 0.3009180724620819
1596 1434 0.27554866671562195
1597 1460 0.25790902972221375
1598 1461 0.31783342361450195
1603 1429 0.42524322867393494
1604 1546 0.32962507009506226
1606 1457 0.29462650418281555
1609 1526 0.41055184602737427
1612 1453 0.25517258048057556
1614 1327 0.2972642481327057
1616 1484 0.3562075197696686
1619 1554 0.28943726420402527
1622 1502 0.3478162884712219
1623 1469 0.3099566400051117
1624 1417 0.2505580484867096
1627 1470 0.2979744076728821
1628 1483 0.3133161664009094
1629 1458 0.33283731341362
1630 1472 0.39504945278167725
1632 1507 0.37359821796417236
1634 1426 0.4513164162635803
1635 1564 0.3462812602519989
1638 1494 0.3143574297428131
1639 1431 0.35147517919540405
1642 1498 0.3106159567832947
1644 1535 0.4232211410999298
1645 1527 0.43012744188308716
1646 1481 0.31094226241111755
1647 1397 0.5026743412017822
1649 1398 0.2692629098892212
1650 1360 0.46385878324508667
1651 1506 0.394854336977005
1652 1485 0.2548442780971527
1653 1532 0.2980195879936218
1657 1544 0.2634112536907196
1658 1545 0.32815343141555786
1660 1552 0.3815012574195862
1661 1521 0.32476580142974854
1662 1522 0.4950750768184662
1666 1596 0.5438866019248962
1667 1493 0.3123084306716919
1670 1518 0.3200410306453705
1671 1519 0.29761427640914917
1674 1555 0.3166217803955078
1676 1572 0.5349016785621643
1677 1556 0.38811296224594116
1678 1503 0.3020416796207428
1679 1547 0.30260157585144043
1682 1575 0.3947342336177826
1684 1540 0.29118621349334717
1685 1569 0.42513617873191833
1691 1641 0.37913501262664795
1692 1568 0.5057223439216614
1693 1529 0.38867485523223877
1697 1613 0.35576412081718445
1698 1614 0.48537585139274597
1699 1586 0.3879471719264984
1700 1536 0.31891921162605286
1701 1558 0.32133224606513977
1702 1646 0.3143526315689087
1703 1579 0.6633042097091675
1706 1615 0.4740295112133026
1707 1597 0.2591024935245514
1710 1611 0.45755183696746826
1711 1652 0.3996909260749817
1712 1587 0.32260221242904663
1713 1603 0.6556859016418457
1715 1589 0.34746554493904114
1717 1590 0.3245339095592499
1718 1581 0.31705689430236816
1719 1582 0.3230769634246826
1721 1570 0.3446800112724304
1722 1592 0.303166002035141
1723 1593 0.29190579056739807
1725 1639 0.4871385097503662
1726 1640 0.4365677833557129
1727 1666 0.4112952649593353
1729 1616 0.5451048016548157
1730 1565 0.4250745475292206
1732 1644 0.2954489290714264
1735 1599 0.3350823223590851
1736 1607 0.2858511507511139
1740 1627 0.5684666037559509
1741 1608 0.3394109904766083
1743 1686 0.37736454606056213
1744 1687 0.2605423629283905
1745 1645 0.3359260559082031
1746 1656 0.2980087697505951
1747 1657 0.3325856924057007
1748 1647 0.9293243288993835
1749 1430 0.32899823784828186
1750 1621 0.35076263546943665
1751 1622 0.30328455567359924
1752 1623 0.29759952425956726
1755 1591 0.28619185090065
1757 1636 0.40942224860191345
1759 1605 0.3258463442325592
1760 1633 0.31345483660697937
1761 1664 0.36547183990478516
1762 1665 0.3894815444946289
1763 1648 0.4592830538749695
1766 1688 0.2937001585960388
1767 1601 0.5729164481163025
1769 1659 0.36450836062431335
1770 1660 0.32576462626457214
1771 1620 0.3065904676914215
1773 1667 0.40101158618927
1774 1707 0.4038050174713135
1775 1674 0.4460946023464203
1776 1676 0.5360742211341858
1777 1692 0.26204222440719604
1778 1698 0.3787938356399536
1779 1699 0.37417230010032654
1780 1700 0.33326196670532227
1781 1661 0.4501480758190155
1787 1675 0.3945404291152954
1788 1691 0.2802720367908478
1791 1695 0.46975064277648926
1792 1684 0.25430530309677124
1794 1718 0.25923842191696167
1795 1746 0.4167376160621643
1797 1719 0.3433683216571808
1798 1689 0.43595078587532043
1800 1655 0.3690298795700073
1801 1709 0.3395395278930664
1802 1604 0.49427592754364014
1806 1681 0.2744896113872528
1807 1711 0.3097696006298065
1811 1774 0.3782350420951843
1812 1745 0.4101487696170807
1815 1721 0.27344319224357605
1816 1598 0.3345305919647217
1818 1693 0.3511880338191986
1819 1735 0.33125242590904236
1820 1723 0.2688790261745453
1821 1713 0.2766941487789154
1825 1766 0.39648446440696716
1826 1773 0.4112277925014496
1827 1757 0.335033118724823
1829 1701 0.36569079756736755
1830 1625 0.2585355341434479
1831 1690 0.34605908393859863
1832 1768 0.3939531445503235
1834 1736 0.35759690403938293
1835 1724 0.2846313714981079
1837 1759 0.4500892758369446
1839 1747 0.3689514100551605
1842 1628 0.3955410420894623
1843 1629 0.25215405225753784
1845 1754 0.48600995540618896
1846 1662 0.2653610408306122
1847 1741 0.2599727511405945
1848 1727 0.3684387505054474
1849 1788 0.30314865708351135
1853 1753 0.37161967158317566
1854 1738 0.3927276134490967
1856 1726 0.36456432938575745
1857 1760 0.29644665122032166
1859 1663 0.4401911795139313
1861 1742 0.2983337938785553
1862 1819 0.6715564727783203
1863 1877 0.34848666191101074
1864 1798 0.4708814024925232
1865 1799 0.5099523067474365
1867 1776 0.42685872316360474
1868 1778 0.48549482226371765
1869 1779 0.35464659333229065
1871 1739 0.2910246253013611
1872 1694 0.31933677196502686
1873 1784 0.27137061953544617
1875 1835 0.2812839448451996
1876 1786 0.4181317389011383
1878 1775 0.3305909335613251
1879 1782 0.3360346853733063
1881 1807 0.4222930371761322
1882 1810 0.2927728295326233
1883 1837 0.459221750497818
1884 1789 0.33724308013916016
1885 1838 0.36059752106666565
1886 1790 0.29783377051353455
1888 1763 0.5245747566223145
1889 1764 0.4349333643913269
1891 1740 0.457012802362442
1893 1830 0.3072291314601898
1894 1805 0.2549940347671509
1896 1911 0.4716413617134094
1897 1889 0.28094935417175293
1898 1892 0.37974002957344055
1900 1815 0.5247028470039368
1901 1816 0.3415563404560089
1903 1818 0.26145535707473755
1905 1804 0.3243878483772278
1906 1828 0.42285725474357605
1907 1829 0.33248642086982727
1910 1858 0.27215200662612915
1911 1859 0.3212819993495941
1912 1867 0.28114044666290283
1913 1850 0.37741926312446594
1914 1844 0.3055035471916199
1915 1900 0.4632933437824249
1916 1869 0.3117091655731201
1917 1793 0.37999290227890015
1918 1795 0.2796419560909271
1919 1801 0.4060920178890228
1920 1854 0.2588004767894745
1922 1842 0.371927410364151
1924 1903 0.3124198615550995
1925 1890 0.37605541944503784
1927 1879 0.37838801741600037
1928 1860 0.4657737612724304
1929 1868 0.3941199779510498
1930 1851 0.2748081088066101
1931 1853 0.2848717272281647
1933 1856 0.33608147501945496
1934 1901 0.27805328369140625
1936 1836 0.3851727247238159
1937 1962 0.561782717704773
1938 1921 0.2890017628669739
1940 1878 0.41975703835487366
1941 1880 0.38334301114082336
1944 1792 0.3772943913936615
1945 1817 0.3710424304008484
1947 1839 0.25019511580467224
1949 1871 0.3005552589893341
1950 1919 0.4202076494693756
1951 1983 0.43482139706611633
1954 1824 0.33975526690483093
1957 1872 0.6816260814666748
1965 1883 0.3754662871360779
1968 1884 0.31688550114631653
1969 1886 0.5313553810119629
1970 1887 0.32164037227630615
1971 1920 0.5341100692749023
1974 1937 0.36878466606140137
1975 1971 0.3612428903579712
1976 1914 0.3702142834663391
1978 1881 0.42710307240486145
1982 1918 0.28271493315696716
1985 1961 0.2887312173843384
1986 1946 0.2721019387245178
1987 1922 0.3168652653694153
1988 1947 0.2881079614162445
1989 1894 0.4072935879230499
1990 1861 0.38804006576538086
1991 1826 0.36496055126190186
1995 2026 0.3410869538784027
2000 1917 0.3481660783290863
2002 1941 0.2999679446220398
2003 1942 0.536341667175293
2004 1888 0.30597591400146484
2005 1960 0.27700096368789673
2006 2025 0.2595125138759613
2007 1984 0.2821756899356842
2008 1985 0.2935008108615875
2013 1934 0.766455352306366
2014 1981 0.28829485177993774
2015 1982 0.2515302896499634
2016 2001 0.609876275062561
2018 2062 0.2658838927745819
2019 2003 0.31028464436531067
2020 1986 0.36624467372894287
2022 1931 0.27557599544525146
2023 1895 0.500166654586792
2024 1882 0.4453553855419159
2030 1972 0.4742949306964874
2031 2005 0.4515420198440552
2033 1923 0.392046183347702
2034 1840 0.4844624996185303
2036 2072 0.31475189328193665
2038 1977 0.5572248697280884
2040 2023 0.26549267768859863
2041 2012 0.33964088559150696
2043 2013 0.3959622383117676
2045 1987 0.32033202052116394
2051 1976 0.253135621547699
2053 1993 0.48067909479141235
2054 1978 0.2952638864517212
2055 1940 0.2613207697868347
2056 1954 0.36061540246009827
2058 2090 0.2555427551269531
2060 2044 0.35613277554512024
2061 2060 0.3963128328323364
2062 2073 0.35706254839897156
2063 2061 0.2768147885799408
2066 1965 0.45154374837875366
2067 1966 0.5331970453262329
2068 1951 0.3327030539512634
2070 2011 0.3653150200843811
2071 2056 0.27066630125045776
2072 2057 0.2683142125606537
2074 1989 0.4001077711582184
2075 1974 0.3652164340019226
2076 2009 0.29318439960479736
2078 1992 0.4221046268939972
2082 2135 0.3107178509235382
2083 2016 0.42771366238594055
2086 1990 0.44894295930862427
2089 1994 0.3048917353153229
2090 2125 0.3246193528175354
2093 2045 0.34712374210357666
2094 2048 0.3328896760940552
2095 2007 0.34701383113861084
2103 2103 0.35319626331329346
2104 2104 0.4555029571056366
2105 2141 0.3073747754096985
2106 2136 0.31247884035110474
2107 2137 0.2954934537410736
2108 2063 0.4438226521015167
2109 2077 0.45063087344169617
2110 2006 0.38254687190055847
2111 2082 0.30770590901374817
2113 2054 0.2929971218109131
2114 2101 0.40746453404426575
2115 2148 0.305088073015213
2116 2151 0.3273904025554657
2117 2168 0.33606961369514465
2118 2107 0.5578746199607849
2119 2031 0.3785403370857239
2120 2087 0.2595214247703552
2121 2036 0.30389314889907837
2124 2147 0.42490553855895996
2125 2164 0.3452916145324707
2126 2094 0.4904472231864929
2128 2049 0.26294493675231934
2130 2052 0.3631454408168793
2131 2098 0.26645272970199585
2139 2165 0.32725897431373596
2140 2149 0.33338722586631775
2141 2153 0.2616676390171051
2146 2095 0.3168087601661682
2148 2064 0.3053203523159027
2149 2065 0.35090282559394836
2150 2097 0.276480495929718
2151 2117 0.2934487462043762
2152 2099 0.29713359475135803
2155 2162 0.7760523557662964
2157 2163 0.3344419002532959
2158 2173 0.2901920974254608
2161 2192 0.41511449217796326
2163 2174 0.6058080196380615
2164 2076 0.4894225597381592
2166 2142 0.6307384371757507
2167 2078 0.3826964795589447
2168 2079 0.30485278367996216
2169 2081 0.2674639821052551
2170 2133 0.26658692955970764
2175 2181 0.5228680968284607
2177 2152 0.4080030918121338
2178 2166 0.3685118556022644
2179 2139 0.33194687962532043
2181 2108 0.30299025774002075
2183 2084 0.4159450829029083
2184 2114 0.5404301881790161
2186 2118 0.39070624113082886
2190 2188 0.32197028398513794
2191 2189 0.25399845838546753
2192 2191 0.31208929419517517
2193 2217 0.3134987950325012
2196 2109 0.36344271898269653
2197 2110 0.34436261653900146
2198 2144 0.2517959773540497
2207 2199 0.3004208505153656
2209 2264 0.33064863085746765
2210 2218 0.45328810811042786
2211 2143 0.3017943501472473
2212 2116 0.3105252981185913
2219 2130 0.41658541560173035
2225 2287 0.3641994595527649
2226 2277 0.25512051582336426
2229 2193 0.4676676392555237
2230 2231 0.4574889838695526
2232 2233 0.5095789432525635
2233 2194 0.44055360555648804
2234 2138 0.5777640342712402
2235 2172 0.4043433666229248
2236 2229 0.477994829416275
2237 2289 0.2569844126701355
2239 2201 0.35869669914245605
2240 2247 0.43322286009788513
2242 2156 0.35039952397346497
2243 2183 0.43504786491394043
2244 2160 0.3309202492237091
2245 2307 0.505081295967102
2246 2311 0.25774380564689636
2247 2321 0.4422222077846527
2249 2171 0.42619895935058594
2251 2182 0.4349391758441925
2252 2184 0.31968992948532104
2253 2226 0.34752848744392395
2254 2185 0.37021249532699585
2256 2245 0.2849021553993225
2257 2246 0.3473522365093231
2259 2236 0.4030301570892334
2260 2322 0.28974851965904236
2261 2202 0.3693273961544037
2262 2213 0.3047214150428772
2263 2339 0.533930242061615
2264 2323 0.2823711335659027
2265 2219 0.3261423110961914
2266 2203 0.42072612047195435
2267 2239 0.40112441778182983
2269 2211 0.32446274161338806
2271 2223 0.26526209712028503
2272 2178 0.5775960087776184
2273 2283 0.8642674088478088
2274 2309 0.2627551853656769
2277 2209 0.4934658110141754
2279 2258 0.2606395483016968
2281 2240 0.28235307335853577
2283 2282 0.2641579210758209
2284 2305 0.523747444152832
2285 2284 0.3877359926700592
2286 2337 0.25338199734687805
2288 2320 0.3169625699520111
2289 2237 0.5950670838356018
2291 2248 0.3223549425601959
2292 2207 0.3248438537120819
2293 2256 0.26185861229896545
2296 2224 0.27067896723747253
2297 2275 0.4105851352214813
2298 2346 0.4779556393623352
2300 2341 0.3120559751987457
2301 2356 0.331646591424942
2302 2312 0.4391370713710785
2303 2249 0.367951363325119
2305 2260 0.31903448700904846
2306 2302 0.2992459237575531
2307 2271 0.4905332922935486
2309 2355 0.6256396174430847
2310 2238 0.2683405578136444
2311 2278 0.2849249541759491
2312 2250 0.4407624900341034
2314 2253 0.39951181411743164
2315 2221 0.3228274881839752
2316 2267 0.3471164405345917
2317 2268 0.30335283279418945
2319 2261 0.32289400696754456
2321 2373 0.2508162558078766
2324 2290 0.46434077620506287
2327 2241 0.3074958622455597
2328 2300 0.36089134216308594
2331 2273 0.2973765432834625
2333 2374 0.3551817238330841
2335 2391 0.7401161789894104
2336 2463 0.6388242840766907
2337 2347 0.36818408966064453
2338 2252 0.31864073872566223
2339 2280 0.300253301858902
2340 2272 0.3326234221458435
2341 2262 0.4256798326969147
2342 2353 0.2906535267829895
2343 2354 0.35099250078201294
2344 2380 0.380540132522583
2345 2292 0.2893312871456146
2347 2324 0.5732454657554626
2348 2293 0.2890351116657257
2351 2266 0.3564603328704834
2353 2274 0.3587172329425812
2357 2388 0.45471301674842834
2359 2393 0.3585886061191559
2360 2394 0.5076310038566589
2362 2342 0.42985600233078003
2363 2402 0.27922356128692627
2364 2315 0.35901567339897156
2365 2294 0.37226274609565735
2367 2319 0.3015569746494293
2369 2400 0.3683902621269226
2371 2395 0.3157952129840851
2372 2343 0.38737231492996216
2373 2403 0.3314998745918274
2374 2296 0.44070321321487427
2376 2330 0.36068660020828247
2378 2431 0.3762993812561035
2379 2433 0.2984328269958496
2380 2401 0.3382151424884796
2381 2358 0.6073827147483826
2382 2360 0.45400500297546387
2383 2348 0.3109737038612366
2384 2313 0.4200798273086548
2386 2349 0.40543532371520996
2387 2316 0.37646234035491943
2391 2427 0.41124504804611206
2393 2381 0.301858514547348
2395 2365 0.38352474570274353
2396 2367 0.3792651891708374
2397 2331 0.32202741503715515
2398 2460 0.2527308762073517
2399 2445 0.4239838719367981
2402 2462 0.33129411935806274
2404 2432 0.38267529010772705
2410 2383 0.2577207088470459
2411 2325 0.4764578938484192
2412 2368 0.36401331424713135
2414 2478 0.49514874815940857
2415 2491 0.3079795241355896
2416 2361 0.33227816224098206
2419 2382 0.3711468279361725
2421 2405 0.3567034900188446
2422 2364 0.3377703130245209
2424 2416 0.3610975444316864
2426 2417 0.4194665253162384
2427 2476 0.3818426728248596
2428 2488 0.5749147534370422
2429 2489 0.3507044315338135
2430 2525 0.2718054950237274
2432 2501 0.26917561888694763
2433 2503 0.4368547201156616
2434 2480 0.38290199637413025
2435 2448 0.3399827778339386
2436 2481 0.29351508617401123
2440 2495 0.4781147241592407
2441 2437 0.4827505350112915
2442 2438 0.42450010776519775
2451 2435 0.2622407376766205
2452 2385 0.2581287622451782
2453 2538 0.5735588073730469
2454 2526 0.500481128692627
2455 2539 0.3124159872531891
2457 2512 0.8245394825935364
2458 2528 0.48446112871170044
2460 2450 0.41437917947769165
2462 2483 0.27542993426322937
2463 2454 0.6809223890304565
2464 2456 0.5312540531158447
2467 2534 0.3815194368362427
2468 2536 0.3062286972999573
2469 2541 0.3456655740737915
2470 2513 0.4635801613330841
2471 2506 0.2558158338069916
2472 2468 0.3290973901748657
2473 2414 0.28886619210243225
2474 2439 0.4102015793323517
2475 2440 0.6112708449363708
2476 2471 0.29524755477905273
2477 2484 0.3214864134788513
2483 2441 0.32441261410713196
2485 2543 0.25724998116493225
2487 2507 0.4296383559703827
2488 2493 0.40144166350364685
2490 2516 0.2552480399608612
2492 2508 0.34025102853775024
2493 2519 0.38774633407592773
2494 2520 0.43699556589126587
2496 2522 0.41262394189834595
2497 2535 0.5185226202011108
2498 2566 0.380465030670166
2499 2581 0.42905446887016296
2501 2502 0.7463578581809998
2503 2549 0.3550621569156647
2504 2555 0.5445566177368164
2505 2521 0.4100353419780731
2506 2509 0.28142642974853516
2509 2527 0.3059794008731842
2510 2567 0.5424227714538574
2511 2531 0.6203399896621704
2514 2523 0.2772403955459595
2515 2614 0.2983659505844116
2516 2603 0.47980111837387085
2519 2605 0.3337613344192505
2520 2596 0.3186519742012024
2523 2587 0.27887681126594543
2524 2551 0.29454559087753296
2526 2553 0.3245691955089569
2527 2533 0.41756388545036316
2528 2602 0.32030513882637024
2529 2582 0.39235812425613403
2530 2545 0.26794445514678955
2536 2604 0.3944230377674103
2537 2632 0.33409252762794495
2538 2561 0.43906882405281067
2540 2630 0.2966327369213104
2541 2666 0.4012032449245453
2542 2616 0.3065074384212494
2544 2669 0.7805123925209045
2545 2670 0.9222356081008911
2546 2569 0.3153485953807831
2547 2548 0.4789174497127533
2549 2622 0.4137832820415497
2550 2590 0.2788722813129425
2551 2645 0.3380139470100403
2552 2691 0.8541739583015442
2553 2646 0.4658999443054199
2554 2631 0.4301159679889679
2556 2633 0.3370649516582489
2557 2650 0.2879728078842163
2558 2597 0.28366532921791077
2559 2607 0.2558360993862152
2560 2514 0.5029764175415039
2561 2611 0.414505273103714
2563 2690 0.31500956416130066
2564 2683 0.3305893540382385
2565 2647 0.2549731135368347
2566 2651 0.3425244987010956
2567 2652 0.358291894197464
2568 2550 0.35142794251441956
2569 2623 0.5613381862640381
2570 2624 0.4329320788383484
2571 2640 0.3340182900428772
2572 2625 0.3012181222438812
2573 2626 0.3128125071525574
2574 2642 0.3261696994304657
2577 2702 0.3896026611328125
2578 2703 0.6110143661499023
2579 2685 0.3244413733482361
2580 2606 0.27062708139419556
2581 2608 0.3657291531562805
2582 2585 0.4022291898727417
2583 2659 0.2931349277496338
2586 2662 0.39701834321022034
2590 2636 0.27173835039138794
2591 2653 0.27378320693969727
2593 2643 0.4294339418411255
2594 2628 0.5693477392196655
2597 2721 0.3776882290840149
2598 2734 0.40839898586273193
2599 2667 0.294936865568161
2600 2692 0.30733639001846313
2602 2671 0.3658407926559448
2603 2672 0.3020840287208557
2605 2598 0.39257746934890747
2606 2678 0.3072165250778198
2608 2712 0.3043026328086853
2610 2735 0.4052636921405792
2611 2668 0.3025672435760498
2612 2686 0.4483204483985901
2613 2673 0.3382315933704376
2614 2655 0.43284207582473755
2615 2676 0.446517676115036
2616 2657 0.448908269405365
2618 2586 0.4304512143135071
2620 2715 0.39643868803977966
2621 2716 0.291172057390213
2622 2723 0.3755156993865967
2623 2694 0.3329395353794098
2624 2695 0.44733986258506775
2627 2658 0.32626333832740784
2628 2711 0.3249737024307251
2632 2758 0.6982656717300415
2633 2736 0.3032952547073364
2637 2760 0.36569637060165405
2638 2710 0.4017047584056854
2639 2756 0.39436662197113037
2640 2757 0.4265047311782837
2641 2777 0.29447564482688904
2643 2759 0.2848285138607025
2645 2696 0.3213956952095032
2647 2738 0.2806464731693268
2648 2707 0.34425196051597595
2649 2709 0.3884425163269043
2651 2776 0.3042509853839874
2652 2705 0.31159740686416626
2654 2741 0.32068324089050293
2658 2779 0.28941023349761963
2660 2781 0.26870086789131165
2661 2698 0.4433446228504181
2664 2803 0.34506940841674805
2667 2806 0.4893455505371094
2668 2722 0.3374161720275879
2669 2724 0.3180095851421356
2670 2697 0.4105122983455658
2672 2719 0.4171026051044464
2674 2727 0.2524191737174988
2676 2729 0.3244645893573761
2677 2730 0.26631858944892883
2678 2732 0.2594362795352936
2681 2816 0.3889218270778656
2682 2817 0.2889449894428253
2684 2834 0.2669230103492737
2685 2748 0.386970579624176
2686 2749 0.2678396999835968
2687 2737 0.27990663051605225
2688 2752 0.3474138379096985
2689 2742 0.9255688190460205
2690 2744 0.27211204171180725
2691 2754 0.3643714189529419
2692 2755 0.3174475133419037
2693 2745 0.265189528465271
2695 2805 0.30647674202919006
2696 2818 0.28424131870269775
2699 2751 0.32710421085357666
2700 2740 0.4412511885166168
2701 2725 0.3318512737751007
2702 2814 0.2587592601776123
2703 2815 0.3445985019207001
2708 2782 0.3575586974620819
2710 2785 0.2935551106929779
2711 2675 0.32592281699180603
2713 2718 0.5052542686462402
2715 2789 0.39476776123046875
2717 2765 0.26698538661003113
2718 2768 0.295436829328537
2720 2770 0.2788805365562439
2721 2790 0.2796750068664551
2722 2771 0.3456804156303406
2724 2851 0.34079402685165405
2725 2794 0.4565236270427704
2729 2797 0.38239073753356934
2731 2826 0.2566584050655365
2732 2801 0.3157985210418701
2733 2861 0.29889482259750366
2734 2859 0.33471694588661194
2735 2873 0.4091396629810333
2738 2819 0.4056960344314575
2739 2820 0.3288865387439728
2740 2821 0.3570547103881836
2743 2787 0.44441136717796326
2744 2788 0.357968807220459
2745 2763 0.3376685380935669
2747 2837 0.3470396399497986
2748 2824 0.29319390654563904
2749 2810 0.39532607793807983
2750 2762 0.3994729518890381
2752 2798 0.2813904583454132
2753 2799 0.2846783399581909
2754 2786 0.39406847953796387
2755 2811 0.2934851348400116
2758 2802 0.37769290804862976
2759 2893 0.2920263409614563
2760 2845 0.27259933948516846
2761 2846 0.36626073718070984
2767 2881 0.4634992778301239
2768 2917 0.3018893301486969
2770 2796 0.39211198687553406
2773 2862 0.28314828872680664
2774 2871 0.31060972809791565
2775 2852 0.26167064905166626
2777 2853 0.49547988176345825
2778 2848 0.4432879686355591
2779 2865 0.28063952922821045
2780 2828 0.2648935317993164
2781 2829 0.32629039883613586
2783 2869 0.36082524061203003
2784 2923 0.4884689748287201
2785 2847 0.727611243724823
2786 2854 0.45064592361450195
2787 2855 0.2764008939266205
2788 2904 0.2725512385368347
2789 2916 0.2946206033229828
2790 2891 0.3525168299674988
2791 2892 0.3566201627254486
2792 2894 0.3432684540748596
2794 2867 0.44686102867126465
2796 2868 0.3417772650718689
2799 2888 0.635164201259613
2801 2915 0.34141144156455994
2802 2895 0.3052312731742859
2808 2877 0.4176168441772461
2809 2909 0.4659803509712219
2811 2914 0.2960945963859558
2813 2874 0.2890951931476593
2814 2887 0.5429832935333252
2817 2889 0.3875844180583954
2818 2870 0.27229323983192444
2821 2900 0.39895099401474
2827 2937 0.2795235514640808
2828 2939 0.25582340359687805
2830 2906 0.34165799617767334
2831 2918 0.9342222809791565
2832 2886 0.4862543046474457
2833 2875 0.4438404142856598
2834 2882 0.3111777901649475
2835 2902 0.47584712505340576
2838 3050 0.25884810090065
2842 2959 0.3373080790042877
2846 2896 0.46157824993133545
2847 2907 0.7291491627693176
2848 2897 0.3354394733905792
2853 2977 0.28562524914741516
2855 2910 0.267988920211792
2857 2948 0.2694951295852661
2858 2949 0.2841624319553375
2859 2941 0.5839760899543762
2864 2966 0.2810409963130951
2866 2864 0.25755682587623596
2868 3022 0.2936699092388153
2869 2950 0.689344584941864
2871 2931 0.42353203892707825
2872 2925 0.4511331021785736
2874 2961 0.3586125671863556
2876 2984 0.2784632742404938
2878 3026 0.2743208110332489
2879 2970 0.5993054509162903
2880 2952 0.4301975965499878
2883 3082 0.25502538681030273
2884 3015 0.44278812408447266
2886 2942 0.45006653666496277
2887 2919 0.31313246488571167
2888 2951 0.34601518511772156
2890 3002 0.42179638147354126
2891 2954 0.3960932791233063
2892 2962 0.40116381645202637
2893 2955 0.38995763659477234
2894 2934 0.26552456617355347
2895 2930 0.42091473937034607
2896 2926 0.35532739758491516
2897 2974 0.3083707094192505
2898 2927 0.32366693019866943
2899 3024 0.32372650504112244
2900 2997 0.7591646909713745
2901 2976 0.31021037697792053
2903 3105 0.33009254932403564
2904 3107 0.33341488242149353
2905 3063 0.27878451347351074
2908 2999 0.29598110914230347
2909 2971 0.4374675750732422
2911 2972 0.42612701654434204
2912 2988 0.3817640244960785
2913 2973 0.3579520881175995
2914 2989 0.4070163369178772
2915 2993 0.2992382049560547
2916 2994 0.2869710326194763
2917 2995 0.33343395590782166
2918 3003 0.7229141592979431
2919 2996 0.33432772755622864
2921 2933 0.2599167227745056
2922 2979 0.25507235527038574
2923 3055 0.6441656947135925
2924 2990 0.5213141441345215
2925 2991 0.37461718916893005
2926 2992 0.3208055794239044
2927 3045 0.40574514865875244
2928 3046 0.34151139855384827
2929 3051 0.381257563829422
2930 3052 0.5470932126045227
2931 3030 0.36619648337364197
2933 3018 0.28378382325172424
2934 3032 0.5684292316436768
2935 3136 0.4275142252445221
2936 3098 0.2827381193637848
2937 3121 0.39874938130378723
2938 3086 0.31737151741981506
2942 3041 0.3265989422798157
2943 3017 0.3853590190410614
2945 3028 0.32767432928085327
2947 3033 0.5146130323410034
2948 3034 0.39865925908088684
2951 3042 0.33285126090049744
2953 3029 0.321198046207428
2954 3058 0.4350773096084595
2957 3229 0.25678524374961853
2958 3083 0.4021148979663849
2959 3084 0.40006542205810547
2960 3129 0.5111393332481384
2961 3095 0.3999052047729492
2962 3053 0.3187853991985321
2963 3075 0.5195551514625549
2965 3211 0.40174922347068787
2966 3212 0.3454948663711548
2968 3149 0.3468345105648041
2969 3108 0.2999001741409302
2971 3064 0.3068072199821472
2974 3069 0.36191773414611816
2975 3057 0.3516917824745178
2976 3071 0.3479294180870056
2977 3090 0.4095042645931244
2978 3091 0.4916038513183594
2980 3035 0.26805001497268677
2981 3047 0.3668522238731384
2983 3214 0.4242633581161499
2984 3085 0.45898574590682983
2987 3096 0.29787835478782654
2988 3089 0.293567419052124
2990 3074 0.2871144711971283
2991 3240 0.2698245644569397
2994 3120 0.29377299547195435
2997 3151 0.5180323123931885
2998 3109 0.4560636579990387
2999 3122 0.3594905138015747
3000 3087 0.29620981216430664
3001 3101 0.4018212556838989
3003 3059 0.3917090892791748
3008 3137 0.6232735514640808
3009 3138 0.42228177189826965
3017 3259 0.33422955870628357
3018 3056 0.2698086202144623
3019 3065 0.35111135244369507
3020 3066 0.48406580090522766
3021 3124 0.5076813697814941
3022 3125 0.4602121412754059
3023 3111 0.303749144077301
3024 3113 0.3287310004234314
3025 3114 0.3435484766960144
3030 3283 0.2517681419849396
3031 3267 0.3673766851425171
3032 3242 0.2917017936706543
3034 3196 0.26303598284721375
3036 3152 0.33605167269706726
3037 3198 0.2899467349052429
3038 3110 0.3761275112628937
3039 3132 0.3496968150138855
3041 3284 0.2819642424583435
3042 3254 0.39735886454582214
3043 3181 0.43378427624702454
3046 3159 0.4052010774612427
3047 3139 0.2821178436279297
3048 3189 0.2947639226913452
3049 3293 0.353510320186615
3052 3099 0.2628105580806732
3053 3156 0.4593566656112671
3057 3176 0.2580884099006653
3058 3141 0.3460957109928131
3062 3285 0.9505581855773926
3063 3286 0.2700212299823761
3065 3218 0.4715941548347473
3068 3155 0.36097806692123413
3069 3186 0.29027318954467773
3070 3187 0.3252372443675995
3071 3231 0.5952981114387512
3072 3169 0.3870462477207184
3073 3088 0.6646580696105957
3074 3157 0.38091519474983215
3075 3158 0.25781264901161194
3076 3160 0.37483301758766174
3077 3177 0.6581379771232605
3078 3161 0.37636613845825195
3080 3311 0.28625762462615967
3081 3197 0.405885249376297
3082 3172 0.5321617126464844
3083 3173 0.2864496111869812
3084 3203 0.34017089009284973
3086 3207 0.2779395580291748
3089 3316 0.3111092448234558
3091 3260 0.33987516164779663
3093 3184 0.6219370365142822
3094 3185 0.6164435744285583
3095 3200 0.6508899331092834
3096 3201 0.4828435182571411
3098 3244 0.31847667694091797
3100 3217 0.44717735052108765
3101 3183 0.4197850823402405
3102 3206 0.5182739496231079
3103 3225 0.5041155219078064
3104 3168 0.7379453778266907
3105 3270 0.29914748668670654
3106 3220 0.41036003828048706
3107 3202 0.41454994678497314
3108 3257 0.5115660429000854
3109 3224 0.3762713670730591
3110 3247 0.37973931431770325
3112 3288 0.3621763586997986
3113 3222 0.39525294303894043
3114 3232 0.3603118658065796
3115 3234 0.3484753668308258
3116 3226 0.274425745010376
3117 3258 0.38758477568626404
3118 3339 0.30339014530181885
3119 3287 0.43027639389038086
3122 3261 0.5811277627944946
3123 3262 0.6359472870826721
3124 3340 0.43962565064430237
3125 3342 0.26346302032470703
3127 3271 0.4354343116283417
3128 3290 0.5456914901733398
3129 3263 0.6351163387298584
3130 3407 0.502217173576355
3132 3306 0.41792282462120056
3133 3282 0.2925146818161011
3134 3199 0.883461058139801
3135 3291 0.5505303144454956
3136 3276 0.4717322587966919
3137 3354 0.3219810426235199
3140 3280 0.4495569169521332
3141 3281 0.5000216960906982
3142 3272 0.42345288395881653
3143 3369 0.49078407883644104
3148 3303 0.5053501725196838
3149 3296 0.7404394745826721
3152 3310 0.4379129707813263
3154 3305 0.3909701406955719
3155 3333 0.364981085062027
3156 3308 0.6734580993652344
3157 3301 0.5748434662818909
3158 3309 0.5737847089767456
3159 3386 0.3162895143032074
3162 3322 0.5294236540794373
3163 3346 0.36562836170196533
3166 3300 0.3405548930168152
3169 3307 0.48497748374938965
3170 3330 0.34487399458885193
3171 3328 0.4029002785682678
3174 3344 0.45113569498062134
3175 3279 0.8732350468635559
3176 3323 0.45527493953704834
3177 3326 0.5075061321258545
3178 3327 0.3993053734302521
3179 3315 0.5168997049331665
3180 3431 0.2915068566799164
3183 3343 0.4084095060825348
3185 3312 0.2720601558685303
3186 3347 0.4453265070915222
3187 3313 0.3728944957256317
3188 3318 0.5471500754356384
3191 3319 0.3005690276622772
3194 3324 0.6296367645263672
3196 3359 0.3313092887401581
3198 3331 0.29959800839424133
3199 3391 0.30878740549087524
3200 3352 0.28861889243125916
3201 3353 0.30643144249916077
3202 3338 0.34176522493362427
3205 3355 0.5208683609962463
3207 3334 0.4734055995941162
3208 3348 0.32683107256889343
3209 3335 0.4526103734970093
3210 3349 0.42148274183273315
3211 3350 0.3056291341781616
3213 3447 0.29676175117492676
3214 3444 0.282035768032074
3216 3375 0.2502495050430298
3217 3329 0.441122442483902
3218 3363 0.5729033350944519
3222 3387 0.39066824316978455
3224 3390 0.4765251576900482
3225 3379 0.29990673065185547
3226 3332 0.2999613881111145
3230 3466 0.3414166569709778
3232 3376 0.39811521768569946
3233 3362 0.433347225189209
3234 3377 0.48804616928100586
3236 3364 0.419620156288147
3239 3472 0.32827454805374146
3240 3467 0.2573550045490265
3244 3468 0.251590758562088
3245 3389 0.33209601044654846
3246 3361 0.5983232259750366
3249 3358 0.8543368577957153
3251 3408 0.2691560983657837
3253 3410 0.39051514863967896
3254 3378 0.4571413993835449
3256 3413 0.2576376497745514
3257 3414 0.2551954686641693
3258 3415 0.5713319778442383
3259 3440 0.5477092266082764
3261 3498 0.36165308952331543
3266 3418 0.4305780827999115
3267 3411 0.3622108995914459
3268 3423 0.2915010154247284
3269 3412 0.33915504813194275
3270 3439 0.4503275752067566
3271 3460 0.29136762022972107
3275 3424 0.38071438670158386
3276 3539 0.47314924001693726
3278 3450 0.3234216272830963
3279 3432 0.2631649374961853
3280 3445 0.2662259042263031
3282 3426 0.49982574582099915
3288 3454 0.4758957028388977
3291 3438 0.2564235329627991
3293 3484 0.2751379907131195
3296 3482 0.46176183223724365
3300 3477 0.4440250098705292
3304 3433 0.3621245324611664
3306 3582 0.3949153423309326
3307 3500 0.28085774183273315
3312 3490 0.2588411867618561
3313 3507 0.3276558816432953
3315 3434 0.37919068336486816
3316 3453 0.27614977955818176
3317 3463 0.5059775710105896
3318 3455 0.6798290610313416
3319 3514 0.43201398849487305
3320 3583 0.5653783679008484
3325 3435 0.5241072177886963
3327 3581 0.3539853096008301
3328 3540 0.3440146744251251
3329 3525 0.31392720341682434
3330 3452 0.4132469594478607
3331 3494 0.5473536252975464
3332 3495 0.3456398546695709
3333 3496 0.36009544134140015
3334 3513 0.3707796037197113
3337 3604 0.48846060037612915
3339 3523 0.49330535531044006
3340 3461 0.46769440174102783
3343 3563 0.34128090739250183
3346 3480 0.4331084191799164
3348 3481 0.4644107520580292
3349 3511 0.4209127426147461
3350 3535 0.43022221326828003
3351 3611 0.38162243366241455
3352 3515 0.47193384170532227
3353 3524 0.37006038427352905
3354 3625 0.31860336661338806
3355 3597 0.28738924860954285
3357 3575 0.46752986311912537
3358 3520 0.3236089050769806
3359 3521 0.41534414887428284
3360 3544 0.37719041109085083
3361 3644 0.44411394000053406
3365 3529 0.3133394718170166
3366 3541 0.32750561833381653
3367 3516 0.3410056531429291
3368 3517 0.40347859263420105
3370 3532 0.32906097173690796
3371 3533 0.3204399049282074
3372 3550 0.3439054489135742
3376 3637 0.29281920194625854
3377 3612 0.349608451128006
3378 3606 0.34839460253715515
3381 3557 0.44294312596321106
3384 3586 0.37757623195648193
3386 3686 0.8229973316192627
3388 3553 0.38709864020347595
3389 3614 0.2995160222053528
3390 3615 0.333792507648468
3392 3549 0.43557676672935486
3393 3510 0.35736337304115295
3394 3558 0.4871895909309387
3396 3672 0.39354532957077026
3399 3666 0.25903478264808655
3400 3528 0.3783923387527466
3401 3584 0.34345149993896484
3402 3559 0.41364243626594543
3403 3566 0.3474370241165161
3404 3567 0.3842049241065979
3406 3639 0.3439129889011383
3408 3613 0.3564385771751404
3409 3574 0.3276943266391754
3410 3655 0.4737050235271454
3412 3565 0.2970219552516937
3413 3600 0.25013187527656555
3414 3656 0.2579122483730316
3416 3609 0.25736284255981445
3418 3715 0.3261522948741913
3419 3716 0.30270519852638245
3421 3626 0.28857818245887756
3422 3646 0.47205042839050293
3423 3667 0.2737017571926117
3424 3578 0.39271974563598633
3425 3623 0.28972145915031433
3426 3569 0.34211575984954834
3427 3665 0.3495824337005615
3428 3645 0.3432203233242035
3429 3675 0.3490217924118042
3430 3640 0.9680305123329163
3431 3657 0.2739088237285614
3432 3526 0.3213720917701721
3433 3554 0.2572749853134155
3435 3577 0.3169846534729004
3436 3593 0.611786961555481
3437 3619 0.4590741693973541
3439 3620 0.4960666298866272
3440 3621 0.38223907351493835
3441 3622 0.4078112840652466
3442 3638 0.44983482360839844
3443 3720 0.265044629573822
3446 3703 0.3701835572719574
3447 3782 0.27586498856544495
3448 3607 0.3787645697593689
3449 3630 0.32515597343444824
3452 3760 0.38094571232795715
3455 3737 0.3236616849899292
3457 3698 0.4555915594100952
3458 3699 0.3061160147190094
3459 3713 0.2820446491241455
3461 3618 0.3432193398475647
3462 3610 0.45136722922325134
3463 3601 0.3308388292789459
3464 3653 0.36963921785354614
3465 3674 0.291640043258667
3469 3701 0.270612895488739
3472 3629 0.31893685460090637
3475 3634 0.3189818561077118
3476 3664 0.39447081089019775
3477 3654 0.48081526160240173
3479 3642 0.514788806438446
3480 3631 0.3378676176071167
3482 3748 0.26500773429870605
3483 3673 0.3778301775455475
3485 3649 0.35011026263237
3486 3650 0.3968377709388733
3487 3658 0.3264065086841583
3488 3651 0.26854485273361206
3490 3687 0.3366415500640869
3491 3780 0.30281493067741394
3494 3738 0.27833291888237
3495 3668 0.30365994572639465
3499 3690 0.25537416338920593
3500 3691 0.32638129591941833
3502 3749 0.500136137008667
3504 3659 0.3751184046268463
3506 3689 0.38583633303642273
3508 3682 0.5411486029624939
3510 3683 0.4710758924484253
3511 3684 0.42128580808639526
3512 3704 0.4263436794281006
3513 3728 0.5383591651916504
3514 3729 0.39719823002815247
3515 3731 0.29057204723358154
3516 3781 0.30248039960861206
3517 3681 0.38870230317115784
3518 3705 0.34134402871131897
3519 3740 0.35971617698669434
3521 3807 0.43083852529525757
3523 3761 0.40361636877059937
3524 3730 0.6232390999794006
3525 3734 0.31331318616867065
3526 3735 0.30156445503234863
3527 3762 0.31657740473747253
3528 3677 0.8052048087120056
3531 3764 0.31908103823661804
3536 3756 0.4228854775428772
3539 3732 0.29772186279296875
3540 3733 0.4257488548755646
3541 3832 0.3913946747779846
3542 3725 0.4940181374549866
3543 3752 0.36646512150764465
3544 3739 0.4640052318572998
3545 3772 0.2562771141529083
3550 3798 0.2792629599571228
3551 3753 0.3467300236225128
3553 3771 0.2812155485153198
3557 3814 0.5407055020332336
3559 3874 0.4433911144733429
3564 3859 0.30044636130332947
3567 3724 0.39892664551734924
3570 3750 0.8558439016342163
3571 3769 0.2747994661331177
3572 3751 0.302254319190979
3574 3757 0.3512319326400757
3576 3788 0.2838820815086365
3579 3776 0.30024901032447815
3580 3858 0.2629547119140625
3582 3767 0.46615058183670044
3583 3802 0.32547056674957275
3584 3758 0.263233482837677
3588 3773 0.31808602809906006
3589 3779 0.4616517424583435
3590 3860 0.31309422850608826
3591 3849 0.4003264605998993
3592 3852 0.34558284282684326
3593 3783 0.2884659171104431
3595 3786 0.2657160758972168
3597 3823 0.3249650299549103
3598 3792 0.2501564621925354
3599 3794 0.5341854095458984
3602 3913 0.26076310873031616
3603 3878 0.32511597871780396
3606 3799 0.28513917326927185
3607 3800 0.43080565333366394
3608 3811 0.656771719455719
3609 3812 0.5195764899253845
3610 3768 0.4402277171611786
3612 3813 0.3627588152885437
3613 3803 0.32449212670326233
3615 3853 0.29542046785354614
3616 3817 0.27665406465530396
3621 3810 0.34534168243408203
3622 3821 0.31143254041671753
3627 3967 0.2767561674118042
3628 3921 0.468906044960022
3629 3876 0.36384671926498413
3630 3841 0.35658273100852966
3631 3818 0.4538629949092865
3632 3819 0.3100613057613373
3633 3946 0.29117900133132935
3634 3900 0.2945677638053894
3636 3828 0.3740081787109375
3638 3986 0.3580435812473297
3640 3824 0.28888988494873047
3644 3765 0.2620197534561157
3645 3833 0.49470600485801697
3646 3826 0.30904635787010193
3647 3837 0.4220844805240631
3650 3829 0.2616496682167053
3651 3907 0.2554270029067993
3653 3908 0.28166913986206055
3654 3844 0.26439279317855835
3656 3846 0.6368285417556763
3657 3960 0.28943976759910583
3658 3996 0.3061577379703522
3660 3809 0.3404652774333954
3661 3891 0.2868085205554962
3664 3974 0.46882155537605286
3665 3947 0.3353128135204315
3666 3834 0.5372426509857178
3667 3835 0.541442334651947
3668 3836 0.4569382965564728
3669 3864 0.3257285952568054
3670 3904 0.37379351258277893
3673 3922 0.3047025203704834
3675 3910 0.2518389821052551
3676 3894 0.37024250626564026
3678 3902 0.3292044401168823
3679 3880 0.35765111446380615
3680 3881 0.4054558277130127
3682 3905 0.4050094783306122
3684 3865 0.27482566237449646
3685 4024 0.2682742774486542
3686 3955 0.29588091373443604
3692 3896 0.4120533764362335
3697 3931 0.3155718445777893
3700 3911 0.27611371874809265
3701 3925 0.33470067381858826
3702 3897 0.36865946650505066
3704 3916 0.4947621524333954
3705 3932 0.29708370566368103
3706 4041 0.398708701133728
3708 3923 0.40839821100234985
3710 4066 0.282181054353714
3711 4006 0.40700042247772217
3713 3958 0.297035276889801
3714 3959 0.48028364777565
3715 4058 0.36200782656669617
3716 3927 0.3892546594142914
3717 3963 0.38356754183769226
3718 3948 0.34529492259025574
3720 3930 0.3091881573200226
3722 3903 0.4384482800960541
3723 3965 0.3089886009693146
3724 3980 0.29478079080581665
3725 3934 0.6590266823768616
3727 3951 0.26675987243652344
3728 4159 0.36410394310951233
3729 4007 0.38764244318008423
3730 3968 0.3387710154056549
3731 3956 0.2917632758617401
3732 3971 0.3282645344734192
3734 3973 0.3784710168838501
3735 4057 0.2916063964366913
3736 3901 0.387581467628479
3739 3914 0.48270171880722046
3740 3928 0.39715465903282166
3741 3964 0.38128918409347534
3744 4086 0.2772649824619293
3745 4072 0.40978944301605225
3746 4008 0.27948516607284546
3747 4043 0.2823694944381714
3748 3970 0.3199577331542969
3749 3989 0.31828659772872925
3752 3993 0.42787277698516846
3753 3997 0.33206433057785034
3754 3978 0.36099839210510254
3755 3981 0.28645697236061096
3756 4093 0.30913567543029785
3758 4051 0.263039231300354
3759 3991 0.40631282329559326
3761 4030 0.366738885641098
3764 4010 0.26714634895324707
3766 3998 0.2944194972515106
3768 4001 0.2690947651863098
3769 4158 0.4425225853919983
3771 4025 0.4138495922088623
3773 4028 0.3137838542461395
3774 4069 0.31113508343696594
3775 4089 0.28605732321739197
3776 4090 0.3193812370300293
3777 3962 0.44530612230300903
3779 4035 0.4759928286075592
3780 4036 0.4336163401603699
3781 4016 0.2953931391239166
3784 4160 0.2667219638824463
3787 4042 0.8025093674659729
3788 4052 0.2504567503929138
3790 4107 0.3148263394832611
3791 4026 0.31032636761665344
3792 4027 0.3970777690410614
3796 4015 0.3152950704097748
3797 4037 0.7417102456092834
3800 4136 0.2691594362258911
3801 4076 0.34557098150253296
3802 4077 0.3137515187263489
3803 4074 0.41121602058410645
3805 3977 0.34421485662460327
3806 4044 0.3674730360507965
3810 4055 0.43735745549201965
3811 4068 0.3766156733036041
3812 4123 0.35733097791671753
3813 4014 0.34698736667633057
3814 4061 0.3346668481826782
3815 4063 0.34820660948753357
3816 4039 0.2801918685436249
3819 4201 0.3500121235847473
3820 4094 0.40272319316864014
3821 4087 0.4618965983390808
3823 4096 0.2692110538482666
3827 4067 0.400154709815979
3830 4060 0.5431505441665649
3831 4070 0.34643352031707764
3833 4228 0.2524240016937256
3834 4174 0.287051796913147
3835 4125 0.35398733615875244
3836 4117 0.32891225814819336
3838 4095 0.3699372112751007
3840 4046 0.35711944103240967
3844 4116 0.5227150321006775
3849 4104 0.3416977524757385
3851 4202 0.5611615777015686
3852 4126 0.2670765519142151
3854 4118 0.29221996665000916
3856 4119 0.31512853503227234
3859 4112 0.38900303840637207
3862 4216 0.2579796314239502
3865 4138 0.4417770802974701
3866 4147 0.3080488443374634
3867 4148 0.34119531512260437
3868 4139 0.3809228241443634
3870 4121 0.3578459322452545
3871 4122 0.34498322010040283
3873 4098 0.40007075667381287
3875 4208 0.36381757259368896
3876 4101 0.7732377052307129
3877 4103 0.4041725695133209
3879 4188 0.31756317615509033
3880 4162 0.32196322083473206
3881 4231 0.45614761114120483
3882 4220 0.44994765520095825
3883 4221 0.6121184229850769
3884 4111 0.41062742471694946
3886 4132 0.5050567388534546
3888 4141 0.42310816049575806
3890 4114 0.27504250407218933
3893 4191 0.27332666516304016
3894 4152 0.30983105301856995
3895 4193 0.408576637506485
3897 4153 0.3239525854587555
3898 4142 0.25181135535240173
3899 4256 0.27388113737106323
3901 4082 0.34772011637687683
3902 4154 0.452229380607605
3903 4155 0.44149869680404663
3907 4229 0.40611061453819275
3909 4163 0.325821191072464
3913 4143 0.26197752356529236
3914 4194 0.33680403232574463
3915 4181 0.2986845374107361
3917 4168 0.3397490978240967
3918 4312 0.3755708634853363
3919 4189 0.46521130204200745
3927 4165 0.7268511056900024
3928 4182 0.3699788451194763
3929 4172 0.46118661761283875
3930 4252 0.3359955847263336
3932 4203 0.3145580589771271
3936 4302 0.28484752774238586
3939 4317 0.2703845798969269
3944 4212 0.3189149498939514
3946 4196 0.44561368227005005
3947 4170 0.39123570919036865
3948 4171 0.3357694447040558
3952 4237 0.48575928807258606
3953 4238 0.27180030941963196
3954 4239 0.3102364242076874
3955 4253 0.3312353491783142
3957 4204 0.25612929463386536
3958 4218 0.2753768861293793
3959 4219 0.3238333463668823
3964 4233 0.332168847322464
3966 4224 0.41146236658096313
3967 4213 0.3506004214286804
3969 4190 0.34943610429763794
3974 4209 0.33708617091178894
3975 4211 0.716366171836853
3977 4234 0.3339103162288666
3978 4223 0.4032612442970276
3979 4236 0.31227657198905945
3980 4215 0.3425009846687317
3981 4396 0.4346397817134857
3982 4399 0.5161986947059631
3984 4192 0.49850425124168396
3985 4240 0.49613380432128906
3986 4241 0.4457513988018036
3987 4351 0.31411227583885193
3990 4210 0.335673063993454
3991 4250 0.39854902029037476
3992 4235 0.3834826946258545
3996 4397 0.4338620603084564
3997 4398 0.4433530867099762
3998 4348 0.3289213478565216
3999 4260 0.3975142538547516
4000 4279 0.26662304997444153
4001 4280 0.27611133456230164
4002 4281 0.2938864827156067
4004 4282 0.3830418884754181
4008 4242 0.32224154472351074
4010 4263 0.25209224224090576
4013 4352 0.3907598853111267
4014 4343 0.2601649761199951
4015 4418 0.31095945835113525
4016 4286 0.3403357267379761
4017 4298 0.6073774695396423
4019 4299 0.3381822407245636
4020 4315 0.6253973841667175
4025 4319 0.38793718814849854
4026 4320 0.28516092896461487
4027 4289 0.39698803424835205
4030 4329 0.46878311038017273
4031 4368 0.2709212005138397
4033 4384 0.39998531341552734
4035 4274 0.43635717034339905
4037 4307 0.4074128568172455
4040 4445 0.47600236535072327
4041 4369 0.3389161229133606
4042 4290 0.4578416645526886
4043 4292 0.5265465378761292
4044 4452 0.2798249423503876
4047 4363 0.2575325071811676
4048 4364 0.29788661003112793
4049 4340 0.5646299719810486
4050 4341 0.37339767813682556
4051 4261 0.3410986661911011
4054 4409 0.7229189872741699
4056 4370 0.2675650119781494
4057 4466 0.40948474407196045
4058 4365 0.3542960286140442
4059 4427 0.5120199918746948
4060 4258 0.35646477341651917
4061 4552 0.30186888575553894
4062 4483 0.37808355689048767
4063 4375 0.46392470598220825
4065 4472 0.3694598376750946
4066 4489 0.3342926800251007
4067 4385 0.3100287914276123
4068 4322 0.35258206725120544
4069 4293 0.5724352598190308
4070 4336 0.41927775740623474
4071 4337 0.4989308714866638
4073 4383 0.42885157465934753
4074 4406 0.47796839475631714
4075 4458 0.33704277873039246
4076 4378 0.3733164966106415
4078 4412 0.3382338583469391
4079 4403 0.32117047905921936
4080 4367 0.5027088522911072
4082 4308 0.2538986802101135
4085 4534 0.35812485218048096
4086 4553 0.48997223377227783
4087 4441 0.2578640282154083
4088 4404 0.3424261808395386
4089 4350 0.2719527781009674
4091 4424 0.3322528302669525
4093 4527 0.3132256269454956
4094 4490 0.576769232749939
4096 4503 0.43563491106033325
4097 4491 0.4706569015979767
4098 4430 0.33236056566238403
4099 4431 0.4817593991756439
4100 4356 0.30046239495277405
4101 4334 0.4013930559158325
4102 4345 0.3865460455417633
4103 4588 0.26915737986564636
4104 4603 0.3009427487850189
4105 4512 0.48524394631385803
4106 4400 0.3040734529495239
4109 4442 0.5459330677986145
4112 4502 0.4952904284000397
4114 4410 0.27433571219444275
4117 4411 0.3465138077735901
4118 4433 0.3325495421886444
4119 4434 0.36777278780937195
4121 4333 0.44206830859184265
4122 4335 0.36062607169151306
4123 4381 0.2988155782222748
4125 4419 0.8173251152038574
4131 4629 0.3435209393501282
4133 4420 0.4260827302932739
4134 4443 0.3413284122943878
4136 4455 0.307416707277298
4137 4456 0.5545995235443115
4139 4457 0.36685991287231445
4140 4471 0.34033605456352234
4142 4528 0.3853362202644348
4143 4428 0.2640025317668915
4147 4639 0.3127760887145996
4152 4485 0.3299635052680969
4153 4469 0.3047603368759155
4154 4516 0.30853337049484253
4158 4379 0.4568603038787842
4159 4436 0.31389039754867554
4162 4449 0.44266146421432495
4163 4437 0.4309646785259247
4164 4438 0.501772940158844
4166 4474 0.35829395055770874
4167 4504 0.40372028946876526
4168 4492 0.31274178624153137
4169 4506 0.3252381682395935
4171 4448 0.4303818643093109
4179 4488 0.3600882291793823
4180 4499 0.26648297905921936
4181 4542 0.3329913020133972
4182 4543 0.2600248157978058
4183 4567 0.3185252845287323
4184 4605 0.36061060428619385
4186 4517 0.255056768655777
4187 4478 0.28394708037376404
4188 4647 0.3100258409976959
4189 4640 0.39118683338165283
4190 4524 0.26417076587677
4191 4514 0.31118878722190857
4192 4580 0.4131709039211273
4196 4476 0.3191126883029938
4197 4477 0.35847440361976624
4199 4526 0.3205086588859558
4200 4557 0.390359491109848
4201 4566 0.29380297660827637
4202 4614 0.4148263931274414
4204 4594 0.29687413573265076
4207 4518 0.374191552400589
4208 4447 0.3835829198360443
4213 4554 0.2942906320095062
4216 4537 0.25564342737197876
4217 4539 0.41881975531578064
4218 4515 0.3395107090473175
4219 4578 0.3280439078807831
4220 4579 0.26955553889274597
4222 4613 0.41328322887420654
4224 4568 0.36557120084762573
4225 4529 0.2883179485797882
4229 4494 0.3571855127811432
4231 4663 0.2870827317237854
4233 4556 0.296684205532074
4235 4632 0.4010670483112335
4236 4616 0.4381774067878723
4237 4607 0.32808488607406616
4238 4619 0.30568307638168335
4239 4519 0.3634021580219269
4240 4520 0.4024394452571869
4241 4521 0.363118439912796
4246 4583 0.3386521637439728
4247 4584 0.4120757579803467
4248 4585 0.424053430557251
4249 4507 0.3408060371875763
4252 4665 0.3045186400413513
4255 4562 0.6515774130821228
4256 4575 0.27703583240509033
4257 4644 0.35502153635025024
4261 4595 0.2989504039287567
4263 4582 0.26260310411453247
4265 4509 0.410806804895401
4267 4549 0.5883727669715881
4268 4550 0.5797764658927917
4269 4680 0.27508893609046936
4270 4572 0.30514541268348694
4271 4487 0.2897952198982239
4272 4573 0.39922693371772766
4273 4589 0.3406955599784851
4274 4591 0.27025309205055237
4276 4612 0.27249690890312195
4277 4576 0.2777371108531952
4278 4633 0.40648412704467773
4279 4643 0.2975215017795563
4280 4648 0.3638949692249298
4281 4635 0.25281137228012085
4283 4608 0.4975591003894806
4284 4493 0.2555010914802551
4285 4532 0.7008247971534729
4291 4651 0.45341047644615173
4292 4631 0.2576344609260559
4294 4658 0.4454072117805481
4295 4620 0.2602597773075104
4299 4587 0.45072630047798157
4301 4676 0.26670950651168823
4302 4681 0.4534800946712494
4304 4655 0.3836538791656494
4306 4707 0.3802172839641571
4310 4666 0.32554009556770325
4312 4645 0.2739294469356537
4313 4659 0.26735201478004456
4314 4660 0.27302080392837524
4316 4626 0.39660319685935974
4317 4530 0.3161269724369049
4318 4598 0.4791915714740753
4319 4609 0.3635820746421814
4320 4610 0.4485855996608734
4323 4654 0.29392489790916443
4325 4667 0.30234023928642273
4326 4693 0.3760758638381958
4327 4668 0.3574216365814209
4328 4646 0.35046401619911194
4329 4627 0.25318512320518494
4333 4599 0.43383267521858215
4336 4673 0.26479804515838623
4338 4678 0.2580406665802002
4340 4653 0.2941567897796631
4341 4682 0.3233189284801483
4342 4684 0.33488744497299194
4345 4731 0.4604751169681549
4346 4692 0.38653239607810974
4353 4740 0.3207881450653076
4356 4694 0.29858654737472534
4357 4695 0.4383784532546997
4359 4708 0.33517277240753174
4360 4704 0.3271332383155823
4362 4753 0.4576474130153656
4370 4752 0.41148123145103455
4372 4715 0.38427308201789856
4374 4661 0.26884210109710693
4375 4674 0.3680952787399292
4377 4767 0.41476544737815857
4378 4768 0.425015389919281
4380 4714 0.45046114921569824
4382 4732 0.32372403144836426
4383 4745 0.6338493227958679
4384 4757 0.5731175541877747
4385 4734 0.3268108069896698
4388 4766 0.32293465733528137
4389 4759 0.3294522166252136
4390 4760 0.6763274073600769
4398 4747 0.44515836238861084
4399 4755 0.44116365909576416
4400 4756 0.39395275712013245
4402 4765 0.29087814688682556
4403 4774 0.5065091252326965
4404 4761 0.2728164792060852
4406 4797 0.66609787940979
4409 4718 0.2584770917892456
4413 4784 0.34537526965141296
4418 4775 0.3672355115413666
4419 4796 0.2817690968513489
4420 4776 0.2610129117965698
4422 4827 0.37278249859809875
4423 4819 0.41881975531578064
4424 4802 0.5718863606452942
4425 4719 0.34126558899879456
4427 4826 0.38184666633605957
4429 4794 0.25986021757125854
4431 4785 0.3873065412044525
4432 4786 0.3068045675754547
4433 4788 0.2977732717990875
4435 4789 0.2787202000617981
4437 4805 0.34045130014419556
4438 4735 0.349385142326355
4442 4812 0.40230438113212585
4444 4742 0.46920621395111084
4445 4808 0.27160027623176575
4447 4810 0.36501726508140564
4448 4813 0.4416414499282837
4450 4820 0.2560975253582001
4451 4798 0.3342292308807373
4456 4830 0.45319172739982605
4458 4831 0.32697945833206177
4459 4839 0.46031704545021057
4460 4815 0.32622039318084717
4463 4803 0.4463993012905121
4466 4836 0.3957923352718353
4469 4857 0.40214788913726807
4470 4829 0.3075263798236847
4473 4835 0.26082754135131836
4475 4818 0.4391341507434845
4476 4856 0.3791888952255249
4477 4868 0.4388348162174225
4482 4866 0.34694963693618774
4485 4847 0.2834416925907135
4488 4828 0.38613781332969666
4491 4823 0.38217782974243164
4494 4858 0.25859618186950684
4495 4850 0.4251224100589752
4498 4873 0.4019128382205963
4500 4874 0.29094693064689636
4501 4865 0.4246280789375305
4503 4887 0.5910959839820862
4504 4885 0.5421217679977417
4505 4881 0.6533533334732056
4506 4870 0.3844948709011078
4510 4882 0.34642329812049866
4512 4883 0.30245673656463623
4517 4900 0.6403687000274658
4518 4877 0.3874668776988983
4520 4894 0.45260950922966003
4521 4898 0.3785630762577057
4522 4899 0.4238714575767517
4523 4901 0.35141652822494507
4524 4888 0.38520100712776184
4525 4879 0.29464784264564514
4528 4889 0.4239652752876282
4529 4891 0.3656182587146759
4530 4890 0.7103455066680908
4532 4913 0.3160910904407501
4533 4896 0.3911338448524475
4534 4921 0.30897092819213867
4535 4907 0.4444490969181061
4536 4908 0.38171815872192383
4537 4919 0.29006427526474
4538 4937 0.3000778257846832
4539 4927 0.3862718641757965
4540 4953 0.30572769045829773
4541 4902 0.32942959666252136
4543 4911 0.37198203802108765
4545 4961 0.3228785991668701
4546 4931 0.3399442136287689
4547 4906 0.5754764676094055
4550 4914 0.2620449662208557
4552 4924 0.32186007499694824
4553 4925 0.43975481390953064
4556 4929 0.4269523620605469
4557 4970 0.7050514817237854
4558 4962 0.34778380393981934
4559 4955 0.36741942167282104
4560 4936 0.6869190335273743
4561 4950 0.25956350564956665
4562 4951 0.27182623744010925
4564 4952 0.37622615694999695
4565 4933 0.2725774943828583
4569 4942 0.2530919313430786
4570 4941 0.2654954493045807
4571 4948 0.41262000799179077
4574 4977 0.3923749625682831
4575 4971 0.33938056230545044
4576 4967 0.3658170700073242
4577 4956 0.27866384387016296
4579 4949 0.28048568964004517
4585 4984 0.32148489356040955
4587 4959 0.3434157967567444
4588 4974 0.39138272404670715
4589 4960 0.3595707416534424
4591 5016 0.5287848711013794
4592 4989 0.2913534343242645
4593 4980 0.39299476146698
4598 4932 0.3080374002456665
4599 4969 0.284925252199173
4604 4998 0.3028533458709717
4607 4983 0.3135107457637787
4611 4968 0.32915544509887695
4614 5026 0.31814274191856384
4615 5014 0.31539252400398254
4616 5015 0.36264294385910034
4617 5020 0.28896647691726685
4618 5022 0.2621312141418457
4619 5004 0.2582070827484131
4620 4972 0.3123861849308014
4625 5028 0.3023604154586792
4628 5002 0.3771069645881653
4629 5003 0.49252548813819885
4632 4985 0.3218490183353424
4635 5000 0.2651255428791046
4636 5038 0.3621949851512909
4638 5040 0.2775001525878906
4640 5006 0.2907106280326843
4641 5008 0.2635921835899353
4642 5009 0.2991098165512085
4643 5010 0.36064979434013367
4648 4999 0.27579447627067566
4652 5032 0.3548005223274231
4653 5023 0.38537296652793884
4654 5050 0.3293476104736328
4656 5017 0.29666781425476074
4659 5044 0.4059673249721527
4661 5037 0.36495113372802734
4662 5041 0.6829254627227783
4665 5033 0.3030596077442169
4666 5074 0.3633061647415161
4667 5042 0.28068503737449646
4668 5060 0.29142847657203674
4670 5045 0.28197795152664185
4671 5048 0.289857417345047
4674 5093 0.3708471655845642
4675 5056 0.32873478531837463
4679 5068 0.327749639749527
4681 5062 0.28130781650543213
4687 5098 0.35010290145874023
4688 5063 0.376852422952652
4691 5070 0.34871503710746765
4693 5081 0.5226387977600098
4695 5075 0.28735965490341187
4704 5092 0.26883286237716675
4706 5117 0.4804055094718933
4709 5130 0.2984365224838257
4710 5110 0.37403637170791626
4712 5131 0.3347475826740265
4716 5125 0.6868797540664673
4717 5134 0.3937450349330902
4718 5138 0.8895058035850525
4720 5140 0.31843748688697815
4723 5144 0.28385230898857117
4724 5145 0.2670622766017914
4725 5143 0.4595262110233307
4726 5147 0.41491737961769104
4727 5148 0.7520781755447388
4728 5150 0.45835235714912415
4730 5153 0.285512238740921
4731 5154 0.3411028981208801
4732 5159 0.35876956582069397
4733 5160 0.5171645283699036
