1017
28 58 0.42592549324035645
29 59 0.7547920942306519
32 62 0.31216341257095337
34 63 0.4029225707054138
37 66 0.4147721827030182
39 73 0.4122699499130249
47 76 0.26849082112312317
63 85 0.2558497488498688
147 106 0.5755724906921387
214 235 0.29551488161087036
235 257 0.40038105845451355
270 276 0.2642655074596405
317 282 0.2593996822834015
330 334 0.27202460169792175
358 347 0.28463274240493774
372 318 0.3032735586166382
373 354 0.2541595697402954
374 361 0.3256661593914032
382 335 0.5911952257156372
384 389 0.268865168094635
388 392 0.35929447412490845
402 353 0.42513617873191833
405 374 0.26088201999664307
417 343 0.5182304382324219
419 406 0.3450727164745331
433 366 0.5727202892303467
437 365 0.4080388844013214
438 359 0.3041398823261261
452 421 0.32203108072280884
455 423 0.26165640354156494
471 396 0.29575902223587036
472 409 0.4308619201183319
487 433 0.2575310170650482
494 424 0.270597904920578
502 449 0.26470035314559937
503 435 0.32488352060317993
505 469 0.29710865020751953
521 458 0.2758694589138031
530 466 0.36075231432914734
539 481 0.41247954964637756
552 483 0.4721643328666687
559 476 0.6793436408042908
580 499 0.2501693367958069
588 494 0.26921385526657104
593 512 0.28162187337875366
598 508 0.28635019063949585
608 498 0.29794996976852417
614 501 0.4088420569896698
619 516 0.36047133803367615
620 517 0.30456075072288513
624 519 0.26742520928382874
636 515 0.416420578956604
637 529 0.39044177532196045
639 518 0.25361841917037964
648 638 0.38572558760643005
649 639 0.459561288356781
660 531 0.3385946750640869
662 536 0.27112460136413574
663 528 0.2623215317726135
664 554 0.6978209614753723
665 539 0.4156322181224823
672 558 0.3627283573150635
674 552 0.4097960889339447
685 541 0.30662116408348083
691 564 0.25902318954467773
694 551 0.47248414158821106
700 557 0.3375941514968872
702 604 0.3716104328632355
718 597 0.3615092933177948
720 601 0.3227640688419342
730 631 0.41891685128211975
731 622 0.35589513182640076
732 623 0.270458847284317
735 376 0.259117066860199
739 387 0.281173437833786
743 724 0.7255733013153076
748 625 0.2830756604671478
750 628 0.42914000153541565
756 731 0.32690587639808655
758 712 0.5253472328186035
759 649 0.33513057231903076
760 632 0.40262410044670105
765 784 0.32561957836151123
766 719 0.47186902165412903
768 664 0.3252369165420532
770 650 0.329510360956192
778 740 0.32389944791793823
783 640 0.2791045606136322
784 658 0.27523431181907654
787 386 0.2599417567253113
788 618 0.4025365710258484
789 603 0.2858680486679077
790 669 0.2730960547924042
797 674 0.37363743782043457
798 675 0.30204686522483826
799 657 0.3206859827041626
803 644 0.4423268139362335
805 668 0.3544396758079529
822 781 0.28131452202796936
823 793 0.5141857862472534
826 690 0.25368544459342957
829 782 0.274580180644989
831 678 0.3090416491031647
832 688 0.3947933614253998
835 455 0.2552903890609741
839 667 0.39019423723220825
849 794 0.46236950159072876
851 768 0.25572875142097473
858 456 0.2525906264781952
868 700 0.2590014338493347
869 708 0.3857550024986267
887 809 0.5121591687202454
890 705 0.26481345295906067
895 702 0.3592163622379303
897 716 0.300189733505249
898 721 0.2718311548233032
899 722 0.2516457140445709
900 717 0.3372640013694763
907 734 0.3170012831687927
909 478 0.5045276880264282
910 479 0.29221245646476746
911 470 0.2788770794868469
915 706 0.28990110754966736
921 843 0.3288172483444214
922 832 0.5197558999061584
932 755 0.3755722939968109
934 728 0.36307862401008606
936 744 0.282501757144928
942 875 0.2543637454509735
953 737 0.30336296558380127
954 743 0.27538973093032837
963 769 0.36198124289512634
965 762 0.26781800389289856
968 766 0.3325815796852112
976 767 0.26183465123176575
980 900 0.2510124742984772
981 903 0.3443281352519989
991 798 0.3819792568683624
996 901 0.2812034785747528
997 747 0.2778324782848358
1001 895 0.5082452297210693
1002 787 0.3085707426071167
1003 771 0.38779404759407043
1012 902 0.40439578890800476
1025 976 0.31261536478996277
1027 925 0.31712010502815247
1029 811 0.27924567461013794
1030 772 0.27085790038108826
1037 570 0.5302811861038208
1049 825 0.44875845313072205
1066 953 0.6628615856170654
1068 834 0.2814696431159973
1070 839 0.3202648460865021
1075 963 0.33022603392601013
1076 952 0.4940567910671234
1077 841 0.316668301820755
1092 965 0.40274661779403687
1113 1001 0.3949179947376251
1115 864 0.3343953490257263
1119 627 0.2753923535346985
1155 1008 0.34548795223236084
1157 642 0.262247234582901
1163 1030 0.36832597851753235
1164 865 0.5974155068397522
1175 1002 0.3904704451560974
1177 906 0.3976094424724579
1186 1066 0.2525573968887329
1190 610 0.35164886713027954
1191 821 0.3421262204647064
1196 1032 0.3318224847316742
1201 904 0.3543247580528259
1202 926 0.31060558557510376
1203 838 0.3044794201850891
1212 1156 0.3004454970359802
1213 1132 0.28921377658843994
1214 1133 0.33742162585258484
1215 1134 0.35595351457595825
1216 1100 0.29329150915145874
1217 1038 0.403214693069458
1221 634 0.32063889503479004
1227 1113 0.4656262993812561
1228 1069 0.4005659222602844
1230 659 0.3596554696559906
1242 978 0.2714865803718567
1247 1159 0.29138872027397156
1248 936 0.3245032727718353
1249 757 0.6450749039649963
1251 1158 0.35504692792892456
1254 969 0.25781115889549255
1266 1217 0.29328450560569763
1269 1205 0.31508496403694153
1273 1012 0.2892085313796997
1288 1024 0.7327174544334412
1296 1240 0.3906507194042206
1303 1261 0.5119863152503967
1305 1296 0.44151175022125244
1306 1269 0.2933647930622101
1310 1058 0.3575041592121124
1311 1073 0.765946090221405
1312 1047 0.2830767333507538
1316 1294 0.274323433637619
1317 1312 0.2847546339035034
1318 1313 0.2927270531654358
1319 1295 0.3765014708042145
1321 1046 0.312593013048172
1324 1057 0.289493590593338
1330 1297 0.256226509809494
1331 1138 0.29506880044937134
1332 1139 0.27617719769477844
1333 1125 0.2737411558628082
1335 1085 0.3923981785774231
1336 789 0.37018638849258423
1338 1299 0.25248274207115173
1346 1141 0.2771909534931183
1347 1115 0.4136503338813782
1355 1161 0.2502497434616089
1356 803 0.39638009667396545
1359 1127 0.3329299986362457
1360 1128 0.2933793365955353
1363 1025 0.25403186678886414
1364 1026 0.2778462767601013
1369 1160 0.2836412489414215
1371 1126 0.26440566778182983
1379 1377 0.29700183868408203
1382 1176 0.25890660285949707
1384 1037 0.5485163331031799
1395 1219 0.31024736166000366
1397 1206 0.4833572208881378
1400 826 0.3349919021129608
1411 1221 0.32488226890563965
1423 837 0.2566618323326111
1425 1418 0.2612287998199463
1426 1439 0.263586163520813
1427 1419 0.5330648422241211
1428 1367 0.2865925133228302
1429 868 0.28685009479522705
1432 847 0.3911409378051758
1439 1452 0.3941357731819153
1440 1421 0.3520975112915039
1444 1424 0.32632774114608765
1445 1251 0.27309682965278625
1446 1253 0.3204267621040344
1451 1422 0.3260089159011841
1452 1390 0.3654728829860687
1453 869 0.2804573178291321
1460 1484 0.35595011711120605
1461 1459 0.36765846610069275
1462 1467 0.3237718939781189
1464 1143 0.4795742332935333
1468 1317 0.2623790502548218
1471 918 0.26366183161735535
1472 920 0.3024980127811432
1475 1468 0.3452030420303345
1484 1180 0.2973436415195465
1487 1487 0.3960842192173004
1501 939 0.27257800102233887
1505 1243 0.42651164531707764
1506 1224 0.2524331510066986
1509 1478 0.3085651695728302
1510 1425 0.25828316807746887
1513 1354 0.2601146101951599
1516 1355 0.3769814670085907
1520 1486 0.27019280195236206
1521 1524 0.4422403573989868
1522 1496 0.34609735012054443
1523 1471 0.2775830030441284
1524 1479 0.31207144260406494
1532 1546 0.3371157646179199
1538 941 0.2597271800041199
1540 1244 0.3105030953884125
1564 1581 0.3922429084777832
1565 1569 0.375596284866333
1566 1571 0.3177794814109802
1573 1580 0.2687172591686249
1575 1570 0.4849807024002075
1578 1517 0.3044927716255188
1585 1568 0.26019126176834106
1587 1525 0.3024270534515381
1589 1371 0.31507205963134766
1609 1598 0.4148631691932678
1610 1560 0.4452521800994873
1612 1441 0.3122009336948395
1620 1548 0.2640130817890167
1635 1583 0.4275811016559601
1640 1329 0.25528332591056824
1644 1584 0.31726500391960144
1651 1342 0.31435203552246094
1656 1585 0.31757527589797974
1657 1586 0.25050047039985657
1658 1587 0.37599050998687744
1666 1634 0.3194796144962311
1674 1644 0.3416094481945038
1676 1645 0.4813171625137329
1682 1612 0.458358496427536
1684 1510 0.26971369981765747
1691 1671 0.3708924353122711
1696 1700 0.4456404745578766
1697 1684 0.3498252332210541
1703 1527 0.4604562222957611
1706 1672 0.5071601867675781
1713 1552 0.55919349193573
1725 1732 0.3347475826740265
1726 1733 0.31642255187034607
1727 1734 0.381985068321228
1728 1708 0.35932600498199463
1738 1756 0.6059467196464539
1739 1701 0.2803541123867035
1743 1754 0.2577047348022461
1748 1575 0.6278631091117859
1761 1521 0.32013413310050964
1778 1660 0.27990901470184326
1780 1628 0.26658517122268677
1791 1544 0.39553916454315186
1801 1662 0.2881986200809479
1802 1553 0.4481528699398041
1811 1787 0.49676206707954407
1813 1677 0.2606017589569092
1818 1536 0.25801655650138855
1825 1809 0.4327578842639923
1826 1853 0.4469607472419739
1827 1832 0.26156410574913025
1829 1542 0.2981381118297577
1837 1763 0.45590320229530334
1839 1680 0.30295529961586
1849 1740 0.26565173268318176
1862 1881 0.8545389771461487
1865 1773 0.4584953188896179
1867 1715 0.3255680501461029
1868 1689 0.3883417844772339
1881 1611 0.28443437814712524
1885 1781 0.2583481967449188
1889 1593 0.3643394410610199
1900 1750 0.3099081814289093
1901 1716 0.2791418135166168
1905 1631 0.3023312985897064
1907 1642 0.30696582794189453
1913 1802 0.34376445412635803
1915 1909 0.38602182269096375
1916 1810 0.28133007884025574
1917 1609 0.28493475914001465
1928 1857 0.2747182250022888
1929 1790 0.357159286737442
1936 1899 0.3896067440509796
1940 1846 0.2961101233959198
1941 1847 0.3157714307308197
1950 1937 0.31254321336746216
1954 1629 0.26527297496795654
1971 1852 0.3325099050998688
1974 1931 0.27460819482803345
1976 1848 0.44494909048080444
1978 1666 0.35765761137008667
1989 1691 0.25792428851127625
1990 1665 0.3093492090702057
2002 1718 0.27958887815475464
2008 1993 0.27830690145492554
2013 1776 0.25607189536094666
2016 2034 0.6479864120483398
2019 1992 0.27379652857780457
2030 1932 0.5072036981582642
2053 1777 0.2519828677177429
2060 2039 0.2736077904701233
2063 2041 0.2856508493423462
2064 1947 0.29083290696144104
2067 1767 0.3982207775115967
2073 2049 0.26245665550231934
2074 1904 0.44477006793022156
2081 2098 0.35753074288368225
2086 1792 0.34472042322158813
2088 1784 0.272689551115036
2093 1977 0.2734643220901489
2094 1906 0.25024116039276123
2104 2105 0.37987223267555237
2105 2106 0.2881615161895752
2109 1976 0.6360012888908386
2110 1905 0.5859280228614807
2116 2104 0.30226555466651917
2126 1978 0.38150015473365784
2127 1949 0.254076212644577
2145 2011 0.26607996225357056
2147 1849 0.3082495629787445
2148 1839 0.30374160408973694
2149 1823 0.2884485721588135
2155 2166 0.6784890294075012
2163 2157 0.505608081817627
2166 2043 0.5153070092201233
2167 1860 0.2753485143184662
2169 1850 0.3880307972431183
2175 2213 0.3071274757385254
2176 2182 0.25907233357429504
2178 2115 0.36083900928497314
2179 1979 0.250470370054245
2184 1865 0.29673007130622864
2195 1880 0.33095717430114746
2196 1862 0.2784733772277832
2197 1863 0.30136638879776
2210 2075 0.3331628143787384
2217 2012 0.2581046521663666
2218 1878 0.25293317437171936
2219 1840 0.2689869999885559
2228 2199 0.3330811858177185
2229 2289 0.353130578994751
2230 2219 0.3483959436416626
2232 2221 0.471090704202652
2233 2169 0.28651079535484314
2234 2076 0.35917797684669495
2235 1879 0.2677939832210541
2236 2200 0.319780170917511
2241 2184 0.2706965208053589
2243 1898 0.26626449823379517
2245 2287 0.5547899603843689
2249 1896 0.26235103607177734
2256 2265 0.31321847438812256
2258 2301 0.286662757396698
2259 2222 0.3600532114505768
2260 2223 0.328172504901886
2263 2288 0.5192475318908691
2264 2224 0.25182145833969116
2273 2242 0.45870524644851685
2274 2277 0.2838858962059021
2277 1892 0.25769761204719543
2283 2264 0.26498979330062866
2284 2325 0.503346860408783
2289 2135 0.2821560502052307
2292 1915 0.4031251072883606
2297 1916 0.2987152934074402
2298 2330 0.42757824063301086
2299 2306 0.3647329807281494
2301 2247 0.27728137373924255
2321 2324 0.29336509108543396
2324 2171 0.29444390535354614
2326 1939 0.2761124074459076
2332 1999 0.29031887650489807
2333 2341 0.3882084786891937
2335 2290 0.6816039681434631
2336 2351 0.45814695954322815
2338 1981 0.2679837942123413
2347 2123 0.26634401082992554
2353 1988 0.30758413672447205
2357 2374 0.3717228174209595
2360 2389 0.27664536237716675
2361 2280 0.25326699018478394
2362 2202 0.3462158739566803
2370 2379 0.2787438631057739
2378 2423 0.3151703178882599
2382 2147 0.2834884524345398
2386 2018 0.3038070797920227
2391 2413 0.3796263337135315
2392 2375 0.27522537112236023
2393 2237 0.2910740375518799
2396 2025 0.2775348126888275
2399 2396 0.40379616618156433
2414 2437 0.3530588448047638
2415 2331 0.27041733264923096
2424 2055 0.30873116850852966
2428 2456 0.5733963251113892
2432 2459 0.29492419958114624
2433 2399 0.29615023732185364
2441 2081 0.2622019648551941
2453 2470 0.35346177220344543
2454 2471 0.28628793358802795
2455 2458 0.27889859676361084
2457 2402 0.3950754404067993
2458 2365 0.34042760729789734
2460 2090 0.3392731249332428
2463 2095 0.32412222027778625
2464 2046 0.6110971570014954
2465 2071 0.30026474595069885
2469 2438 0.3481232523918152
2484 2533 0.5048337578773499
2487 2137 0.2582191228866577
2488 2126 0.25675904750823975
2492 2138 0.2775686979293823
2494 2151 0.4525154232978821
2498 2511 0.2922453284263611
2499 2543 0.2923922538757324
2501 2388 0.43976444005966187
2504 2128 0.3199079930782318
2506 2129 0.27692487835884094
2510 2473 0.26016148924827576
2511 2185 0.516853392124176
2512 2139 0.440874308347702
2516 2542 0.3543207049369812
2519 2486 0.3147489130496979
2531 2176 0.2542252838611603
2533 2580 0.26984336972236633
2540 2578 0.25168243050575256
2543 2522 0.26057466864585876
2544 2523 0.4310990869998932
2545 2514 0.5766906142234802
2546 2353 0.33106133341789246
2551 2617 0.3052498996257782
2552 2601 0.717154324054718
2555 2475 0.2763758599758148
2560 2148 0.2588661313056946
2561 2227 0.36654728651046753
2564 2581 0.2745053172111511
2569 2208 0.29882726073265076
2570 2239 0.33761799335479736
2571 2253 0.2628132998943329
2574 2194 0.31931209564208984
2577 2600 0.3557637929916382
2578 2590 0.43108758330345154
2581 2188 0.30799245834350586
2584 2229 0.27809014916419983
2589 2442 0.28662341833114624
2590 2407 0.37153780460357666
2594 2186 0.3156576156616211
2597 2643 0.25987112522125244
2603 2441 0.27185526490211487
2606 2299 0.3877052962779999
2610 2644 0.3284784257411957
2613 2417 0.31008437275886536
2616 2252 0.3786836564540863
2623 2443 0.3642987906932831
2624 2444 0.5235007405281067
2625 2250 0.3114236295223236
2628 2260 0.25871556997299194
2632 2690 0.6159998774528503
2640 2699 0.5024710893630981
2641 2689 0.2930292785167694
2642 2700 0.3355463147163391
2644 2503 0.29472288489341736
2647 2282 0.2687021493911743
2649 2284 0.33189401030540466
2661 2295 0.26618021726608276
2662 2283 0.4285355508327484
2671 2314 0.3055603802204132
2672 2308 0.30961188673973083
2681 2775 0.4195573329925537
2689 2359 0.6678234934806824
2691 2321 0.2662406265735626
2699 2504 0.26364925503730774
2704 2756 0.27915939688682556
2711 2203 0.26568618416786194
2713 2307 0.4093906283378601
2720 2360 0.2838991582393646
2743 2356 0.3341023921966553
2749 2408 0.3650827407836914
2750 2312 0.32515379786491394
2752 2425 0.2535434663295746
2762 2355 0.2719169855117798
2770 2556 0.35071712732315063
2784 2822 0.33243536949157715
2785 2445 0.6375018358230591
2786 2448 0.33434462547302246
2799 2496 0.9040866494178772
2816 2432 0.26761960983276367
2831 2808 0.32184165716171265
2847 2737 0.35636720061302185
2850 2509 0.3902828097343445
2853 2516 0.2579978406429291
2858 2871 0.267909437417984
2859 2783 0.44805842638015747
2869 2782 0.4490303099155426
2870 2767 0.3768085837364197
2871 2536 0.40744549036026
2874 2549 0.26098352670669556
2879 2816 0.40492603182792664
2886 2535 0.2990097105503082
2887 2515 0.37842950224876404
2892 2510 0.3454655408859253
2893 2506 0.27049314975738525
2895 2547 0.34796392917633057
2900 2609 0.3650646209716797
2907 2828 0.3743896782398224
2909 2603 0.2824435532093048
2912 2567 0.3635276257991791
2913 2568 0.259950190782547
2914 2569 0.3326919674873352
2917 2605 0.2611408829689026
2918 2627 0.289188414812088
2924 2626 0.3021935224533081
2927 2639 0.26892414689064026
2929 2940 0.3601098656654358
2932 2587 0.3634576201438904
2934 2561 0.2629890739917755
2938 2861 0.3250924050807953
2943 2625 0.29069316387176514
2944 2650 0.25858262181282043
2947 2610 0.272342324256897
2952 2667 0.3929775059223175
2954 2668 0.2783796489238739
2956 2574 0.27668070793151855
2961 2865 0.46137315034866333
2963 2632 0.2923150062561035
2969 2915 0.29306337237358093
2977 2652 0.25335612893104553
2978 2669 0.31930142641067505
2987 2705 0.3003753125667572
2988 2682 0.4470860958099365
2996 2964 0.33360156416893005
2998 2898 0.32699379324913025
2999 2891 0.2744152545928955
3008 3003 0.5756246447563171
3009 2931 0.36523735523223877
3010 2809 0.322333425283432
3014 2718 0.3147801160812378
3020 2676 0.3107074797153473
3021 2729 0.2808874845504761
3043 3027 0.3510269820690155
3047 2750 0.26153841614723206
3052 2739 0.2525952160358429
3062 3241 0.48371830582618713
3065 2965 0.3886255621910095
3068 2768 0.3645886480808258
3071 3044 0.3485631048679352
3072 2949 0.4460750222206116
3073 2713 0.505172848701477
3076 2752 0.30652937293052673
3077 2753 0.3765704035758972
3081 2950 0.3594699501991272
3085 2777 0.3016496002674103
3090 2988 0.27146536111831665
3093 2812 0.4592944383621216
3094 2785 0.4122561812400818
3095 2786 0.4636225998401642
3100 3028 0.479511559009552
3101 2714 0.292270690202713
3102 2763 0.26760098338127136
3103 2771 0.3143004775047302
3106 2900 0.35157108306884766
3107 2831 0.4366718828678131
3112 3014 0.3019659221172333
3113 2810 0.3326913118362427
3115 2770 0.31914982199668884
3120 3004 0.47964969277381897
3121 2800 0.3669824004173279
3122 2832 0.37721091508865356
3123 2833 0.37367162108421326
3127 2932 0.3262645900249481
3128 2819 0.4407452344894409
3132 3032 0.48178374767303467
3133 2847 0.2540817856788635
3134 2784 0.5050350427627563
3135 2855 0.4898073077201843
3139 3061 0.3486934304237366
3140 3110 0.4027877151966095
3141 2953 0.3336333930492401
3143 3431 0.4175630807876587
3149 2868 0.5416117310523987
3150 2893 0.4589647352695465
3152 2878 0.33876359462738037
3154 3096 0.3132794201374054
3156 2876 0.5125207304954529
3157 2888 0.39932021498680115
3158 2877 0.4572495222091675
3163 3159 0.32422083616256714
3166 3034 0.25430384278297424
3169 2867 0.439569890499115
3170 2904 0.3456711769104004
3176 3125 0.3315197825431824
3177 2928 0.3749309778213501
3179 2862 0.43812474608421326
3184 3191 0.40320393443107605
3185 3063 0.25558197498321533
3186 3064 0.32729142904281616
3187 2874 0.2641102969646454
3189 2916 0.38207724690437317
3190 2894 0.411182701587677
3191 2879 0.3025669455528259
3194 3134 0.6425900459289551
3197 2901 0.6940617561340332
3198 2917 0.3099646270275116
3209 2955 0.269959956407547
3210 2892 0.36888736486434937
3216 3233 0.31334933638572693
3217 2925 0.2876826524734497
3224 3155 0.3361433446407318
3225 2961 0.301941454410553
3233 2982 0.4879140257835388
3234 2974 0.38004109263420105
3235 2933 0.3714633882045746
3245 3060 0.459552526473999
3246 2968 0.4456005096435547
3251 3319 0.320394366979599
3253 2967 0.29639574885368347
3254 2956 0.3741840720176697
3255 2970 0.3415423333644867
3266 3201 0.3717043697834015
3267 2983 0.25809651613235474
3268 2993 0.2695830464363098
3289 3018 0.38130372762680054
3298 3037 0.2510806918144226
3300 3394 0.3759984076023102
3304 2999 0.2524656355381012
3315 3000 0.317329466342926
3316 3046 0.28812524676322937
3317 3055 0.4648268222808838
3318 3041 0.5496484637260437
3319 3433 0.3217250406742096
3337 3813 0.29621464014053345
3340 3258 0.4089551568031311
3343 3284 0.37385520339012146
3346 3083 0.25313296914100647
3348 3069 0.4357683062553406
3352 3416 0.5285463929176331
3353 3263 0.3624005913734436
3357 3376 0.3345194160938263
3359 3070 0.2958780825138092
3368 3120 0.33774906396865845
3371 3072 0.2549728751182556
3372 3100 0.3236897587776184
3374 3456 0.3892984688282013
3375 3283 0.3481962978839874
3382 3121 0.5074180364608765
3386 3901 0.6523919701576233
3389 3457 0.32159221172332764
3390 3438 0.41645076870918274
3392 3144 0.3538965582847595
3399 3435 0.28999122977256775
3403 3101 0.2515653371810913
3412 3150 0.3335522711277008
3422 3615 0.4318850636482239
3423 3493 0.2565076947212219
3428 3611 0.25946077704429626
3429 3571 0.28516528010368347
3430 3572 0.30317381024360657
3436 3129 0.27600523829460144
3437 3184 0.35220867395401
3438 3251 0.2697466313838959
3440 3157 0.30086642503738403
3446 3499 0.3397555649280548
3457 3594 0.2696699798107147
3461 3172 0.3483271598815918
3464 3643 0.2699015140533447
3477 3497 0.4013727605342865
3478 3209 0.33184558153152466
3479 3210 0.4007187485694885
3480 3194 0.3664647936820984
3483 3644 0.28973719477653503
3485 3236 0.3098892569541931
3486 3208 0.28911009430885315
3488 3238 0.26200249791145325
3490 3674 0.2872675955295563
3500 3531 0.25202807784080505
3506 3557 0.4596576988697052
3508 3273 0.4279221296310425
3509 3274 0.3091064989566803
3511 3237 0.36347493529319763
3523 3675 0.3939054310321808
3524 3616 0.468855082988739
3527 3561 0.25069260597229004
3528 3419 0.7340967655181885
3534 3291 0.254384845495224
3540 3545 0.4032512307167053
3542 3308 0.41548123955726624
3544 3302 0.2939504086971283
3552 3279 0.2526366412639618
3553 3280 0.26257607340812683
3559 3788 0.31661999225616455
3570 3336 0.4029559791088104
3573 3313 0.2537060081958771
3582 3338 0.34102940559387207
3589 3546 0.42317190766334534
3599 3515 0.3174305558204651
3607 3363 0.33637937903404236
3608 3339 0.4510423243045807
3609 3351 0.2856633961200714
3611 3366 0.2659112811088562
3624 3353 0.2958538234233856
3628 3814 0.30616769194602966
3630 3722 0.2622414827346802
3632 3575 0.254847913980484
3640 3655 0.28330522775650024
3646 3422 0.3296690881252289
3661 3791 0.3373003602027893
3662 3625 0.26158207654953003
3663 3617 0.2990342378616333
3664 3771 0.2603759467601776
3666 3423 0.45390585064888
3667 3424 0.4413021206855774
3670 3367 0.3121030032634735
3671 3442 0.254207581281662
3672 3799 0.2526855766773224
3676 3687 0.3568841814994812
3677 3624 0.39687713980674744
3681 3407 0.3057125210762024
3682 3354 0.26252374053001404
3687 3815 0.5916013121604919
3691 3656 0.303443968296051
3692 3690 0.4967094957828522
3696 3466 0.4647696316242218
3701 3724 0.27388060092926025
3702 3726 0.28876179456710815
3704 3429 0.37695953249931335
3721 3471 0.33376801013946533
3725 3397 0.3792094886302948
3729 3878 0.3280704915523529
3732 3730 0.25292256474494934
3739 3500 0.3859058618545532
3740 3486 0.5025697946548462
3744 4222 0.2717847526073456
3751 3743 0.2803947329521179
3753 3526 0.2846362590789795
3754 3516 0.27034565806388855
3759 3751 0.28683942556381226
3760 3769 0.36667874455451965
3761 3742 0.29385650157928467
3765 3501 0.3257068693637848
3769 4303 0.36430123448371887
3770 4304 0.2636299133300781
3771 3903 0.391218900680542
3772 3833 0.2591610550880432
3773 3767 0.3351733982563019
3777 3533 0.3434675335884094
3779 3502 0.3569386303424835
3780 3503 0.28886398673057556
3787 3995 0.37995991110801697
3791 3832 0.2655278742313385
3795 3535 0.27851372957229614
3796 3541 0.275991827249527
3797 3476 0.3735576272010803
3801 3949 0.3231509327888489
3802 3934 0.2553359270095825
3803 3819 0.25312137603759766
3805 3552 0.4214397072792053
3806 3553 0.35999345779418945
3810 3818 0.3636004626750946
3814 3505 0.35372480750083923
3826 3834 0.2609056532382965
3827 3835 0.33438003063201904
3830 3563 0.276984840631485
3831 3494 0.34324684739112854
3836 3957 0.4218760132789612
3840 3488 0.25518912076950073
3844 4027 0.3893374502658844
3845 3880 0.27768415212631226
3846 3848 0.25008678436279297
3848 3508 0.2766735851764679
3856 3881 0.32284533977508545
3859 3595 0.37308090925216675
3865 4035 0.34952643513679504
3867 4026 0.25266194343566895
3868 4016 0.3166417181491852
3873 3863 0.43873897194862366
3876 3581 0.4106278121471405
3879 4036 0.43960344791412354
3880 3950 0.2896139919757843
3886 3619 0.27554211020469666
3890 3565 0.30163607001304626
3892 4045 0.2801085114479065
3895 3926 0.27645623683929443
3897 3885 0.4100017249584198
3902 3583 0.44617798924446106
3903 3584 0.29084429144859314
3907 4063 0.3602781891822815
3909 3917 0.27707624435424805
3912 3629 0.2526535093784332
3919 3936 0.36892783641815186
3926 3682 0.38377609848976135
3927 3662 0.5686444640159607
3932 3951 0.35364383459091187
3937 4022 0.25037819147109985
3944 3636 0.3406747579574585
3946 3667 0.3061811029911041
3952 4129 0.291532427072525
3955 4088 0.2815668284893036
3964 3701 0.25821298360824585
3966 3696 0.3106671869754791
3974 3693 0.25621455907821655
3975 3699 0.5823866128921509
3976 3663 0.25603917241096497
3978 3695 0.3298241198062897
3979 3668 0.3252359926700592
3981 4427 0.4815058708190918
3982 4438 0.3021056354045868
3984 3962 0.4052223563194275
3985 3971 0.37633490562438965
3986 3972 0.3720962703227997
3991 3665 0.30003803968429565
3992 3706 0.5274385809898376
3993 3707 0.30484145879745483
3996 4437 0.2921734154224396
3998 4167 0.2545258402824402
4008 3973 0.2506806552410126
4010 3996 0.2692534029483795
4013 4106 0.2511422336101532
4016 4191 0.29565978050231934
4018 4150 0.38470613956451416
4019 4130 0.2677081823348999
4020 4052 0.46369248628616333
4028 3702 0.4452589750289917
4029 4463 0.42495620250701904
4030 4069 0.4044744670391083
4033 4092 0.28649386763572693
4035 3733 0.34017252922058105
4036 3728 0.2831709682941437
4040 4078 0.32737261056900024
4042 3757 0.5075424313545227
4043 3758 0.5012425184249878
4049 4192 0.4511249363422394
4054 4105 0.6133818626403809
4062 4453 0.2629256248474121
4063 4209 0.38269463181495667
4065 4159 0.3033374845981598
4066 4173 0.3181806802749634
4068 3776 0.33000534772872925
4071 3778 0.3025098145008087
4085 4493 0.2958555221557617
4088 4231 0.28196799755096436
4090 4170 0.2858917713165283
4091 4203 0.2738531827926636
4093 4204 0.2628609538078308
4094 4185 0.5319937467575073
4095 4162 0.27834513783454895
4096 4174 0.3284461498260498
4101 3822 0.44599974155426025
4102 3746 0.3811016082763672
4103 4527 0.2812160849571228
4104 4528 0.35706186294555664
4105 4459 0.32147660851478577
4112 4197 0.368530809879303
4118 4015 0.25875553488731384
4122 3823 0.2967326045036316
4123 3759 0.34516584873199463
4133 4230 0.3160962164402008
4134 4262 0.32214537262916565
4137 4253 0.26385200023651123
4142 4198 0.2643522024154663
4148 4558 0.3107427656650543
4152 4309 0.2655889093875885
4158 3821 0.28969576954841614
4162 3802 0.4425014853477478
4164 3784 0.4884685277938843
4171 3856 0.3659346401691437
4177 4334 0.37455037236213684
4193 4267 0.3150152564048767
4204 4251 0.29270443320274353
4208 3839 0.4930180013179779
4217 4283 0.31769099831581116
4219 4244 0.440189927816391
4222 4294 0.26897314190864563
4236 4266 0.4412187933921814
4237 4227 0.262681245803833
4239 3913 0.3076792061328888
4240 3914 0.2715526223182678
4241 3890 0.26264068484306335
4251 4563 0.25193050503730774
4255 4321 0.39136555790901184
4257 4277 0.29770880937576294
4258 4278 0.25389406085014343
4267 3873 0.47962042689323425
4268 3874 0.41439974308013916
4271 4398 0.36046066880226135
4273 4336 0.29437118768692017
4276 4322 0.29547879099845886
4279 4296 0.32225197553634644
4280 4276 0.29033133387565613
4285 3891 0.48264235258102417
4286 3875 0.48415258526802063
4291 4591 0.3418147563934326
4293 4295 0.25666773319244385
4294 4225 0.30002719163894653
4299 3955 0.41919419169425964
4304 4327 0.2948589622974396
4313 4257 0.28010261058807373
4320 3915 0.3181843161582947
4336 4349 0.2795030474662781
4343 3981 0.25215139985084534
4344 4641 0.25757917761802673
4356 4375 0.4045948386192322
4359 4406 0.25326216220855713
4363 4626 0.2717388868331909
4364 4380 0.2709604799747467
4372 4410 0.2766374349594116
4375 4023 0.4425588846206665
4377 4650 0.28257638216018677
4379 4407 0.4086163640022278
4380 4409 0.30948492884635925
4383 4431 0.5410309433937073
4388 4411 0.3316715657711029
4390 4393 0.5576794147491455
4398 4440 0.4903719127178192
4399 4424 0.2952365577220917
4403 4448 0.3757188022136688
4406 4680 0.2813552916049957
4413 4432 0.2618006765842438
4424 4681 0.40105289220809937
4425 4097 0.26047033071517944
4430 4449 0.26604166626930237
4431 4441 0.29445064067840576
4436 4111 0.29562482237815857
4444 4120 0.27966809272766113
4455 4634 0.6057260036468506
4457 4596 0.38175928592681885
4459 4529 0.3142189383506775
4469 4732 0.32499879598617554
4488 4622 0.3488497734069824
4504 4787 0.4203783869743347
4507 4581 0.295212060213089
4517 4812 0.39125025272369385
4520 4808 0.33283159136772156
4521 4809 0.2685394883155823
4522 4810 0.2887342572212219
4528 4588 0.2606489956378937
4530 4607 0.43784698843955994
4536 4589 0.3673900067806244
4543 4582 0.2560054659843445
4546 4822 0.36360877752304077
4553 4599 0.33710578083992004
4556 4635 0.2510387897491455
4557 4840 0.372445285320282
4558 4828 0.32315000891685486
4564 4643 0.2531455159187317
4570 4651 0.2811857759952545
4571 4652 0.3135553002357483
4572 4653 0.29538780450820923
4575 4833 0.3118637800216675
4585 4843 0.2815797030925751
4592 4841 0.30576440691947937
4604 4850 0.29894015192985535
4619 4854 0.2708059847354889
4620 4793 0.2674259543418884
4642 4716 0.2566124200820923
4653 4733 0.3127919137477875
4709 4915 0.25531643629074097
4715 4948 0.2628699541091919
