2769
1 14 0.9411221742630005
25 44 0.36397477984428406
28 47 0.9149600863456726
30 49 0.2570282816886902
32 50 0.35554808378219604
37 55 0.5548063516616821
38 58 0.2832595705986023
39 62 0.36167171597480774
43 63 0.30218976736068726
44 64 0.2582504153251648
46 71 0.5361115336418152
48 65 0.29391029477119446
49 70 0.35801079869270325
50 67 0.5647942423820496
56 75 0.28140172362327576
57 82 0.2948237955570221
65 83 0.27131059765815735
66 81 0.3434724509716034
67 84 0.40310242772102356
69 86 0.32038214802742004
70 87 0.2623678147792816
72 91 0.41112035512924194
75 88 0.2534484565258026
77 92 0.3766835629940033
79 93 0.293557345867157
80 94 0.2854055166244507
82 96 0.2831698954105377
85 97 0.26307886838912964
100 114 0.2824096381664276
103 115 0.512204110622406
112 138 0.41401615738868713
118 123 0.36924847960472107
119 130 0.5118598341941833
120 131 0.40209802985191345
122 132 0.4302283823490143
123 166 0.4744994342327118
125 129 0.45151790976524353
126 146 0.31919610500335693
131 148 0.5692337155342102
134 143 0.44399961829185486
135 128 0.27404600381851196
136 142 0.4697793126106262
137 144 0.38466137647628784
138 149 0.30633649230003357
141 158 0.33765050768852234
144 152 0.31934621930122375
145 153 0.2866791784763336
146 154 0.30922237038612366
148 171 0.4821546971797943
152 174 0.3376482427120209
154 151 0.3571872115135193
158 157 0.37938347458839417
159 159 0.4983792304992676
160 177 0.34445294737815857
161 178 0.512133777141571
166 181 0.330631285905838
167 182 0.36435750126838684
169 173 0.37116843461990356
172 179 0.3457585573196411
173 175 0.3686109483242035
175 185 0.5262427926063538
176 176 0.35502830147743225
177 183 0.2661665081977844
179 203 0.2617340385913849
180 187 0.4013287425041199
182 189 0.26207447052001953
183 199 0.487995445728302
184 190 0.378883421421051
186 196 0.48199698328971863
187 192 0.254760205745697
188 210 0.4065612852573395
190 204 0.2801555097103119
192 194 0.772138237953186
193 195 0.2966027557849884
195 214 0.41954654455184937
197 213 0.25755903124809265
206 228 0.3842543959617615
207 229 0.302750825881958
213 240 0.48534947633743286
215 220 0.5762524604797363
216 247 0.5636997222900391
217 231 0.2657254636287689
221 258 0.3012405037879944
222 238 0.2577502131462097
226 254 0.46352049708366394
227 252 0.25956103205680847
228 265 0.4443177282810211
229 266 0.31727802753448486
237 263 0.26940804719924927
244 251 0.4643000364303589
246 257 0.3664308786392212
247 278 0.7859261631965637
250 277 0.26981890201568604
253 282 0.2839828133583069
260 285 0.2673785388469696
266 299 0.5421398878097534
267 293 0.2862767279148102
268 292 0.2520383894443512
269 296 0.41022583842277527
270 298 0.40331315994262695
277 304 0.2564196288585663
279 300 0.7159072160720825
283 306 0.5260305404663086
284 307 0.40846988558769226
285 313 0.26804566383361816
288 311 0.35096976161003113
294 336 0.6159029603004456
295 319 0.35085898637771606
298 332 0.35448968410491943
306 342 0.42538926005363464
309 331 0.45788270235061646
310 343 0.41839900612831116
311 310 0.4964670240879059
317 318 0.6151034832000732
318 351 0.2615865468978882
320 352 0.41865962743759155
326 365 0.34704163670539856
327 360 0.4156365990638733
331 361 0.25184834003448486
336 366 0.27723562717437744
337 368 0.5085623264312744
350 382 0.3745478689670563
352 363 0.3140418827533722
358 381 0.3907967805862427
361 367 0.27470067143440247
363 377 0.3985300362110138
366 370 0.3260558843612671
372 411 0.3205004036426544
374 395 0.8937165141105652
375 396 0.26058635115623474
379 407 0.31845176219940186
382 441 0.5929455757141113
384 415 0.3769333064556122
385 417 0.36044934391975403
386 418 0.3949888050556183
388 403 0.34379494190216064
389 404 0.3500535190105438
390 419 0.34431368112564087
391 420 0.3284533619880676
392 425 0.39164072275161743
395 364 0.30556735396385193
398 414 0.41577771306037903
400 421 0.48979702591896057
402 476 0.40729203820228577
404 424 0.38623467087745667
409 405 0.2986944913864136
410 406 0.3450302481651306
411 433 0.507738471031189
424 437 0.33375048637390137
432 410 0.2673984169960022
433 448 0.698576033115387
436 443 0.26433709263801575
437 475 0.6056711673736572
438 413 0.3677215874195099
440 472 0.43320879340171814
442 456 0.3107498586177826
444 444 0.46127504110336304
445 438 0.3404967486858368
446 439 0.46244800090789795
451 462 0.3424699604511261
452 452 0.5242141485214233
453 465 0.47642654180526733
455 467 0.4048391580581665
456 481 0.4056631326675415
463 473 0.3151015043258667
465 480 0.2968135476112366
467 469 0.30534976720809937
468 470 0.2762722671031952
469 457 0.30872470140457153
471 495 0.419689804315567
475 498 0.38107073307037354
477 490 0.42092397809028625
483 487 0.36005768179893494
489 499 0.36927172541618347
491 503 0.3118450343608856
492 494 0.26729339361190796
495 489 0.3316456377506256
496 461 0.2835768759250641
497 491 0.28078970313072205
501 458 0.2903875410556793
503 517 0.42076465487480164
505 493 0.5354498028755188
508 511 0.3137754499912262
509 512 0.28578463196754456
514 528 0.3319088816642761
517 486 0.25347092747688293
518 504 0.37178945541381836
519 538 0.3433794379234314
521 507 0.31814640760421753
523 519 0.6202636957168579
524 520 0.29636749625205994
527 532 0.31276804208755493
538 488 0.30138564109802246
539 531 0.9014796614646912
540 539 0.2958168685436249
541 545 0.36589452624320984
542 523 0.2603568434715271
543 527 0.27028223872184753
544 513 0.2744571268558502
545 514 0.4531761705875397
548 575 0.2505950927734375
552 516 0.29121342301368713
559 554 0.8481905460357666
563 533 0.3501453101634979
564 534 0.30035555362701416
567 597 0.3424784541130066
570 588 0.3101290464401245
571 558 0.4711742699146271
573 537 0.3757137954235077
577 550 0.3179076910018921
578 535 0.4628870189189911
580 543 0.36003294587135315
582 561 0.38192787766456604
585 551 0.25124070048332214
586 620 0.2579744756221771
590 569 0.390964537858963
591 580 0.42005258798599243
592 581 0.5025041699409485
593 570 0.4135071337223053
594 556 0.36304259300231934
596 638 0.27608948945999146
597 601 0.3743564784526825
598 602 0.4591403007507324
599 589 0.42489340901374817
600 578 0.3510085642337799
601 591 0.33077386021614075
607 612 0.3596993684768677
608 600 0.4091716706752777
612 560 0.34540030360221863
615 593 0.3038630187511444
616 606 0.349341481924057
619 610 0.43673768639564514
621 613 0.2812716066837311
623 605 0.5594425797462463
626 584 0.33326640725135803
628 629 0.29927587509155273
629 614 0.3825913667678833
630 627 0.36464083194732666
631 585 0.5062164664268494
632 595 0.5014012455940247
634 650 0.33783602714538574
635 695 0.27417224645614624
637 630 0.3911595940589905
638 615 0.25844454765319824
642 634 0.33318600058555603
643 607 0.49346959590911865
644 608 0.3541778028011322
647 661 0.39914432168006897
648 662 0.3455469310283661
649 672 0.4575003385543823
650 622 0.2949669659137726
652 628 0.44492238759994507
653 659 0.35541585087776184
656 618 0.465939462184906
659 656 0.3433702886104584
662 663 0.3077552020549774
663 675 0.3544917404651642
665 641 0.5259051322937012
666 642 0.26495012640953064
668 635 0.3497735261917114
671 665 0.2523922324180603
672 631 0.5588784217834473
673 639 0.4673609137535095
674 658 0.5296019315719604
676 643 0.2765427231788635
678 729 0.28316932916641235
679 668 0.3130413889884949
680 636 0.33428341150283813
682 717 0.35346347093582153
683 718 0.4131673574447632
684 676 0.38833215832710266
686 666 0.261848121881485
688 710 0.6317708492279053
692 673 0.3481474816799164
693 674 0.34768763184547424
694 657 0.6513059735298157
698 763 0.44860443472862244
700 623 0.48327380418777466
702 691 0.501322329044342
703 693 0.32683292031288147
705 681 0.383890300989151
706 698 0.28196048736572266
708 699 0.3005973994731903
709 689 0.388455867767334
710 724 0.28987014293670654
714 740 0.38020747900009155
715 725 0.3540937006473541
717 685 0.33273351192474365
718 686 0.3320903182029724
719 667 0.3875385820865631
720 701 0.3769674599170685
721 712 0.3376292586326599
724 694 0.561780571937561
729 745 0.4400803744792938
732 726 0.4199132025241852
733 727 0.316677063703537
742 775 0.46807950735092163
743 764 0.6282500624656677
744 778 0.35956013202667236
745 741 0.2723298668861389
748 720 0.28086552023887634
751 714 0.3215094208717346
752 715 0.2541290521621704
757 776 0.389967679977417
758 777 0.40206044912338257
760 755 0.4518297612667084
764 761 0.25336170196533203
765 765 0.46408045291900635
767 781 0.3228438198566437
769 753 0.6105542182922363
771 754 0.2876516580581665
775 750 0.40447333455085754
777 793 0.41605934500694275
778 804 0.3696635365486145
779 805 0.34449827671051025
780 779 0.49038639664649963
782 742 0.2580236792564392
783 744 0.3157097101211548
784 746 0.3196999728679657
786 655 0.4420872926712036
788 756 0.5552758574485779
789 735 0.38659948110580444
790 757 0.5173332095146179
792 739 0.3473505675792694
796 784 0.512897253036499
797 785 0.3891236484050751
803 768 0.44735777378082275
804 769 0.4159851372241974
807 749 0.5007943511009216
808 773 0.2823643982410431
820 752 0.2537118196487427
822 820 0.5345508456230164
823 846 0.5060151815414429
825 782 0.32294973731040955
826 772 0.4711877405643463
827 789 0.30983489751815796
828 792 0.47864896059036255
829 845 0.4501051604747772
831 821 0.35046401619911194
832 795 0.5729262828826904
839 808 0.3346358835697174
840 797 0.3111433684825897
842 798 0.3282592296600342
844 800 0.4635169506072998
845 801 0.5495284199714661
848 834 0.2613402009010315
849 847 0.3869417905807495
850 835 0.29567641019821167
851 875 0.25729092955589294
852 848 0.40574631094932556
853 855 0.35444405674934387
855 814 0.4052281379699707
856 815 0.2691732943058014
861 854 0.2538587152957916
864 807 0.3122214674949646
865 817 0.39376533031463623
866 809 0.4214417338371277
868 824 0.4049391746520996
869 819 0.7431546449661255
872 830 0.384148508310318
875 818 0.3606119751930237
876 796 0.39995288848876953
878 840 0.3112196624279022
879 828 0.3650360703468323
880 829 0.37834110856056213
887 885 0.6758663654327393
889 836 0.43255653977394104
890 822 0.5310068726539612
892 882 0.3094217777252197
894 916 0.2607576251029968
895 887 0.2721385359764099
897 857 0.2829579710960388
898 858 0.42836353182792664
899 859 0.3029058873653412
905 874 0.3308650255203247
906 886 0.4300892949104309
907 888 0.3471839725971222
908 851 0.27269527316093445
909 711 0.38354265689849854
911 806 0.40508556365966797
913 853 0.29373377561569214
915 838 0.42044857144355774
916 880 0.3447802662849426
921 951 0.35707005858421326
923 952 0.3433699607849121
929 933 0.3409380316734314
930 915 0.5343199372291565
932 877 0.37965530157089233
936 896 0.43247899413108826
937 898 0.6370630264282227
938 899 0.36320778727531433
942 949 0.30367064476013184
943 950 0.25073444843292236
945 935 0.42488327622413635
948 921 0.4148077964782715
952 893 0.36757153272628784
953 894 0.4458959698677063
956 900 0.2952982187271118
957 910 0.31352031230926514
958 911 0.35704484581947327
959 928 0.4368763864040375
962 961 0.2929546535015106
963 936 0.4457182288169861
964 918 0.3425672948360443
965 919 0.41537705063819885
966 920 0.47799164056777954
967 879 0.2844197452068329
968 881 0.3900011479854584
969 902 0.36176174879074097
970 929 0.2890031337738037
972 913 0.36619648337364197
973 960 0.3141036033630371
974 978 0.40935900807380676
976 927 0.4081459045410156
977 943 0.2915649712085724
978 958 0.4813167154788971
981 934 0.5797095894813538
982 938 0.3020537793636322
989 992 0.27398380637168884
991 965 0.4178825914859772
993 912 0.28996193408966064
995 979 0.2585897743701935
996 980 0.3405889868736267
997 954 0.35972681641578674
998 986 0.28041934967041016
999 914 0.3571653962135315
1001 993 0.46477803587913513
1002 967 0.41236865520477295
1003 953 0.7761337757110596
1009 1003 0.28831300139427185
1011 1004 0.4167861044406891
1012 1005 0.5992688536643982
1013 981 0.3365728557109833
1014 994 0.5879795551300049
1022 948 0.3287012279033661
1027 1014 0.34047046303749084
1028 963 0.3561212420463562
1029 966 0.37761619687080383
1030 983 0.40710562467575073
1032 997 0.28762972354888916
1037 957 0.6361207962036133
1040 999 0.9267417788505554
1041 988 0.3234265446662903
1042 989 0.4431121349334717
1045 1046 0.31695833802223206
1049 982 0.40963393449783325
1051 906 0.28832316398620605
1052 925 0.2886563539505005
1056 1011 0.31321847438812256
1057 990 0.2819344103336334
1059 991 0.25463777780532837
1065 1058 0.2683418393135071
1067 1015 0.37457752227783203
1069 907 0.3061355650424957
1070 1031 0.26519709825515747
1073 1069 0.31586751341819763
1074 1070 0.5884221792221069
1075 1059 0.3177652359008789
1077 1026 0.45208752155303955
1078 939 0.3253607153892517
1079 926 0.3262231945991516
1080 1021 0.29036399722099304
1084 1035 0.27476799488067627
1085 1036 0.3171461224555969
1086 1037 0.36293908953666687
1090 1071 0.3420710861682892
1092 1060 0.6012209057807922
1094 1017 0.31651583313941956
1105 1047 0.3581245243549347
1106 956 0.3639886677265167
1112 1095 0.5592185258865356
1114 1018 0.5092806220054626
1115 1062 0.5188174247741699
1117 946 0.3348580598831177
1118 970 0.35638588666915894
1119 973 0.37585142254829407
1120 1074 0.32545503973960876
1132 1094 0.26956892013549805
1134 1061 0.39723119139671326
1135 1063 0.514896810054779
1140 1082 0.30330538749694824
1142 1084 0.36758869886398315
1148 1078 0.3428038954734802
1149 1085 0.3673553168773651
1150 1086 0.31269198656082153
1154 1120 0.3347827196121216
1156 1104 0.3576739728450775
1157 984 0.27149900794029236
1163 1121 0.7561098337173462
1164 1097 0.5031405091285706
1165 1107 0.3336820602416992
1173 1123 0.3187559247016907
1174 1131 0.2955833673477173
1176 1134 0.4267630875110626
1177 1096 0.4314231872558594
1186 1132 0.3461656868457794
1188 1105 0.39026346802711487
1190 1020 0.32685068249702454
1195 1149 0.3505348861217499
1196 1133 0.4358343780040741
1197 1128 0.29147571325302124
1200 1142 0.48415952920913696
1201 1125 0.6189518570899963
1202 1122 0.3110712766647339
1203 1115 0.42479413747787476
1212 1150 0.513351321220398
1213 1151 0.395947128534317
1214 1165 0.43042290210723877
1215 1152 0.5435096621513367
1216 1153 0.38251805305480957
1219 1141 0.2574404180049896
1221 1049 0.345135897397995
1222 1135 0.3891499936580658
1228 1154 0.5006749629974365
1229 1073 0.3506489098072052
1230 1050 0.36059579253196716
1231 1145 0.2847261428833008
1233 1162 0.26878032088279724
1239 1179 0.2778152525424957
1240 1180 0.3228924572467804
1242 1144 0.35098347067832947
1249 1079 0.5132544040679932
1250 1225 0.38083094358444214
1251 1181 0.36126771569252014
1252 1174 0.33007681369781494
1253 1155 0.3292452394962311
1254 1175 0.2654271125793457
1255 1156 0.40368255972862244
1256 1167 0.4828904867172241
1257 1159 0.3532511591911316
1258 1161 0.33315232396125793
1267 1166 0.5080165266990662
1268 1170 0.38461846113204956
1271 1204 0.32355058193206787
1275 1184 0.33162635564804077
1276 1199 0.3223165273666382
1277 1189 0.2677967846393585
1279 1190 0.27633026242256165
1281 1193 0.48635029792785645
1283 1200 0.3154975175857544
1284 1227 0.3886822760105133
1285 1209 0.2687428891658783
1286 1203 0.4174802601337433
1287 1198 0.31502217054367065
1290 1108 0.49011945724487305
1291 1187 0.3697122037410736
1292 1188 0.34612607955932617
1293 1194 0.38857999444007874
1294 1206 0.40340933203697205
1295 1226 0.3933292031288147
1296 1228 0.6674255728721619
1297 1208 0.5351976156234741
1298 1197 0.28705888986587524
1299 1210 0.3365150988101959
1300 1183 0.2833860218524933
1302 1220 0.43324846029281616
1304 1213 0.30284756422042847
1305 1262 0.48680737614631653
1306 1263 0.4336903691291809
1307 1249 0.4188317656517029
1310 1218 0.3208882212638855
1312 1219 0.3274681568145752
1314 1223 0.3244444727897644
1315 1207 0.4343774914741516
1316 1235 0.3993392586708069
1317 1248 0.44022855162620544
1318 1260 0.44648444652557373
1319 1261 0.4930010735988617
1320 1233 0.4870251417160034
1322 1224 0.32125288248062134
1323 1236 0.5636857151985168
1324 1216 0.3861573040485382
1326 1234 0.34159186482429504
1329 1285 0.4310855269432068
1331 1229 0.2774085998535156
1333 1252 0.45024770498275757
1334 1253 0.3446001410484314
1335 1240 0.581787645816803
1339 1264 0.46067583560943604
1340 1265 0.36256131529808044
1345 1250 0.312125027179718
1346 1251 0.45558983087539673
1347 1254 0.38440796732902527
1348 1239 0.39770081639289856
1349 1270 0.29949915409088135
1351 1242 0.32363975048065186
1352 1273 0.29373490810394287
1353 1286 0.33596163988113403
1355 1267 0.3956436514854431
1358 1258 0.3318987488746643
1359 1238 0.41854745149612427
1362 1271 0.39059969782829285
1363 1272 0.7503602504730225
1364 1356 0.2944793105125427
1370 1288 0.3714102506637573
1371 1312 0.518310010433197
1372 1278 0.3855700194835663
1376 1282 0.29066434502601624
1379 1329 0.6501423716545105
1384 1291 0.8555240035057068
1385 1297 0.39015740156173706
1386 1245 0.33762216567993164
1387 1284 0.31657105684280396
1389 1298 0.2582646906375885
1390 1277 0.2981398403644562
1391 1302 0.4364091753959656
1392 1335 0.34682559967041016
1395 1299 0.4521064758300781
1399 1314 0.3843918442726135
1400 1231 0.4202064275741577
1403 1296 0.3409724831581116
1404 1317 0.31900984048843384
1405 1304 0.29500606656074524
1406 1305 0.26665812730789185
1407 1243 0.26540178060531616
1409 1274 0.357499361038208
1410 1311 0.439823180437088
1413 1303 0.9380227327346802
1414 1322 0.2883308529853821
1415 1323 0.2668173909187317
1416 1306 0.3478587567806244
1417 1244 0.41036081314086914
1420 1338 0.34389528632164
1422 1319 0.3089161217212677
1424 1318 0.4663529098033905
1425 1346 0.3189356327056885
1427 1337 0.6437885761260986
1428 1350 0.4200998544692993
1429 1241 0.4970942735671997
1430 1255 0.27107757329940796
1431 1256 0.30350446701049805
1432 1257 0.5128522515296936
1433 1358 0.3527340888977051
1435 1341 0.313799113035202
1439 1348 0.4634767174720764
1440 1364 0.440724641084671
1442 1328 0.39855170249938965
1444 1377 0.36162862181663513
1446 1353 0.839820384979248
1447 1339 0.29908159375190735
1449 1372 0.3582150340080261
1451 1365 0.3990468680858612
1453 1290 0.3979512155056
1455 1361 0.35317468643188477
1457 1383 0.3793809413909912
1461 1395 0.4628428816795349
1462 1387 0.33314216136932373
1463 1355 0.31181323528289795
1464 1357 0.7074647545814514
1465 1404 0.44381120800971985
1466 1309 0.3246738314628601
1467 1397 0.4643394351005554
1468 1379 0.35913586616516113
1469 1352 0.3601304888725281
1471 1315 0.2774803042411804
1472 1316 0.3131002187728882
1473 1360 0.4621715545654297
1475 1414 0.3564222753047943
1477 1351 0.6890159249305725
1479 1378 0.3524603545665741
1480 1400 0.2534409463405609
1482 1380 0.39999446272850037
1483 1382 0.2870235741138458
1484 1391 0.5287228226661682
1486 1393 0.2695074677467346
1487 1421 0.5388533473014832
1488 1405 0.4609874188899994
1489 1388 0.33622318506240845
1490 1399 0.43045860528945923
1492 1390 0.33191776275634766
1493 1402 0.30235812067985535
1494 1403 0.33828675746917725
1495 1435 0.3368496596813202
1496 1392 0.6824228167533875
1497 1398 0.48057687282562256
1498 1406 0.38475677371025085
1499 1381 0.2789696455001831
1501 1332 0.3698268234729767
1502 1333 0.26960286498069763
1503 1334 0.3126562237739563
1504 1417 0.29966631531715393
1507 1411 0.578870952129364
1509 1422 0.3953445553779602
1511 1426 0.3132190704345703
1513 1416 0.39410269260406494
1514 1407 0.3800269663333893
1515 1408 0.321220725774765
1517 1430 0.8256481885910034
1520 1448 0.42748937010765076
1521 1432 0.9781354665756226
1522 1433 0.7159290909767151
1523 1434 0.3446306884288788
1524 1440 0.3958066999912262
1525 1425 0.3036191165447235
1530 1459 0.2544008791446686
1533 1423 0.4945196807384491
1534 1424 0.3486299216747284
1535 1454 0.3611536920070648
1536 1427 0.270007848739624
1537 1370 0.32832151651382446
1538 1371 0.3140811324119568
1540 1419 0.45808711647987366
1543 1461 0.6179857850074768
1545 1468 0.412935733795166
1546 1469 0.35171058773994446
1547 1451 0.6346023082733154
1552 1447 0.36546558141708374
1555 1460 0.6354695558547974
1562 1420 0.3224791884422302
1564 1481 0.5566835999488831
1566 1498 0.40514814853668213
1567 1545 0.47867271304130554
1568 1452 0.6012277603149414
1570 1453 0.38582122325897217
1572 1455 0.2602252662181854
1574 1480 0.40617722272872925
1575 1449 0.48921722173690796
1576 1482 0.32899948954582214
1577 1507 0.34563788771629333
1579 1464 0.3813990354537964
1580 1441 0.4072151184082031
1582 1477 0.2792970538139343
1583 1479 0.3443948030471802
1584 1462 0.3944576382637024
1585 1496 0.6085376739501953
1586 1506 0.3115064799785614
1587 1510 0.47957560420036316
1588 1483 0.41785669326782227
1589 1487 0.3679436445236206
1592 1489 0.33362290263175964
1593 1490 0.3910902142524719
1596 1519 0.28485268354415894
1597 1493 0.3910007178783417
1598 1494 0.4733690321445465
1600 1478 0.27263832092285156
1602 1463 0.3408343195915222
1603 1484 0.3211698830127716
1606 1473 0.34053507447242737
1609 1508 0.43652740120887756
1610 1509 0.3665168583393097
1611 1485 0.37857750058174133
1612 1500 0.4289325475692749
1615 1409 0.30438679456710815
1616 1503 0.5502520799636841
1617 1522 0.2648071348667145
1618 1524 0.37906956672668457
1619 1526 0.29162585735321045
1620 1527 0.36119261384010315
1622 1511 0.38692814111709595
1623 1499 0.3097941279411316
1624 1541 0.30105096101760864
1625 1488 0.26687464118003845
1626 1530 0.32029902935028076
1627 1502 0.4077669680118561
1628 1515 0.4996417760848999
1629 1565 0.3271241784095764
1630 1516 0.6119141578674316
1632 1521 0.25682884454727173
1634 1495 0.38523995876312256
1635 1537 0.4061621129512787
1637 1551 0.3109232783317566
1638 1514 0.3481089770793915
1639 1531 0.35159990191459656
1641 1556 0.28540223836898804
1642 1543 0.30501535534858704
1644 1546 0.537199079990387
1645 1540 0.6533975601196289
1646 1529 0.3030168414115906
1647 1470 0.5083693265914917
1649 1471 0.30420514941215515
1651 1518 0.5831379890441895
1653 1542 0.26364651322364807
1654 1554 0.4366672933101654
1655 1557 0.38677650690078735
1656 1547 0.3552166223526001
1658 1579 0.37924566864967346
1659 1486 0.2946138381958008
1660 1555 0.5313158631324768
1661 1558 0.3925916850566864
1664 1536 0.3079175651073456
1666 1577 0.38673555850982666
1667 1563 0.2864793837070465
1670 1552 0.27432185411453247
1672 1594 0.35570070147514343
1673 1585 0.31272777915000916
1676 1578 0.503206729888916
1677 1572 0.43009915947914124
1678 1550 0.34018129110336304
1682 1586 0.539964497089386
1686 1646 0.38788577914237976
1690 1593 0.4001653790473938
1691 1576 0.37299054861068726
1692 1589 0.48549529910087585
1693 1574 0.8125609755516052
1697 1603 0.4915419816970825
1698 1604 0.5526459813117981
1699 1597 0.48505333065986633
1700 1562 0.44500723481178284
1701 1605 0.525118350982666
1706 1596 0.3404928743839264
1709 1620 0.303244948387146
1710 1611 0.6683752536773682
1711 1625 0.2966024577617645
1712 1587 0.2822706997394562
1714 1618 0.3145160675048828
1715 1619 0.40810075402259827
1716 1643 0.40716153383255005
1719 1606 0.3723635971546173
1721 1629 0.2633077800273895
1723 1655 0.2929345369338989
1725 1622 0.5794177651405334
1727 1623 0.485776424407959
1729 1626 0.6083676218986511
1731 1634 0.3696402907371521
1732 1691 0.3328865170478821
1736 1652 0.39980682730674744
1738 1631 0.9382526874542236
1739 1633 0.27871009707450867
1741 1607 0.35330572724342346
1743 1649 0.6755345463752747
1744 1669 0.4001768231391907
1748 1636 0.918695330619812
1749 1651 0.3108583390712738
1750 1654 0.40597352385520935
1751 1695 0.326571524143219
1753 1644 0.39046040177345276
1754 1645 0.282256156206131
1756 1684 0.5437839031219482
1759 1615 0.42466533184051514
1760 1678 0.34516024589538574
1761 1667 0.6126522421836853
1763 1682 0.8601773977279663
1764 1668 0.2621059715747833
1765 1670 0.3206963837146759
1766 1671 0.3647921085357666
1767 1672 0.3708934783935547
1769 1676 0.447044312953949
1770 1677 0.34595248103141785
1771 1653 0.36533766984939575
1772 1647 0.3583575189113617
1773 1681 0.5079680681228638
1774 1687 0.4630698263645172
1776 1660 0.4628698229789734
1777 1673 0.32682856917381287
1778 1702 0.4484825134277344
1779 1716 0.33577775955200195
1780 1692 0.36327362060546875
1783 1747 0.3062839210033417
1786 1686 0.3484604060649872
1787 1688 0.6466116309165955
1788 1715 0.33409443497657776
1789 1666 0.27613505721092224
1790 1744 0.3824954330921173
1791 1707 0.6578192114830017
1793 1746 0.31493115425109863
1794 1711 0.36538609862327576
1795 1712 0.4492037892341614
1796 1713 0.3984752893447876
1798 1689 0.4848211705684662
1799 1690 0.40809062123298645
1800 1701 0.33953046798706055
1803 1731 0.25637269020080566
1806 1704 0.35741379857063293
1807 1718 0.36818549036979675
1808 1733 0.3523302972316742
1811 1725 0.5346293449401855
1812 1726 0.48192068934440613
1814 1729 0.3048030734062195
1815 1730 0.2974100112915039
1816 1642 0.3939456045627594
1817 1650 0.29701489210128784
1819 1732 0.3273891508579254
1820 1706 0.3306577801704407
1821 1745 0.2590177655220032
1822 1720 0.28867149353027344
1825 1723 0.3686067461967468
1826 1724 0.4127538204193115
1827 1714 0.47225528955459595
1829 1717 0.5163966417312622
1830 1719 0.29043489694595337
1831 1739 0.32277700304985046
1832 1750 0.4587253928184509
1834 1753 0.5454672574996948
1835 1776 0.3204863369464874
1837 1764 0.5398656129837036
1839 1751 0.34558218717575073
1841 1665 0.4789375364780426
1842 1674 0.4731568992137909
1845 1772 0.4978771209716797
1847 1787 0.4338715672492981
1848 1765 0.3541778028011322
1849 1781 0.4316384196281433
1850 1767 0.29523319005966187
1852 1694 0.2605498135089874
1853 1771 0.39734143018722534
1854 1756 0.6033881306648254
1855 1727 0.36895421147346497
1856 1780 0.37653055787086487
1859 1680 0.4171324372291565
1861 1804 0.5203520059585571
1862 1791 0.9761012196540833
1863 1811 0.5072893500328064
1864 1792 0.4648817777633667
1865 1793 0.5231040120124817
1867 1794 0.4590553641319275
1868 1783 0.5058907270431519
1869 1784 0.37353515625
1871 1757 0.2889956831932068
1872 1774 0.30523592233657837
1874 1814 0.2552884519100189
1875 1779 0.3754745125770569
1876 1823 0.36651545763015747
1877 1763 0.25320759415626526
1878 1728 0.2591017484664917
1879 1803 0.5222675800323486
1881 1833 0.3562543988227844
1882 1824 0.28841832280158997
1886 1802 0.31348323822021484
1887 1741 0.7387185096740723
1888 1786 0.5870024561882019
1889 1795 0.542064368724823
1890 1796 0.30541354417800903
1893 1832 0.3796335756778717
1895 1843 0.31828904151916504
1896 1862 0.4550253450870514
1898 1800 0.6211546063423157
1900 1828 0.6556865572929382
1901 1839 0.40267977118492126
1902 1813 0.5192302465438843
1903 1841 0.25588807463645935
1904 1886 0.2847980856895447
1905 1853 0.44283121824264526
1906 1854 0.41495615243911743
1907 1842 0.45161953568458557
1908 1810 0.31987258791923523
1910 1863 0.29825925827026367
1913 1838 0.4383922517299652
1914 1889 0.323121041059494
1915 1859 0.4166223704814911
1916 1827 0.37333038449287415
1917 1871 0.3304632604122162
1918 1830 0.3279675841331482
1921 1855 0.3337250351905823
1922 1887 0.3880803883075714
1924 1864 0.3417114317417145
1925 1850 0.6336734294891357
1926 1837 0.4637088477611542
1927 1869 0.5559923052787781
1929 1870 0.5239242911338806
1931 1894 0.30228862166404724
1937 1861 0.6230049729347229
1940 1868 0.477525532245636
1941 1881 0.4359549283981323
1942 1910 0.5057976245880127
1945 1851 0.3658076524734497
1947 1883 0.3656660318374634
1949 1922 0.3016202747821808
1950 1895 0.4892190992832184
1951 1879 0.4400480389595032
1952 1899 0.28735554218292236
1955 1884 0.30786439776420593
1956 1918 0.36440858244895935
1957 1923 0.6051867008209229
1958 1898 0.43953007459640503
1964 1893 0.36035311222076416
1965 1934 0.38179606199264526
1966 1914 0.3864266276359558
1967 1915 0.33703893423080444
1968 1920 0.28285273909568787
1969 1924 0.5144054889678955
1970 1945 0.3901369273662567
1971 1905 0.5131457448005676
1976 1932 0.6855394840240479
1977 1902 0.40270283818244934
1978 1903 0.3210694193840027
1979 1912 0.3190497159957886
1980 1913 0.34972548484802246
1982 1966 0.2783767282962799
1983 1946 0.2582080662250519
1985 1926 0.34481316804885864
1986 1930 0.35435786843299866
1988 1909 0.5094953775405884
1989 1901 0.3647329807281494
1991 1872 0.47226566076278687
1992 1965 0.32215365767478943
1994 1897 0.31871578097343445
1995 1892 0.38048896193504333
1999 1885 0.3876975476741791
2000 1963 0.3492871820926666
2001 1955 0.3343762159347534
2002 1944 0.31107959151268005
2003 1978 0.3458762764930725
2008 1929 0.2992904484272003
2009 1975 0.4413580894470215
2010 1961 0.3444755971431732
2011 1976 0.26587629318237305
2012 1953 0.32727116346359253
2013 1954 0.5187377333641052
2014 1937 0.33734023571014404
2015 1938 0.3399043381214142
2016 1939 0.6526259183883667
2018 1907 0.28253650665283203
2020 1958 0.29125314950942993
2021 1959 0.2649711072444916
2024 1933 0.4707341194152832
2025 1964 0.3091244697570801
2028 1927 0.3595789670944214
2029 1940 0.26796334981918335
2030 1973 0.4146665930747986
2033 1974 0.4545074999332428
2035 1977 0.3462997376918793
2038 2038 0.31493866443634033
2039 2007 0.2920057475566864
2040 1968 0.4299527406692505
2041 1969 0.25684940814971924
2043 1989 0.36523211002349854
2045 2001 0.37868258357048035
2046 2003 0.2708863317966461
2048 2004 0.6224561929702759
2049 2033 0.3617062270641327
2050 2005 0.5080596208572388
2052 2018 0.4007156789302826
2053 2039 0.5395897030830383
2054 2041 0.35045766830444336
2055 2042 0.35995984077453613
2056 1967 0.4488436281681061
2058 1957 0.31264814734458923
2059 1941 0.3245178163051605
2062 2032 0.31405386328697205
2065 1990 0.554711639881134
2067 2014 0.6415649652481079
2068 2016 0.2960282564163208
2069 2040 0.3032955527305603
2072 1988 0.28085076808929443
2073 2009 0.5446932315826416
2075 2013 0.5639588832855225
2076 2082 0.339797705411911
2077 2006 0.34994035959243774
2078 2053 0.44126465916633606
2079 2037 0.34868577122688293
2080 2064 0.3426806926727295
2082 1971 0.38904497027397156
2083 2002 0.46673110127449036
2088 2036 0.3528834581375122
2092 2046 0.28982067108154297
2093 2011 0.4025845527648926
2094 2063 0.3058723211288452
2095 2012 0.3927467167377472
2096 2070 0.3338717818260193
2098 2055 0.482533723115921
2099 2086 0.27159199118614197
2103 2029 0.3101103901863098
2105 2067 0.44956547021865845
2106 2068 0.36318111419677734
2107 2059 0.4128805994987488
2108 2048 0.40333622694015503
2109 2060 0.4739418029785156
2110 2062 0.48386964201927185
2111 2050 0.46837154030799866
2112 2105 0.365424782037735
2113 2054 0.40484803915023804
2114 2027 0.5723572373390198
2115 2044 0.38804155588150024
2116 2093 0.31974267959594727
2117 2031 0.36888808012008667
2118 2049 0.6629589200019836
2121 2074 0.29692935943603516
2124 2043 0.6433013081550598
2125 2058 0.39734217524528503
2126 2061 0.558070957660675
2128 2069 0.3487875461578369
2129 2083 0.2776211202144623
2130 2075 0.41188639402389526
2131 2111 0.3554619550704956
2132 2112 0.5796852707862854
2140 2091 0.381738543510437
2141 2078 0.26128438115119934
2145 2047 0.5782458186149597
2146 2096 0.4325655996799469
2147 2109 0.39097049832344055
2148 2101 0.38885951042175293
2152 2120 0.545455813407898
2155 2077 0.6641727089881897
2157 2088 0.3260676860809326
2158 2090 0.3102041780948639
2159 2092 0.3300217092037201
2160 2066 0.34984493255615234
2163 2095 0.6603422164916992
2165 2080 0.4853402078151703
2166 2081 0.6833019852638245
2167 2098 0.4284566640853882
2168 2099 0.5044651031494141
2169 2100 0.5808850526809692
2170 2110 0.32885172963142395
2175 2148 0.6777549982070923
2176 2089 0.32558107376098633
2177 2094 0.386372447013855
2179 2097 0.3542240858078003
2180 2134 0.45870089530944824
2181 2117 0.39606648683547974
2182 2084 0.30677151679992676
2183 2085 0.2923375964164734
2184 2136 0.8977964520454407
2185 2137 0.3643442988395691
2186 2138 0.4154222011566162
2190 2124 0.3444398045539856
2191 2114 0.33068931102752686
2192 2116 0.25901132822036743
2193 2107 0.266039103269577
2197 2130 0.4331778287887573
2198 2145 0.629559338092804
2199 2189 0.3200605809688568
2207 2123 0.31243088841438293
2208 2126 0.3290107846260071
2209 2108 0.26668789982795715
2210 2153 0.3638869822025299
2212 2169 0.38860371708869934
2216 2160 0.40617644786834717
2217 2129 0.48539113998413086
2219 2119 0.31801533699035645
2220 2171 0.32851099967956543
2221 2121 0.25568267703056335
2224 2140 0.3436998724937439
2225 2149 0.3792196214199066
2226 2150 0.28299063444137573
2228 2151 0.41616570949554443
2231 2142 0.5180836915969849
2232 2143 0.6412652730941772
2233 2144 0.3738904893398285
2234 2127 0.5013352632522583
2235 2181 0.3894495964050293
2237 2152 0.36848267912864685
2238 2141 0.3333773612976074
2239 2133 0.49025359749794006
2240 2198 0.5427502989768982
2243 2190 0.560053825378418
2244 2207 0.3630817234516144
2245 2177 0.9784545302391052
2246 2132 0.35255178809165955
2248 2165 0.4287477135658264
2249 2203 0.4450242221355438
2250 2167 0.33259615302085876
2251 2158 0.3759922981262207
2252 2224 0.40654072165489197
2253 2191 0.46273165941238403
2254 2192 0.3936763405799866
2255 2173 0.5534862279891968
2257 2176 0.36439192295074463
2258 2195 0.4693279266357422
2259 2180 0.3989323377609253
2261 2155 0.3083639442920685
2262 2223 0.6019719243049622
2263 2179 0.43619030714035034
2264 2243 0.2908010184764862
2265 2199 0.47155457735061646
2266 2163 0.5548365116119385
2267 2164 0.5524025559425354
2269 2237 0.5272313952445984
2271 2238 0.32439836859703064
2272 2209 0.3029943108558655
2273 2175 0.5747853517532349
2274 2196 0.3567245900630951
2275 2202 0.6413142085075378
2276 2168 0.28315961360931396
2277 2188 0.4046415388584137
2279 2324 0.2791423499584198
2280 2236 0.30651533603668213
2283 2159 0.4924916923046112
2284 2259 0.4800226390361786
2285 2214 0.37988927960395813
2286 2178 0.4224602282047272
2288 2228 0.3975089490413666
2289 2200 0.561019241809845
2291 2186 0.2848915457725525
2296 2250 0.3229866921901703
2298 2217 0.6512717604637146
2299 2229 0.2902410924434662
2300 2274 0.3250967562198639
2301 2230 0.28935834765434265
2302 2245 0.2918403744697571
2303 2201 0.386042058467865
2306 2268 0.5368595123291016
2307 2284 0.3519112169742584
2308 2269 0.2503650486469269
2309 2218 0.43590131402015686
2310 2187 0.33768174052238464
2313 2233 0.2958007752895355
2314 2235 0.4371214509010315
2315 2221 0.35865461826324463
2316 2280 0.4762361943721771
2317 2281 0.469796359539032
2318 2283 0.32452401518821716
2319 2285 0.5767664909362793
2321 2258 0.25262531638145447
2323 2227 0.3203409016132355
2324 2246 0.480536550283432
2325 2231 0.28977009654045105
2326 2204 0.4270574450492859
2327 2301 0.4798029661178589
2330 2313 0.278536856174469
2332 2252 0.36880505084991455
2333 2289 0.4902503490447998
2334 2260 0.37683984637260437
2335 2264 0.41050291061401367
2338 2220 0.3542943596839905
2339 2282 0.37542974948883057
2340 2314 0.3690224885940552
2341 2303 0.4998791217803955
2342 2272 0.36454901099205017
2344 2273 0.342781662940979
2345 2277 0.3027011454105377
2346 2247 0.41346219182014465
2347 2248 0.4143123924732208
2348 2266 0.3217149078845978
2349 2267 0.514065146446228
2352 2325 0.2954971194267273
2353 2341 0.6508495807647705
2355 2256 0.32871001958847046
2357 2307 0.3944934010505676
2358 2290 0.35018572211265564
2359 2293 0.45774561166763306
2360 2309 0.385483980178833
2361 2310 0.2659860849380493
2362 2296 0.5004381537437439
2363 2265 0.4256814420223236
2365 2299 0.29416099190711975
2367 2326 0.400966078042984
2369 2215 0.35958242416381836
2371 2295 0.2567514479160309
2372 2297 0.2941831648349762
2373 2219 0.5224459171295166
2374 2300 0.4417547583580017
2376 2342 0.6845412254333496
2378 2319 0.33503440022468567
2380 2276 0.39146262407302856
2381 2311 0.6595730781555176
2382 2312 0.41899314522743225
2384 2321 0.3943903148174286
2386 2349 0.4326976239681244
2389 2383 0.49194154143333435
2391 2346 0.39935028553009033
2392 2270 0.3768233358860016
2393 2337 0.4493845999240875
2394 2323 0.31670182943344116
2395 2399 0.4186161160469055
2396 2375 0.4428514838218689
2397 2343 0.33834096789360046
2398 2332 0.3176001310348511
2399 2345 0.4511602222919464
2401 2334 0.2975359559059143
2405 2348 0.4019668996334076
2407 2320 0.3859125077724457
2408 2298 0.3658463656902313
2410 2359 0.6434136033058167
2411 2340 0.3191644251346588
2412 2384 0.4771781861782074
2414 2354 0.40902262926101685
2415 2356 0.40903863310813904
2418 2367 0.359090656042099
2419 2389 0.4197458326816559
2421 2374 0.3307460844516754
2424 2401 0.37333396077156067
2425 2409 0.3996345102787018
2427 2344 0.4679875373840332
2428 2353 0.4592817425727844
2429 2333 0.5320678353309631
2431 2365 0.26981455087661743
2432 2379 0.3190658390522003
2433 2369 0.4460286498069763
2434 2336 0.3412232995033264
2435 2357 0.4003554880619049
2436 2358 0.31736063957214355
2439 2373 0.4291158616542816
2440 2429 0.47824013233184814
2441 2410 0.39241090416908264
2442 2420 0.4564827084541321
2443 2411 0.37613362073898315
2445 2412 0.30308735370635986
2447 2386 0.2827882766723633
2448 2371 0.3486798107624054
2449 2407 0.3223835527896881
2451 2390 0.34921157360076904
2452 2403 0.2642952501773834
2453 2404 0.48530781269073486
2454 2378 0.6186072826385498
2456 2396 0.43841567635536194
2457 2397 0.8224065899848938
2458 2370 0.5994837880134583
2459 2387 0.41169631481170654
2460 2398 0.4292636215686798
2462 2419 0.6331472992897034
2463 2430 0.7309244871139526
2464 2434 0.6202329397201538
2466 2421 0.5821400284767151
2468 2377 0.320299357175827
2469 2395 0.47519049048423767
2470 2380 0.42216700315475464
2471 2381 0.4021509289741516
2472 2442 0.37247830629348755
2473 2408 0.4051381051540375
2474 2460 0.505531907081604
2476 2436 0.3316076695919037
2477 2437 0.25543212890625
2479 2385 0.4859914183616638
2480 2416 0.3036920726299286
2481 2406 0.2527501583099365
2483 2431 0.35733747482299805
2484 2445 0.3162768483161926
2485 2417 0.26197075843811035
2487 2459 0.48332956433296204
2488 2427 0.6267204880714417
2490 2418 0.2568175792694092
2491 2443 0.3739176094532013
2493 2450 0.39336445927619934
2494 2451 0.4086931347846985
2495 2463 0.3995963931083679
2497 2441 0.8809118866920471
2498 2393 0.4915977716445923
2499 2415 0.6341636776924133
2501 2394 0.45746544003486633
2502 2388 0.3085130751132965
2503 2433 0.46039432287216187
2504 2461 0.4078548550605774
2506 2462 0.365138441324234
2510 2405 0.4214397072792053
2511 2499 0.4287591576576233
2512 2484 0.5670837163925171
2515 2414 0.42310410737991333
2519 2424 0.37311577796936035
2520 2425 0.3805444836616516
2523 2474 0.5154706835746765
2524 2475 0.3304913341999054
2525 2497 0.33909425139427185
2526 2483 0.4202958047389984
2527 2464 0.2563421130180359
2528 2422 0.3529120683670044
2529 2471 0.3564797341823578
2530 2426 0.318108469247818
2531 2496 0.5846771597862244
2534 2455 0.2664049565792084
2535 2456 0.33087795972824097
2537 2432 0.43433815240859985
2538 2515 0.2500915825366974
2539 2440 0.2730562090873718
2540 2453 0.2883707284927368
2541 2454 0.5047172904014587
2542 2478 0.3051517903804779
2543 2447 0.2807396352291107
2544 2448 0.5794365406036377
2545 2468 0.9462709426879883
2547 2492 0.6345950365066528
2549 2506 0.5069594979286194
2550 2513 0.27609580755233765
2551 2444 0.4131389856338501
2552 2477 0.8463732600212097
2553 2467 0.3775024116039276
2554 2457 0.46768370270729065
2555 2470 0.43666979670524597
2557 2472 0.3807394206523895
2559 2458 0.32458311319351196
2561 2523 0.5017585754394531
2562 2514 0.26503655314445496
2565 2490 0.29243016242980957
2567 2473 0.4204646050930023
2568 2494 0.6490631699562073
2569 2533 0.6315871477127075
2570 2534 0.5473828911781311
2571 2549 0.4609425961971283
2572 2535 0.37762412428855896
2573 2536 0.393356591463089
2574 2551 0.48102256655693054
2575 2465 0.3005784749984741
2576 2466 0.2772158086299896
2581 2512 0.6906948685646057
2586 2557 0.4386917054653168
2589 2503 0.372249960899353
2590 2505 0.47187891602516174
2591 2491 0.35130563378334045
2592 2537 0.26887211203575134
2593 2552 0.3230375349521637
2594 2571 0.4895201325416565
2597 2524 0.476158082485199
2599 2544 0.3953520953655243
2601 2469 0.43921956419944763
2602 2511 0.32985401153564453
2605 2522 0.3916257917881012
2606 2629 0.6955453753471375
2608 2502 0.3328109681606293
2610 2489 0.3509262502193451
2611 2479 0.34824976325035095
2613 2518 0.6131941080093384
2614 2530 0.3572560250759125
2615 2519 0.4071130156517029
2616 2520 0.3880378305912018
2618 2547 0.40862417221069336
2619 2572 0.41500404477119446
2621 2509 0.6002704501152039
2622 2517 0.3944064974784851
2623 2528 0.3993384838104248
2626 2566 0.3816497027873993
2627 2567 0.343604177236557
2628 2588 0.2877430319786072
2631 2508 0.5884670615196228
2632 2543 0.9008771777153015
2633 2559 0.31231021881103516
2634 2560 0.3919781446456909
2635 2545 0.3874824047088623
2638 2570 0.4259624779224396
2639 2540 0.4687974154949188
2640 2541 0.3379124104976654
2641 2542 0.3587285280227661
2642 2602 0.31221404671669006
2643 2525 0.313357412815094
2644 2593 0.39129316806793213
2645 2529 0.343423992395401
2646 2564 0.444716215133667
2647 2581 0.43767791986465454
2648 2568 0.4103807806968689
2649 2550 0.32999086380004883
2650 2538 0.3474092185497284
2652 2555 0.3044837713241577
2653 2584 0.5312986373901367
2654 2617 0.4254375398159027
2655 2642 0.3673917353153229
2657 2619 0.2952312231063843
2658 2603 0.3299817442893982
2661 2582 0.4728817343711853
2662 2596 0.6461135745048523
2664 2553 0.3230714201927185
2665 2577 0.27879729866981506
2666 2621 0.5601595640182495
2667 2554 0.5574491620063782
2668 2526 0.41090086102485657
2669 2563 0.31742510199546814
2673 2609 0.31157779693603516
2674 2598 0.39325082302093506
2675 2648 0.46847784519195557
2676 2618 0.495629221200943
2679 2667 0.516222357749939
2680 2643 0.3665497303009033
2681 2576 0.5031577944755554
2682 2601 0.26765432953834534
2683 2604 0.46073076128959656
2684 2605 0.44956204295158386
2685 2580 0.4420497715473175
2686 2606 0.30095136165618896
2689 2664 0.885463535785675
2691 2610 0.30381345748901367
2692 2681 0.34107786417007446
2693 2668 0.3432295024394989
2694 2574 0.29649046063423157
2696 2633 0.3679043650627136
2698 2578 0.3579793870449066
2699 2595 0.29107847809791565
2700 2625 0.31892529129981995
2701 2626 0.3280629813671112
2702 2575 0.34618350863456726
2703 2558 0.2733488082885742
2704 2591 0.34940478205680847
2705 2611 0.5065091252326965
2706 2612 0.6247565746307373
2707 2613 0.5921075940132141
2708 2614 0.42888960242271423
2709 2607 0.32991379499435425
2710 2608 0.2895805835723877
2711 2616 0.2694583833217621
2712 2646 0.2886657118797302
2713 2647 0.3595319986343384
2715 2640 0.45838120579719543
2717 2627 0.2881326675415039
2718 2663 0.5990740060806274
2720 2679 0.5361974239349365
2721 2599 0.2880774438381195
2722 2665 0.41649284958839417
2725 2615 0.3338007926940918
2726 2645 0.41866081953048706
2727 2638 0.30415233969688416
2728 2622 0.2646453082561493
2729 2685 0.4701020121574402
2730 2661 0.2604939341545105
2732 2680 0.5307623147964478
2733 2600 0.4514180123806
2734 2631 0.39053747057914734
2735 2632 0.5037819743156433
2737 2634 0.6114130616188049
2738 2635 0.3977713882923126
2740 2636 0.367268443107605
2741 2637 0.4180312752723694
2742 2624 0.3006320893764496
2743 2657 0.462880402803421
2744 2658 0.3788841664791107
2745 2659 0.4427573084831238
2747 2655 0.49579986929893494
2748 2639 0.2893944978713989
2750 2691 0.36389774084091187
2751 2716 0.28038111329078674
2754 2676 0.4611597955226898
2755 2677 0.3540748059749603
2756 2660 0.2876686751842499
2757 2709 0.36624887585639954
2758 2721 0.35356494784355164
2759 2674 0.5189732909202576
2761 2654 0.3394281566143036
2762 2686 0.3725752830505371
2764 2720 0.28582143783569336
2766 2669 0.385182648897171
2767 2671 0.42978590726852417
2768 2688 0.42625829577445984
2770 2656 0.3714350461959839
2771 2743 0.3705074191093445
2773 2684 0.4453965723514557
2774 2670 0.4561149775981903
2775 2675 0.2963002324104309
2776 2692 0.281198114156723
2777 2726 0.6580042839050293
2778 2717 0.46650460362434387
2779 2741 0.43054401874542236
2780 2742 0.2639964818954468
2781 2727 0.386753648519516
2783 2765 0.2916675806045532
2784 2695 0.5488658547401428
2785 2707 0.8120155930519104
2786 2708 0.5377783179283142
2787 2762 0.40987545251846313
2791 2698 0.36974042654037476
2795 2763 0.47716453671455383
2796 2764 0.2737314999103546
2797 2745 0.2694540321826935
2799 2773 0.9679418802261353
2800 2703 0.30093932151794434
2801 2696 0.34146514534950256
2802 2706 0.290830135345459
2803 2689 0.42131394147872925
2804 2760 0.5516171455383301
2806 2738 0.4670026898384094
2807 2772 0.2984311282634735
2809 2796 0.38057824969291687
2811 2713 0.3479931354522705
2813 2699 0.339557021856308
2814 2771 0.45717236399650574
2815 2780 0.4277903437614441
2817 2805 0.4844190776348114
2821 2770 0.5088374018669128
2822 2779 0.3646206557750702
2826 2733 0.2733701765537262
2828 2705 0.38971561193466187
2829 2714 0.5442762970924377
2830 2715 0.3348299562931061
2832 2778 0.4210050702095032
2833 2793 0.3849002718925476
2834 2816 0.3621331751346588
2836 2798 0.3081616759300232
2837 2751 0.3067314326763153
2838 2752 0.27576687932014465
2839 2754 0.32474011182785034
2842 2756 0.33281856775283813
2846 2759 0.6133461594581604
2847 2735 0.748536229133606
2848 2725 0.3768298029899597
2850 2794 0.3161049783229828
2851 2839 0.49822670221328735
2853 2860 0.5226372480392456
2854 2817 0.4375894367694855
2856 2767 0.3022820055484772
2858 2757 0.3540700674057007
2859 2769 0.6425918936729431
2860 2736 0.7923826575279236
2861 2813 0.7109879851341248
2865 2815 0.43317532539367676
2868 2788 0.3021491467952728
2869 2768 0.5142402052879333
2870 2844 0.49730339646339417
2872 2846 0.4492984712123871
2873 2829 0.4075259268283844
2874 2895 0.3318563401699066
2876 2789 0.34944579005241394
2877 2790 0.3182580769062042
2878 2791 0.35682427883148193
2879 2802 0.571295440196991
2880 2761 0.31662482023239136
2881 2786 0.3239695727825165
2884 2792 0.44907012581825256
2886 2825 0.5808900594711304
2887 2827 0.34881216287612915
2888 2828 0.30391111969947815
2889 2848 0.3710346519947052
2890 2871 0.34962746500968933
2891 2858 0.43205520510673523
2892 2874 0.3897264003753662
2893 2861 0.4873499274253845
2894 2850 0.32704275846481323
2895 2836 0.4619468152523041
2896 2837 0.3376311957836151
2898 2838 0.4172259271144867
2900 2872 0.6229729056358337
2901 2896 0.3395375907421112
2902 2822 0.3995095193386078
2903 2811 0.31524696946144104
2905 2842 0.309144526720047
2906 2834 0.3863632380962372
2907 2801 0.4909572899341583
2908 2835 0.30189049243927
2909 2856 0.41962936520576477
2910 2865 0.3889218270778656
2912 2866 0.5253031253814697
2913 2868 0.37730446457862854
2914 2869 0.4840099513530731
2915 2857 0.355164110660553
2918 2894 0.9067660570144653
2919 2915 0.41747230291366577
2921 2919 0.5641562938690186
2922 2889 0.4326171875
2923 2823 0.6723735928535461
2924 2885 0.4140244722366333
2925 2886 0.33674654364585876
2926 2870 0.3494224548339844
2928 2928 0.3543893098831177
2931 2903 0.617326021194458
2932 2929 0.41879820823669434
2933 2917 0.4723913371562958
2934 2918 0.7086296081542969
2935 2841 0.5493560433387756
2936 2880 0.3052047789096832
2937 2864 0.3906905949115753
2938 2843 0.37871474027633667
2939 2884 0.3027869164943695
2940 2893 0.37003955245018005
2941 2902 0.26333263516426086
2942 2937 0.3041601777076721
2943 2867 0.3252570927143097
2944 2938 0.36275291442871094
2945 2951 0.36327916383743286
2946 2952 0.45669782161712646
2947 2930 0.5148074626922607
2948 2931 0.342608779668808
2949 2954 0.446524053812027
2950 2956 0.43227529525756836
2952 2914 0.37147295475006104
2953 2940 0.3859776556491852
2954 2953 0.3299615979194641
2956 2965 0.3113856017589569
2957 2862 0.33328357338905334
2958 2863 0.4469969868659973
2960 2855 0.6347131133079529
2961 2883 0.38458251953125
2963 3002 0.6460439562797546
2965 2876 0.5636239051818848
2966 2877 0.40481987595558167
2967 2878 0.35252994298934937
2968 2879 0.47765350341796875
2970 2882 0.3410111963748932
2973 2971 0.3979364335536957
2974 2972 0.351048082113266
2976 2973 0.45199570059776306
2977 2963 0.4175746440887451
2978 2964 0.43822377920150757
2980 2976 0.3088454306125641
2981 2982 0.370557963848114
2984 2959 0.5086607933044434
2986 2927 0.2918214499950409
2987 2987 0.3646940290927887
2988 2961 0.4240574538707733
2989 2975 0.37945765256881714
2990 3001 0.267820805311203
2991 2897 0.3407368063926697
2992 2899 0.30280163884162903
2993 2890 0.35368871688842773
2997 2925 0.6487599611282349
2999 2913 0.3718394637107849
3000 2845 0.3965494930744171
3001 3003 0.5458710789680481
3003 3005 0.3275028169155121
3005 2906 0.28627344965934753
3006 2909 0.390701025724411
3007 2934 0.40110453963279724
3008 2924 0.4930415153503418
3009 2912 0.29212746024131775
3010 2936 0.3828691244125366
3011 2992 0.4378023147583008
3013 2985 0.36552727222442627
3014 2986 0.49002549052238464
3017 2908 0.42292097210884094
3019 2979 0.28024691343307495
3020 2991 0.38468557596206665
3021 3012 0.35213446617126465
3022 2993 0.5130836367607117
3023 2999 0.34490689635276794
3024 3035 0.3759481906890869
3027 3018 0.2743702530860901
3029 2957 0.2652590870857239
3031 2933 0.5058434009552002
3032 2900 0.4537963569164276
3033 2910 0.33488553762435913
3034 2911 0.29304826259613037
3035 2923 0.5122612714767456
3036 2948 0.34896188974380493
3037 2892 0.3650057911872864
3038 2997 0.540190577507019
3040 3037 0.3538617789745331
3041 2932 0.3053669333457947
3042 2945 0.5241761803627014
3044 3015 0.3207554221153259
3045 3016 0.4362131953239441
3046 2998 0.31690454483032227
3047 3034 0.3421177268028259
3048 3046 0.26496249437332153
3049 2944 0.39995211362838745
3050 3009 0.3635973334312439
3051 3010 0.2944026291370392
3053 3013 0.5377311110496521
3054 2996 0.3383851647377014
3057 3033 0.35517629981040955
3058 3036 0.37973061203956604
3059 3047 0.26772376894950867
3060 3048 0.29162365198135376
3062 2968 0.9817633628845215
3063 2977 0.32826799154281616
3065 2935 0.32893359661102295
3066 2926 0.36748600006103516
3067 3030 0.48292964696884155
3069 3031 0.28182822465896606
3070 3032 0.33962956070899963
3071 2958 0.47778791189193726
3072 2984 0.3478723466396332
3074 3044 0.37575751543045044
3075 3045 0.3309881091117859
3076 3024 0.5429858565330505
3077 3055 0.6445103883743286
3078 3065 0.40735262632369995
3079 3077 0.40055790543556213
3081 2978 0.5086671113967896
3082 2970 0.4656693935394287
3083 3073 0.33484211564064026
3084 3053 0.3005756139755249
3086 3078 0.308034747838974
3087 3079 0.3607705533504486
3089 3022 0.37176570296287537
3090 2990 0.2779938876628876
3091 2969 0.30392909049987793
3093 3060 0.6767997145652771
3094 3061 0.6679668426513672
3095 3029 0.5308104157447815
3096 3062 0.4945654273033142
3098 3075 0.38805413246154785
3099 3086 0.41606569290161133
3101 3028 0.3859986364841461
3102 3085 0.4570254385471344
3103 3096 0.5757316946983337
3104 3052 0.5776306986808777
3105 3008 0.39054903388023376
3106 3023 0.41815805435180664
3107 3129 0.36536240577697754
3108 3043 0.4549611210823059
3109 3094 0.4519784450531006
3110 3109 0.5425044894218445
3112 3027 0.3473316729068756
3114 3092 0.36309003829956055
3115 3123 0.3726360499858856
3116 3098 0.3564895689487457
3117 3117 0.4908575713634491
3118 3007 0.43693971633911133
3121 3108 0.34841951727867126
3122 3115 0.42139190435409546
3123 3116 0.5878040790557861
3124 3021 0.5907043218612671
3125 3051 0.2948935329914093
3126 3040 0.30558398365974426
3128 3114 0.7213618755340576
3129 3138 0.5238947868347168
3130 3067 0.8832470774650574
3131 3104 0.5197454690933228
3132 3058 0.48027265071868896
3134 3113 0.9455456733703613
3135 3147 0.36896371841430664
3136 3124 0.44062674045562744
3137 3038 0.42814624309539795
3139 3026 0.34729093313217163
3140 3039 0.44066664576530457
3141 3041 0.4580853581428528
3142 3122 0.4210608899593353
3143 3050 0.6068564057350159
3144 3056 0.2900327444076538
3145 3082 0.2591375708580017
3146 3084 0.9534580111503601
3147 3059 0.4313277304172516
3148 3130 0.44590744376182556
3149 3136 0.6010878682136536
3150 3146 0.48612910509109497
3154 3057 0.3660966157913208
3155 3072 0.46220239996910095
3157 3156 0.5079191327095032
3159 3068 0.3823280334472656
3162 3069 0.465480238199234
3163 3105 0.4014359414577484
3165 3091 0.31028908491134644
3166 3112 0.3601655066013336
3169 3155 0.5929263830184937
3170 3169 0.4916155934333801
3171 3179 0.4397262930870056
3172 3157 0.35681167244911194
3175 3106 0.9604358673095703
3176 3090 0.5407518744468689
3177 3168 0.5214653015136719
3178 3193 0.3991549611091614
3179 3186 0.40357518196105957
3180 3101 0.3472972512245178
3181 3120 0.2669665217399597
3183 3102 0.36980000138282776
3184 3126 0.3309972584247589
3186 3162 0.358059287071228
3188 3191 0.5263281464576721
3189 3194 0.41694313287734985
3190 3196 0.6578373908996582
3191 3206 0.27689531445503235
3193 3110 0.2726825177669525
3196 3143 0.3919994533061981
3197 3192 0.5911568403244019
3198 3195 0.4555594027042389
3199 3180 0.3489319384098053
3200 3181 0.28869736194610596
3201 3182 0.3685849606990814
3203 3118 0.2655605375766754
3205 3142 0.5649994611740112
3206 3167 0.30184412002563477
3208 3189 0.3065811097621918
3209 3190 0.45803120732307434
3211 3212 0.3560156226158142
3212 3164 0.3735387325286865
3213 3132 0.3591882586479187
3214 3133 0.44765010476112366
3215 3125 0.5622972846031189
3217 3188 0.3199009597301483
3221 3217 0.3170342445373535
3222 3153 0.3549121916294098
3223 3134 0.2807495594024658
3225 3214 0.4803116023540497
3226 3227 0.45573583245277405
3227 3215 0.4735681712627411
3228 3216 0.3144305944442749
3230 3159 0.3716621994972229
3231 3141 0.34394314885139465
3233 3211 0.4230060875415802
3235 3213 0.3505405783653259
3237 3232 0.4283067584037781
3238 3233 0.3918305039405823
3239 3158 0.42096251249313354
3241 3150 0.30088678002357483
3242 3161 0.33504173159599304
3243 3151 0.33098337054252625
3244 3140 0.34028932452201843
3245 3111 0.38364070653915405
3247 3176 0.3208465874195099
3248 3165 0.40004825592041016
3249 3178 0.639086902141571
3251 3183 0.28624778985977173
3253 3225 0.4196297824382782
3254 3226 0.4475378394126892
3257 3242 0.3505750000476837
3261 3218 0.6094337701797485
3262 3174 0.61128830909729
3263 3209 0.48232531547546387
3264 3203 0.41442936658859253
3265 3187 0.29607200622558594
3266 3184 0.6721466183662415
3267 3249 0.4378540813922882
3268 3250 0.5027164816856384
3269 3251 0.5500144362449646
3272 3208 0.29554447531700134
3276 3201 0.4360879957675934
3277 3220 0.4135335683822632
3278 3221 0.3626505434513092
3282 3248 0.4108240604400635
3285 3200 0.5171753764152527
3287 3231 0.26765507459640503
3291 3292 0.3922780752182007
3292 3204 0.34053704142570496
3296 3288 0.3908795416355133
3297 3289 0.3394964635372162
3300 3235 0.39732399582862854
3302 3259 0.3190944492816925
3304 3262 0.5055945515632629
3306 3219 0.4176304042339325
3308 3256 0.39575421810150146
3311 3258 0.25276267528533936
3313 3266 0.392403781414032
3316 3285 0.3598977029323578
3317 3286 0.4348873198032379
3318 3287 0.690630316734314
3319 3229 0.3530588448047638
3321 3245 0.9560001492500305
3323 3283 0.3748601973056793
3324 3284 0.2875279486179352
3325 3295 0.6765022277832031
3327 3234 0.4253511130809784
3328 3271 0.38701191544532776
3329 3294 0.37810376286506653
3331 3319 0.30972734093666077
3333 3322 0.40433448553085327
3334 3323 0.38353827595710754
3335 3324 0.2765403687953949
3336 3366 0.3027161657810211
3337 3238 0.576926052570343
3338 3243 0.42493268847465515
3339 3244 0.3870455026626587
3340 3255 0.4924893379211426
3345 3304 0.3385307490825653
3347 3305 0.34573447704315186
3348 3306 0.5310817956924438
3349 3353 0.43737831711769104
3350 3330 0.5737776160240173
3353 3302 0.43130841851234436
3354 3253 0.3697005808353424
3357 3265 0.4203394949436188
3358 3352 0.40608659386634827
3359 3328 0.496585875749588
3360 3354 0.3805575668811798
3361 3263 0.5545323491096497
3365 3327 0.4476851224899292
3367 3349 0.42637863755226135
3368 3350 0.5401710271835327
3371 3363 0.4309622049331665
3372 3337 0.458251416683197
3373 3264 0.3038453161716461
3374 3254 0.37367841601371765
3375 3270 0.3221244812011719
3376 3279 0.4574204981327057
3377 3268 0.3620658218860626
3379 3374 0.30228516459465027
3382 3431 0.37029018998146057
3383 3364 0.3625212013721466
3384 3377 0.4174671471118927
3385 3276 0.6581103801727295
3386 3277 0.6756157279014587
3388 3316 0.40185919404029846
3389 3317 0.3517444431781769
3392 3386 0.46606212854385376
3393 3373 0.4978519380092621
3394 3376 0.5250006318092346
3396 3293 0.5006200075149536
3397 3278 0.5314116477966309
3398 3280 0.330832839012146
3400 3357 0.33252352476119995
3401 3387 0.4071533977985382
3402 3400 0.43071648478507996
3403 3401 0.40846168994903564
3404 3402 0.35530468821525574
3405 3409 0.2771206498146057
3407 3309 0.31404969096183777
3413 3419 0.28694310784339905
3414 3348 0.3246985971927643
3416 3433 0.2864367663860321
3417 3464 0.3010331690311432
3418 3307 0.49230948090553284
3419 3308 0.4486472010612488
3421 3297 0.29945918917655945
3422 3301 0.4360913336277008
3423 3362 0.3222777843475342
3425 3432 0.37009283900260925
3428 3332 0.29632481932640076
3429 3333 0.29883241653442383
3430 3335 0.40180590748786926
3433 3372 0.2515411078929901
3436 3407 0.4664129614830017
3437 3442 0.47908419370651245
3438 3451 0.556591808795929
3439 3443 0.506065845489502
3440 3444 0.5462413430213928
3441 3461 0.351173996925354
3442 3315 0.48646998405456543
3443 3382 0.4212745726108551
3444 3383 0.3616192936897278
3446 3399 0.40353861451148987
3448 3460 0.42515888810157776
3449 3462 0.35767534375190735
3451 3496 0.3216661512851715
3453 3313 0.3234407305717468
3454 3314 0.2543790340423584
3455 3396 0.4310707151889801
3457 3384 0.30927515029907227
3459 3397 0.31877994537353516
3461 3418 0.47498205304145813
3462 3475 0.561213493347168
3463 3476 0.3546990156173706
3464 3356 0.49604296684265137
3466 3395 0.38764688372612
3469 3416 0.30921676754951477
3473 3472 0.3291676938533783
3474 3474 0.2962784767150879
3476 3345 0.3410063087940216
3477 3371 0.5361151099205017
3479 3471 0.4731374979019165
3480 3493 0.3974517285823822
3482 3344 0.3306628167629242
3483 3360 0.4163490831851959
3484 3429 0.38682740926742554
3485 3459 0.39111557602882385
3486 3483 0.44164398312568665
3487 3484 0.4486086964607239
3489 3485 0.4834180772304535
3490 3381 0.3399117887020111
3491 3406 0.3457790017127991
3495 3490 0.429438054561615
3496 3524 0.3788520097732544
3497 3342 0.31402602791786194
3499 3405 0.2506624758243561
3502 3415 0.40468862652778625
3504 3507 0.27751657366752625
3505 3369 0.2746634781360626
3506 3404 0.3629075884819031
3507 3441 0.28094613552093506
3508 3492 0.5476162433624268
3509 3505 0.4104214906692505
3510 3521 0.556701123714447
3511 3522 0.539569616317749
3513 3535 0.6397199034690857
3514 3425 0.47481855750083923
3515 3414 0.5247443914413452
3516 3470 0.27324429154396057
3518 3548 0.4116668701171875
3519 3549 0.3751073181629181
3520 3412 0.35645899176597595
3521 3370 0.3869772255420685
3522 3450 0.32228362560272217
3524 3426 0.5568848848342896
3525 3437 0.3767273724079132
3526 3438 0.313007652759552
3527 3439 0.37200120091438293
3535 3550 0.35387662053108215
3536 3551 0.8019424676895142
3537 3413 0.322409987449646
3539 3436 0.3219960927963257
3541 3501 0.3919467329978943
3542 3534 0.9476689696311951
3543 3561 0.36140692234039307
3544 3562 0.3007998466491699
3548 3502 0.27053675055503845
3549 3530 0.37941351532936096
3550 3504 0.41714438796043396
3551 3587 0.590796172618866
3552 3588 0.5157706141471863
3553 3603 0.3681756556034088
3554 3604 0.3222787082195282
3555 3589 0.3474814295768738
3560 3467 0.31161317229270935
3567 3583 0.378965824842453
3568 3546 0.28921598196029663
3569 3519 0.6373006105422974
3570 3560 0.5671361684799194
3571 3600 0.3975840210914612
3572 3570 0.3804287314414978
3573 3602 0.4056670069694519
3574 3620 0.4882049262523651
3575 3423 0.2766144871711731
3577 3458 0.275407075881958
3579 3466 0.3595196604728699
3580 3557 0.3050459027290344
3581 3532 0.5077776908874512
3582 3615 0.5949394106864929
3583 3598 0.3389335572719574
3585 3454 0.29578807950019836
3588 3479 0.3469182252883911
3590 3529 0.4522155821323395
3592 3582 0.480537474155426
3594 3639 0.30317842960357666
3595 3652 0.27089303731918335
3597 3449 0.3152298331260681
3601 3545 0.2762812376022339
3605 3614 0.33906030654907227
3606 3584 0.3191480040550232
3607 3686 0.3354039490222931
3608 3568 0.5426897406578064
3609 3638 0.43596115708351135
3610 3617 0.529463529586792
3612 3687 0.2962914705276489
3614 3688 0.2745961546897888
3615 3456 0.41715511679649353
3616 3465 0.34719324111938477
3620 3567 0.566853940486908
3621 3664 0.36917737126350403
3623 3649 0.3536596894264221
3625 3538 0.3146108388900757
3626 3511 0.39843425154685974
3628 3513 0.43005815148353577
3630 3516 0.3217548131942749
3633 3558 0.25856831669807434
3634 3634 0.35462427139282227
3635 3650 0.3305146396160126
3636 3651 0.5663038492202759
3638 3477 0.41664937138557434
3639 3517 0.2814406454563141
3640 3528 0.3727448284626007
3645 3635 0.5332341194152832
3647 3636 0.465220183134079
3648 3761 0.34100404381752014
3652 3488 0.2710033655166626
3653 3527 0.32026207447052
3658 3581 0.3764605224132538
3659 3661 0.26077455282211304
3661 3555 0.4329184591770172
3664 3611 0.341727077960968
3665 3685 0.5046205520629883
3666 3662 0.6144726276397705
3668 3707 0.49694451689720154
3669 3699 0.4349507987499237
3670 3714 0.44637930393218994
3671 3715 0.2691034972667694
3673 3554 0.3289417624473572
3676 3556 0.3879982531070709
3677 3579 0.2618286609649658
3679 3713 0.3735519051551819
3682 3749 0.9680092334747314
3683 3750 0.31656864285469055
3685 3512 0.4246467053890228
3686 3526 0.2554750144481659
3687 3564 0.9165338277816772
3690 3578 0.3448585271835327
3691 3647 0.28078436851501465
3692 3648 0.4818692207336426
3695 3705 0.3205285370349884
3696 3698 0.38096535205841064
3697 3760 0.3453189432621002
3698 3573 0.2823808193206787
3699 3630 0.3360224962234497
3700 3577 0.32062819600105286
3702 3633 0.26509419083595276
3703 3758 0.2646377384662628
3704 3737 0.5297216176986694
3706 3563 0.41636496782302856
3707 3594 0.29717183113098145
3708 3595 0.3550824820995331
3712 3631 0.26363444328308105
3714 3657 0.6123543381690979
3715 3659 0.3010874390602112
3716 3733 0.5091548562049866
3717 3755 0.4343571960926056
3718 3746 0.43881598114967346
3719 3756 0.3206954598426819
3721 3774 0.43311378359794617
3722 3807 0.48413366079330444
3723 3736 0.30597153306007385
3724 3795 0.35029762983322144
3725 3786 0.5841655135154724
3728 3606 0.3757743537425995
3729 3593 0.4160728454589844
3732 3596 0.37986570596694946
3734 3658 0.4374855160713196
3735 3684 0.3236132264137268
3736 3846 0.3492385447025299
3738 3847 0.2980738580226898
3739 3732 0.5094040036201477
3740 3745 0.42475563287734985
3743 3759 0.3335716724395752
3744 3572 0.337816059589386
3745 3625 0.4242831766605377
3746 3627 0.3240734040737152
3748 3674 0.295149564743042
3749 3675 0.4254574179649353
3750 3676 0.3683045506477356
3751 3654 0.369254469871521
3752 3655 0.5554930567741394
3753 3784 0.34869077801704407
3754 3772 0.4014658033847809
3755 3827 0.41695067286491394
3757 3608 0.30848395824432373
3758 3626 0.29279935359954834
3759 3677 0.4898722469806671
3760 3632 0.38086435198783875
3762 3680 0.32383859157562256
3767 3808 0.3441620171070099
3768 3809 0.2680909037590027
3769 3605 0.578795313835144
3771 3644 0.39896926283836365
3772 3695 0.3743414878845215
3773 3678 0.3944516181945801
3774 3711 0.2805367708206177
3776 3712 0.3533303439617157
3777 3771 0.47717317938804626
3778 3773 0.5324947237968445
3779 3814 0.42661863565444946
3780 3815 0.42707374691963196
3781 3794 0.3180095851421356
3783 3828 0.27752184867858887
3788 3693 0.26327940821647644
3791 3646 0.29415228962898254
3792 3696 0.43652239441871643
3794 3704 0.36577239632606506
3796 3806 0.38555383682250977
3797 3848 0.758032500743866
3798 3849 0.5265927314758301
3799 3642 0.2867322266101837
3800 3653 0.30542489886283875
3802 3669 0.2793905735015869
3803 3679 0.3488208055496216
3804 3731 0.3662366569042206
3805 3812 0.4360118806362152
3806 3813 0.41149652004241943
3807 3887 0.5500695109367371
3810 3703 0.40153396129608154
3812 3754 0.4838276505470276
3814 3872 0.7055983543395996
3815 3886 0.3688528835773468
3817 3666 0.2618955671787262
3819 3740 0.32416024804115295
3820 3668 0.377660870552063
3821 3692 0.29011183977127075
3822 3670 0.2518332004547119
3826 3709 0.3569587171077728
3827 3729 0.29070618748664856
3830 3826 0.5181666612625122
3831 3885 0.38101622462272644
3832 3873 0.343131959438324
3833 3667 0.6260949969291687
3837 3723 0.46636492013931274
3838 3724 0.4050484895706177
3840 3870 0.49652099609375
3841 3643 0.33464640378952026
3843 3721 0.34509772062301636
3844 3766 0.5966428518295288
3845 3752 0.3532814681529999
3846 3781 0.3725074231624603
3847 3871 0.3983168601989746
3848 3908 0.33687084913253784
3849 3919 0.32485905289649963
3850 3920 0.4947696924209595
3851 3791 0.3638606071472168
3852 3768 0.2830316424369812
3854 3728 0.2956453859806061
3856 3769 0.7218621969223022
3859 3899 0.5776428580284119
3861 3918 0.3311387002468109
3862 3739 0.35410112142562866
3867 3765 0.3053756654262543
3869 3770 0.30579328536987305
3872 3803 0.3041720688343048
3873 3753 0.39179500937461853
3874 3793 0.3924599289894104
3875 3869 0.4266263544559479
3877 3933 0.45750558376312256
3878 3751 0.34398284554481506
3881 3861 0.8965882658958435
3884 3882 0.40855830907821655
3885 3883 0.4824858605861664
3886 3934 0.5030412077903748
3887 3948 0.3357873857021332
3888 3792 0.2963525056838989
3889 3903 0.34527942538261414
3890 3976 0.3848976790904999
3891 3764 0.3532599210739136
3893 3801 0.27207157015800476
3894 3843 0.32128044962882996
3895 3804 0.3321340084075928
3897 3824 0.2656099200248718
3900 3906 0.33073851466178894
3901 3973 0.6638763546943665
3902 3974 0.5546053647994995
3903 3975 0.4655068814754486
3908 3779 0.25157180428504944
3910 3896 0.38783472776412964
3911 3946 0.2993735074996948
3912 3916 0.3433800935745239
3915 3898 0.32272714376449585
3916 3985 0.31534889340400696
3918 3798 0.3100264072418213
3919 3780 0.3614903390407562
3924 3932 0.44691088795661926
3928 4013 0.5472513437271118
3929 4002 0.40528571605682373
3930 3799 0.38517236709594727
3931 3840 0.39309370517730713
3932 3841 0.40610092878341675
3935 3915 0.2576010227203369
3936 3897 0.29841917753219604
3937 3929 0.4102340340614319
3939 3930 0.32377374172210693
3940 3931 0.2598768174648285
3941 3945 0.3226046860218048
3942 3905 0.3412763476371765
3943 3947 0.3695891797542572
3944 3996 0.41975224018096924
3945 3997 0.3310338854789734
3946 3999 0.47102871537208557
3947 4012 0.4743116796016693
3948 4001 0.47707080841064453
3949 4014 0.4595143795013428
3952 3821 0.46254900097846985
3953 3810 0.3636874854564667
3955 3879 0.42703136801719666
3956 3860 0.26363393664360046
3957 3866 0.2549293637275696
3963 3944 0.2578060030937195
3964 3983 0.4495929181575775
3965 3972 0.386570006608963
3967 3998 0.4229834973812103
3969 3881 0.32425424456596375
3971 3902 0.3320830166339874
3972 3943 0.35741209983825684
3974 3954 0.31678611040115356
3975 3982 0.8326724171638489
3979 4025 0.5741679072380066
3981 3833 0.48910853266716003
3987 3953 0.3527297079563141
3989 3970 0.3167773485183716
3991 4037 0.37012991309165955
3992 4038 0.676153302192688
3993 4039 0.4704590141773224
3995 3832 0.28139421343803406
3996 3834 0.42074698209762573
3997 3835 0.44671913981437683
3999 3838 0.3780049681663513
4000 3853 0.264888733625412
4003 3855 0.3114800453186035
4004 3856 0.37709760665893555
4005 3857 0.2811962366104126
4006 3859 0.25044766068458557
4008 3901 0.25650352239608765
4010 3926 0.3397756814956665
4011 3927 0.316371887922287
4012 3959 0.28924882411956787
4013 3960 0.41428473591804504
4014 3961 0.28141137957572937
4016 3878 0.4319777488708496
4018 3865 0.49196451902389526
4019 3913 0.3136255741119385
4020 3958 0.7597412467002869
4022 3940 0.3580401539802551
4023 3941 0.25882044434547424
4025 3981 0.3736174702644348
4028 4036 0.5416654348373413
4029 3820 0.3857807517051697
4030 3895 0.5593588352203369
4031 3980 0.3853171169757843
4032 4009 0.3997519314289093
4033 3993 0.3986315131187439
4035 4052 0.61015784740448
4037 4071 0.3420802056789398
4041 3995 0.5404539108276367
4042 4069 0.5347720980644226
4043 4070 0.6556265354156494
4046 3877 0.35058772563934326
4047 3837 0.3334123194217682
4049 3952 0.4355127811431885
4052 3924 0.41344720125198364
4054 3994 0.6574466824531555
4055 4023 0.4364320635795593
4056 4024 0.31347694993019104
4059 4021 0.526096761226654
4060 4103 0.26400527358055115
4061 3921 0.27474260330200195
4062 3890 0.3616941571235657
4063 3951 0.5866482257843018
4065 4034 0.404551237821579
4067 4061 0.4121803045272827
4068 4087 0.5216642618179321
4069 4113 0.624545693397522
4070 4114 0.5423136353492737
4071 4102 0.6387140154838562
4073 3957 0.3426336348056793
4074 4019 0.5419191718101501
4075 4020 0.4316244125366211
4076 4010 0.5470535755157471
4077 4062 0.3555643558502197
4078 4063 0.4461784064769745
4079 3911 0.3716880679130554
4080 3968 0.7724571824073792
4086 3937 0.3884362280368805
4087 3923 0.28443247079849243
4088 4007 0.28199973702430725
4089 4066 0.41312676668167114
4090 4018 0.2810702323913574
4091 4081 0.41692283749580383
4093 4099 0.29972347617149353
4094 4051 0.45586276054382324
4098 4085 0.4097636640071869
4099 4086 0.6022210717201233
4100 4122 0.3498879671096802
4102 4175 0.5022971630096436
4104 3936 0.38230323791503906
4105 3938 0.650793731212616
4107 3956 0.25465235114097595
4109 3967 0.4068564474582672
4112 4068 0.4852953255176544
4114 4082 0.5005579590797424
4115 4083 0.4215414226055145
4117 4084 0.5321165323257446
4118 4101 0.43863898515701294
4119 4112 0.42727985978126526
4120 4142 0.38590624928474426
4122 4174 0.4360368549823761
4123 4184 0.4454704821109772
4124 3978 0.36769458651542664
4125 3979 0.8124013543128967
4126 4143 0.6593881845474243
4127 4145 0.34371429681777954
4131 3965 0.4140833020210266
4133 4006 0.37987804412841797
4134 3991 0.2964624762535095
4136 4008 0.28065022826194763
4137 4017 0.5858286023139954
4138 3992 0.5100904703140259
4140 4097 0.3376469612121582
4142 4139 0.314426988363266
4143 4111 0.37740883231163025
4144 4163 0.3865799605846405
4147 3988 0.32616284489631653
4148 4005 0.435142457485199
4151 4016 0.28161004185676575
4152 3989 0.5208758115768433
4153 4033 0.5202503204345703
4155 4079 0.3263028562068939
4158 4162 0.3912230134010315
4159 4173 0.3845704197883606
4162 4213 0.45113396644592285
4163 4196 0.4294220805168152
4164 4214 0.5275537967681885
4165 4110 0.3654516339302063
4167 4140 0.5349985957145691
4168 4155 0.4408768117427826
4169 4156 0.4389536678791046
4171 4189 0.5268207788467407
4172 4226 0.3867241442203522
4173 4215 0.352006196975708
4176 4032 0.35110801458358765
4178 4046 0.47584033012390137
4179 4048 0.3577268421649933
4180 4049 0.29226428270339966
4181 4135 0.35754334926605225
4182 4136 0.33919647336006165
4184 4171 0.2776799201965332
4185 4153 0.33138763904571533
4186 4154 0.3087429404258728
4187 4216 0.27875447273254395
4191 4078 0.3105626404285431
4192 4098 0.2689433991909027
4193 4169 0.5407312512397766
4194 4183 0.42290806770324707
4196 4211 0.3838716447353363
4197 4212 0.3531009256839752
4199 4095 0.3611237108707428
4200 4109 0.3542730510234833
4201 4134 0.5562532544136047
4202 4151 0.46313121914863586
4203 4137 0.36426299810409546
4204 4152 0.4815770387649536
4208 4237 0.42666012048721313
4209 4238 0.30785971879959106
4210 4225 0.3572468161582947
4211 4243 0.32308775186538696
4212 4030 0.45466357469558716
4215 4045 0.2567002773284912
4216 4057 0.3029997944831848
4217 4106 0.31767889857292175
4219 4132 0.42494648694992065
4221 4221 0.4094078242778778
4222 4150 0.4070536196231842
4223 4181 0.3593235909938812
4224 4182 0.3084365725517273
4225 4210 0.43776264786720276
4227 4188 0.31178051233291626
4228 4239 0.3073492646217346
4230 4044 0.309797078371048
4231 4029 0.35755836963653564
4232 4094 0.31793591380119324
4233 4107 0.32836034893989563
4235 4161 0.5619970560073853
4237 4172 0.43257758021354675
4238 4180 0.42578133940696716
4239 4240 0.3604053556919098
4240 4249 0.3329731822013855
4241 4251 0.4669501483440399
4242 4075 0.4327256977558136
4245 4187 0.3930719792842865
4246 4209 0.40294408798217773
4252 4056 0.30279961228370667
4254 4076 0.26504361629486084
4255 4118 0.6585209369659424
4257 4193 0.40246784687042236
4258 4179 0.35102128982543945
4260 4205 0.5148535966873169
4261 4206 0.3387836217880249
4262 4207 0.32533371448516846
4263 4208 0.2911762297153473
4264 4224 0.29431647062301636
4266 4285 0.26293641328811646
4268 4287 0.5707927942276001
4271 4093 0.3561691343784332
4272 4119 0.3861359655857086
4273 4130 0.2928636074066162
4274 4131 0.29335054755210876
4275 4120 0.31378504633903503
4276 4121 0.322409987449646
4277 4178 0.395969033241272
4278 4201 0.4282928705215454
4279 4231 0.3242366313934326
4280 4232 0.39168182015419006
4282 4204 0.37898173928260803
4283 4223 0.48133552074432373
4284 4283 0.3581487536430359
4285 4288 0.5758206248283386
4286 4296 0.42559337615966797
4289 4253 0.28967833518981934
4293 4230 0.2792310118675232
4295 4246 0.3010992109775543
4296 4257 0.3639945685863495
4297 4266 0.2788541913032532
4299 4295 0.45958757400512695
4301 4091 0.31248003244400024
4302 4092 0.33930709958076477
4303 4198 0.4553847908973694
4304 4200 0.47246700525283813
4305 4233 0.31222087144851685
4306 4105 0.28550460934638977
4307 4117 0.47658830881118774
4309 4199 0.27475884556770325
4312 4203 0.3052484393119812
4313 4235 0.311305433511734
4314 4276 0.3271943926811218
4316 4265 0.4314005374908447
4318 4302 0.45327213406562805
4319 4286 0.35607537627220154
4320 4313 0.4081825017929077
4322 4128 0.2761821746826172
4323 4220 0.2660079002380371
4324 4261 0.44252386689186096
4327 4256 0.3567851483821869
4328 4277 0.4245721995830536
4330 4278 0.2835584878921509
4331 4318 0.28754523396492004
4332 4284 0.27030542492866516
4337 4263 0.3558051884174347
4338 4301 0.2670760452747345
4339 4294 0.29284098744392395
4341 4245 0.36153239011764526
4342 4234 0.3930967152118683
4344 4149 0.2787058353424072
4346 4262 0.316710889339447
4347 4317 0.3249706029891968
4348 4324 0.2748568654060364
4354 4273 0.33657222986221313
4355 4282 0.4222910404205322
4356 4293 0.392520934343338
4357 4275 0.37344613671302795
4359 4274 0.4143392741680145
4360 4316 0.41842132806777954
4361 4337 0.4103890061378479
4362 4177 0.48423248529434204
4363 4186 0.44506582617759705
4364 4281 0.39163661003112793
4365 4306 0.4835282862186432
4366 4335 0.33439406752586365
4370 4185 0.31663116812705994
4371 4298 0.27981695532798767
4372 4310 0.4671211838722229
4373 4341 0.3081605136394501
4375 4352 0.3258861303329468
4377 4191 0.3861941397190094
4378 4292 0.4175387918949127
4379 4305 0.7732841372489929
4381 4219 0.4193801283836365
4382 4309 0.37236785888671875
4383 4304 0.5028670430183411
4384 4323 0.8523268103599548
4385 4334 0.35445860028266907
4387 4315 0.4110046923160553
4390 4329 0.6430148482322693
4391 4369 0.3593602776527405
4399 4322 0.44296130537986755
4400 4328 0.43302789330482483
4403 4321 0.5022985935211182
4404 4350 0.3362026512622833
4407 4397 0.2802298069000244
4409 4404 0.2993130087852478
4413 4349 0.36340633034706116
4414 4412 0.2757989764213562
4415 4413 0.28147420287132263
4417 4327 0.33192217350006104
4418 4348 0.4128935933113098
4420 4356 0.2743168771266937
4422 4271 0.43529313802719116
4423 4272 0.48040688037872314
4424 4255 0.6169846653938293
4425 4411 0.41383498907089233
4427 4291 0.577583909034729
4428 4279 0.6340996026992798
4431 4361 0.36191049218177795
4432 4368 0.2808547914028168
4433 4366 0.33131465315818787
4435 4396 0.4128333628177643
4436 4432 0.47907960414886475
4439 4380 0.3284953534603119
4440 4360 0.2723018229007721
4441 4375 0.3233324885368347
4442 4384 0.30616623163223267
4444 4445 0.6018679738044739
4446 4393 0.391344279050827
4447 4394 0.39982321858406067
4448 4410 0.44865190982818604
4450 4381 0.3587661385536194
4452 4382 0.4328301250934601
4453 4409 0.3159530758857727
4458 4402 0.45354974269866943
4460 4403 0.306530237197876
4461 4424 0.34342923760414124
4463 4430 0.6009411215782166
4464 4421 0.2527930736541748
4465 4422 0.2770915925502777
4466 4425 0.4464457035064697
4467 4436 0.30694445967674255
4469 4333 0.45140767097473145
4470 4359 0.3609563708305359
4473 4423 0.2818271517753601
4475 4441 0.4187582731246948
4477 4345 0.5884210467338562
4479 4434 0.3102026879787445
4481 4439 0.2869294285774231
4482 4358 0.39781007170677185
4484 4444 0.43322286009788513
4485 4448 0.4404981732368469
4486 4449 0.28235092759132385
4487 4450 0.3731549084186554
4488 4401 0.4177514910697937
4491 4466 0.4364999234676361
4493 4440 0.5593716502189636
4495 4463 0.4073864221572876
4498 4391 0.35535383224487305
4499 4374 0.405852735042572
4500 4469 0.49610069394111633
4501 4453 0.5949700474739075
4503 4400 0.5803789496421814
4504 4389 0.6227317452430725
4505 4390 0.6353223323822021
4506 4462 0.46786394715309143
4509 4399 0.3142752945423126
4510 4420 0.3114972710609436
4511 4455 0.5247799158096313
4512 4486 0.3389907777309418
4514 4494 0.26322343945503235
4515 4495 0.3595004677772522
4516 4417 0.42804989218711853
4517 4418 0.6016011238098145
4518 4476 0.4312039315700531
4519 4426 0.30000656843185425
4521 4427 0.45107418298721313
4522 4428 0.492155522108078
4523 4419 0.32046616077423096
4524 4502 0.48072126507759094
4525 4503 0.3542960286140442
4528 4485 0.3397679030895233
4530 4491 0.5716878771781921
4531 4433 0.3064408004283905
4532 4438 0.3328804671764374
4533 4515 0.43961894512176514
4534 4451 0.2885008454322815
4535 4517 0.6376762986183167
4536 4518 0.5150077939033508
4537 4514 0.3992173969745636
4538 4447 0.38647010922431946
4542 4535 0.4240558445453644
4543 4536 0.3697192668914795
4544 4459 0.31534621119499207
4545 4456 0.36126288771629333
4546 4452 0.451121062040329
4547 4461 0.35381385684013367
4548 4534 0.4194457232952118
4549 4542 0.3326624631881714
4550 4531 0.35483434796333313
4553 4550 0.3890427350997925
4554 4472 0.3158789575099945
4556 4540 0.3377445638179779
4557 4473 0.6295965909957886
4559 4475 0.32700908184051514
4560 4569 0.36411505937576294
4561 4541 0.33878588676452637
4563 4548 0.2736991345882416
4566 4563 0.371404230594635
4567 4564 0.3368869125843048
4568 4565 0.3164904713630676
4569 4559 0.49732616543769836
4570 4547 0.2767825722694397
4572 4554 0.45363277196884155
4574 4480 0.4876088798046112
4575 4482 0.3806893229484558
4576 4490 0.33044183254241943
4579 4562 0.3791212737560272
4580 4488 0.33782508969306946
4581 4558 0.31648924946784973
4582 4589 0.37898606061935425
4584 4481 0.34207141399383545
4585 4489 0.3304925858974457
4587 4594 0.44413214921951294
4588 4587 0.31955304741859436
4589 4588 0.4023139774799347
4590 4615 0.693933367729187
4591 4497 0.43874359130859375
4593 4511 0.4051918089389801
4595 4508 0.28397902846336365
4596 4500 0.3751799464225769
4597 4509 0.26221272349357605
4599 4573 0.27555105090141296
4602 4499 0.28296875953674316
4604 4510 0.42308151721954346
4607 4586 0.28258609771728516
4608 4579 0.2780994176864624
4609 4520 0.37106648087501526
4610 4483 0.2714829742908478
4611 4584 0.46688780188560486
4615 4539 0.28951430320739746
4617 4527 0.27737605571746826
4618 4528 0.3074122965335846
4619 4529 0.39780476689338684
4621 4591 0.29494839906692505
4622 4597 0.25874394178390503
4623 4614 0.41943052411079407
4624 4606 0.49171262979507446
4625 4521 0.3338765799999237
4626 4605 0.2826017141342163
4627 4600 0.33187025785446167
4628 4607 0.47853347659111023
4633 4609 0.2833649218082428
4634 4604 0.2758820950984955
4635 4613 0.3500748574733734
4636 4532 0.36211833357810974
4638 4544 0.610227644443512
4643 4612 0.36698275804519653
4645 4552 0.39817824959754944
4647 4622 0.28557050228118896
4648 4623 0.2639315128326416
4651 4561 0.2529087960720062
4652 4572 0.3793737292289734
4653 4620 0.33083316683769226
4654 4546 0.38266801834106445
4656 4637 0.29303988814353943
4657 4635 0.2975115478038788
4658 4577 0.3023509085178375
4661 4640 0.35054391622543335
4662 4642 0.619131326675415
4665 4638 0.30551111698150635
4666 4581 0.4160863161087036
4667 4643 0.3105359673500061
4668 4596 0.34988829493522644
4671 4648 0.32378116250038147
4674 4599 0.38376951217651367
4679 4647 0.3724648058414459
4681 4662 0.341528981924057
4687 4598 0.4364657700061798
4688 4658 0.4444122314453125
4691 4663 0.38287168741226196
4693 4608 0.43781232833862305
4695 4664 0.3096623718738556
4706 4639 0.40073901414871216
4708 4652 0.4883474111557007
4709 4649 0.714945912361145
4710 4654 0.2924630641937256
4712 4668 0.3500795364379883
4714 4661 0.36701810359954834
4715 4671 0.4918280243873596
4716 4675 0.9737712144851685
4717 4669 0.2594006657600403
4718 4673 0.9496167898178101
4719 4679 0.5599576830863953
4720 4674 0.3816256821155548
4723 4680 0.26413196325302124
4725 4678 0.47480499744415283
4726 4684 0.460186243057251
4727 4683 0.7601412534713745
4730 4685 0.4898054301738739
4731 4688 0.4348873198032379
4732 4693 0.6906250715255737
4733 4694 0.4716058373451233
4734 4695 0.6650460958480835
