3039
1 12 0.5950568914413452
3 22 0.2719340920448303
4 17 0.2816216051578522
5 25 0.324662983417511
6 16 0.25304415822029114
7 27 0.27306506037712097
8 26 0.2888874113559723
9 21 0.2743953764438629
12 29 0.2653666138648987
14 28 0.3181864619255066
18 30 0.3156380355358124
23 39 0.2939644157886505
25 43 0.4943268299102783
26 44 0.31853407621383667
28 47 0.6653950214385986
29 48 0.9674721360206604
32 53 0.413825124502182
33 49 0.2743077278137207
34 51 0.3124842047691345
37 54 0.34094128012657166
38 58 0.3424389362335205
39 59 0.44101855158805847
43 62 0.3447319567203522
44 61 0.27121564745903015
46 66 0.5223477482795715
47 67 0.41084128618240356
49 64 0.32547709345817566
50 65 0.6235482692718506
55 68 0.2840944230556488
57 72 0.33084356784820557
58 73 0.27603158354759216
63 78 0.5400592088699341
64 81 0.350821852684021
66 82 0.4580032527446747
69 88 0.3007519543170929
70 84 0.3715115785598755
71 85 0.26486650109291077
72 87 0.4011657238006592
77 93 0.3613152503967285
78 90 0.316762238740921
80 92 0.3789979815483093
81 89 0.31048089265823364
82 94 0.4132063686847687
87 95 0.3110276758670807
88 96 0.3491995930671692
91 107 0.27709051966667175
92 97 0.3324185907840729
93 98 0.2647283673286438
96 102 0.28342491388320923
97 109 0.3621763586997986
98 99 0.3095327615737915
100 105 0.3034367263317108
101 104 0.2513042092323303
104 125 0.31753531098365784
105 112 0.2530989348888397
107 111 0.2695707082748413
112 117 0.4562259316444397
113 134 0.3543669879436493
118 115 0.37486734986305237
119 118 0.6114387512207031
120 119 0.5665863752365112
122 122 0.5090213418006897
124 126 0.2965048849582672
125 128 0.5320531129837036
126 123 0.43986260890960693
127 138 0.39262688159942627
131 133 0.5240437388420105
132 137 0.28292855620384216
135 143 0.4034154713153839
136 136 0.6361389756202698
138 151 0.28831905126571655
142 153 0.312344491481781
143 154 0.33057770133018494
144 140 0.38754746317863464
145 141 0.3545931577682495
146 149 0.3894072473049164
147 116 0.9663637280464172
150 150 0.35830044746398926
151 164 0.2696661055088043
152 173 0.35526540875434875
154 148 0.4300118088722229
156 162 0.3550594747066498
157 163 0.2801755666732788
158 156 0.457121342420578
159 157 0.6752511262893677
160 161 0.3665665090084076
161 168 0.4742673635482788
162 167 0.3033817708492279
164 180 0.3572710156440735
166 170 0.31313663721084595
167 183 0.35375481843948364
168 177 0.3792087733745575
169 172 0.4211170971393585
170 169 0.2599397897720337
173 175 0.4364995062351227
175 184 0.4575972259044647
176 178 0.3439749777317047
177 174 0.27184152603149414
179 194 0.41458433866500854
180 185 0.37955647706985474
183 198 0.31200331449508667
184 191 0.36320292949676514
186 199 0.4315655529499054
187 201 0.30514073371887207
190 203 0.540963888168335
192 200 0.8647076487541199
194 196 0.3209007680416107
195 208 0.3570108115673065
196 202 0.28280285000801086
199 207 0.27934926748275757
203 221 0.2879815697669983
206 216 0.4557649493217468
207 223 0.4108593165874481
208 206 0.32183152437210083
211 215 0.3069321811199188
213 227 0.4124642312526703
214 230 0.5091378688812256
215 217 0.5112485885620117
216 232 0.5786816477775574
219 222 0.27019691467285156
220 214 0.29436782002449036
221 233 0.4229641258716583
222 229 0.3214612901210785
223 239 0.3963574171066284
226 238 0.39731451869010925
227 240 0.27538159489631653
228 258 0.4443092346191406
229 253 0.28967392444610596
237 245 0.261997252702713
238 248 0.29567134380340576
244 250 0.8607050180435181
246 249 0.43607717752456665
247 259 0.628868043422699
253 266 0.34773072600364685
255 267 0.315508633852005
260 265 0.281028687953949
262 271 0.294315904378891
263 256 0.3553914427757263
264 257 0.4211452305316925
266 275 0.512087345123291
268 270 0.2964879274368286
269 282 0.5787141919136047
270 274 0.3941124677658081
276 298 0.27713677287101746
277 291 0.33205705881118774
278 299 0.30864107608795166
279 318 0.5111252069473267
282 297 0.27523404359817505
283 309 0.5327939391136169
284 301 0.3842411935329437
285 310 0.34550607204437256
286 278 0.3331443965435028
288 280 0.3436785638332367
289 308 0.3648951053619385
292 279 0.25270941853523254
294 307 0.6151815056800842
295 317 0.6470551490783691
296 347 0.2916116714477539
299 276 0.43753308057785034
301 286 0.25347238779067993
306 341 0.6988612413406372
308 348 0.6132057905197144
309 326 0.3917800784111023
310 327 0.3467736542224884
311 277 0.5753255486488342
312 273 0.39755484461784363
313 295 0.2644492983818054
315 288 0.25997522473335266
317 306 0.5660425424575806
318 336 0.3521445393562317
319 337 0.4242313802242279
320 338 0.5501277446746826
323 294 0.28264594078063965
326 333 0.36084040999412537
327 334 0.39964669942855835
328 335 0.3984631299972534
329 346 0.27234572172164917
330 396 0.3557593822479248
332 285 0.29052799940109253
335 339 0.26648983359336853
338 302 0.4067893326282501
339 293 0.33110207319259644
340 323 0.3807503283023834
342 419 0.3138299286365509
350 383 0.4134913682937622
352 351 0.4506549537181854
353 329 0.29540666937828064
358 355 0.42771732807159424
361 372 0.27291667461395264
362 384 0.4051643908023834
363 374 0.4038354456424713
364 354 0.30074477195739746
366 392 0.3673956096172333
370 360 0.25860556960105896
373 370 0.46255606412887573
374 381 0.9039219617843628
378 405 0.3395521640777588
379 391 0.3312303125858307
384 398 0.39978471398353577
385 399 0.2927873432636261
386 400 0.27400627732276917
387 401 0.3304128646850586
388 403 0.5053183436393738
389 404 0.38527631759643555
390 406 0.3948788344860077
391 407 0.39273735880851746
392 430 0.349054753780365
394 408 0.2590772807598114
395 363 0.354377806186676
400 420 0.3797563314437866
404 395 0.3002564609050751
405 427 0.3190907835960388
406 412 0.2598324716091156
410 429 0.36915236711502075
411 450 0.36183837056159973
412 416 0.2502340078353882
414 393 0.35196053981781006
415 432 0.29514846205711365
416 433 0.284000962972641
417 377 0.52109295129776
419 439 0.6153029799461365
421 441 0.2698726952075958
424 442 0.339249849319458
426 394 0.2779514789581299
428 378 0.4807194471359253
430 410 0.3295053243637085
432 352 0.27548691630363464
433 422 0.7544099688529968
436 451 0.2814162075519562
437 435 0.6329933404922485
438 388 0.6388529539108276
439 438 0.8738015294075012
440 425 0.3418799638748169
442 468 0.31022873520851135
444 455 0.33379697799682617
445 443 0.3672775328159332
446 445 0.4203735888004303
452 458 0.4919241666793823
453 476 0.5049763321876526
455 466 0.34471550583839417
456 428 0.3191896975040436
457 453 0.3061142563819885
458 467 0.29439646005630493
459 454 0.3066919445991516
463 474 0.36722955107688904
465 465 0.32617810368537903
466 475 0.32707706093788147
470 446 0.43602561950683594
471 461 0.2986563444137573
472 448 0.32618772983551025
473 437 0.252892404794693
474 457 0.35137900710105896
475 495 0.42140355706214905
482 497 0.45596712827682495
483 499 0.35853663086891174
489 505 0.3293743133544922
490 478 0.3121134042739868
491 481 0.4077700674533844
492 434 0.25690966844558716
495 472 0.30048877000808716
496 464 0.2799474596977234
497 479 0.30084431171417236
501 469 0.4313869774341583
502 470 0.302079975605011
503 471 0.35236960649490356
505 504 0.6543578505516052
507 528 0.2604571580886841
508 477 0.4608880877494812
509 520 0.4226532280445099
510 500 0.3006759583950043
514 491 0.33096128702163696
516 456 0.3040447533130646
518 473 0.3107335567474365
519 502 0.5009505152702332
521 503 0.3437562584877014
523 496 0.31879544258117676
525 529 0.38975760340690613
526 498 0.3921224772930145
527 545 0.3688402473926544
530 510 0.5817376971244812
531 512 0.32379505038261414
536 541 0.27177128195762634
538 489 0.4187019467353821
539 518 0.8933253884315491
540 526 0.4069189131259918
541 570 0.29551374912261963
544 533 0.26617005467414856
545 521 0.5008392333984375
549 524 0.27351701259613037
550 525 0.2814376950263977
552 490 0.37903377413749695
553 527 0.33661746978759766
555 532 0.26019400358200073
556 534 0.25005674362182617
558 535 0.3081605136394501
559 514 0.612841010093689
561 485 0.602256715297699
563 558 0.3704053461551666
564 559 0.27641433477401733
567 564 0.37646305561065674
569 536 0.31971704959869385
570 537 0.36507925391197205
572 493 0.32970085740089417
573 517 0.4138033986091614
577 561 0.3641081154346466
578 546 0.40137431025505066
579 538 0.3095000088214874
580 508 0.3297933042049408
582 569 0.3760005533695221
583 583 0.2919219136238098
585 562 0.2784096300601959
586 575 0.3176698088645935
588 539 0.2643726170063019
589 588 0.2598037123680115
590 591 0.31994521617889404
591 555 0.3440317213535309
592 580 0.5089805722236633
593 581 0.39013248682022095
594 585 0.33279573917388916
598 548 0.41058826446533203
599 509 0.2804950475692749
605 563 0.3055630028247833
608 542 0.3267304003238678
609 547 0.28448593616485596
612 540 0.506389319896698
615 610 0.3481893241405487
617 602 0.2800852656364441
618 603 0.2850410044193268
619 549 0.33895036578178406
620 566 0.30522602796554565
621 567 0.25433245301246643
622 552 0.4089461863040924
623 579 0.5696366429328918
624 619 0.3377419710159302
626 613 0.31057387590408325
628 595 0.307298868894577
629 589 0.4490101933479309
630 578 0.4039244055747986
631 614 0.43364861607551575
634 615 0.3403107523918152
635 639 0.2682328522205353
641 621 0.29462650418281555
642 645 0.33489862084388733
643 623 0.42007502913475037
644 624 0.43074771761894226
647 628 0.3385598063468933
648 629 0.3061417043209076
649 630 0.3118084669113159
651 633 0.3952476680278778
652 609 0.4746573865413666
653 620 0.5238158702850342
655 634 0.4362385869026184
656 649 0.3899022340774536
659 608 0.38375964760780334
660 643 0.38590845465660095
664 587 0.5329113006591797
666 662 0.2571084499359131
667 657 0.2557968199253082
668 665 0.40487855672836304
673 617 0.43551942706108093
674 656 0.607089102268219
676 663 0.28128984570503235
679 664 0.31395626068115234
680 683 0.3685680627822876
681 669 0.34540820121765137
683 670 0.32542741298675537
685 616 0.3439123332500458
687 676 0.3864903748035431
688 672 0.3986220061779022
689 673 0.39899513125419617
690 631 0.33621612191200256
693 640 0.4192797541618347
694 661 0.6674783825874329
697 678 0.373022198677063
698 671 0.5473609566688538
699 651 0.40680912137031555
701 654 0.3675732910633087
702 690 0.6594850420951843
703 692 0.26903778314590454
704 709 0.28666359186172485
706 674 0.29846101999282837
710 702 0.380593478679657
711 703 0.4049527049064636
712 711 0.30924683809280396
713 727 0.31006544828414917
714 715 0.3159904479980469
715 679 0.3159036636352539
717 681 0.2853875458240509
718 652 0.36483874917030334
720 701 0.36560118198394775
721 691 0.2980693280696869
722 693 0.37748441100120544
724 712 0.44673871994018555
725 622 0.2684168219566345
729 680 0.5192455649375916
730 687 0.4291936159133911
731 698 0.5660765171051025
732 699 0.4041004776954651
733 688 0.3052036166191101
734 641 0.27676278352737427
737 551 0.2893056273460388
740 682 0.35770535469055176
741 710 0.3297678232192993
742 731 0.3328401744365692
743 745 0.7758999466896057
744 734 0.3658986985683441
745 685 0.28134724497795105
748 706 0.3066144585609436
749 577 0.3069087564945221
752 684 0.2712329626083374
753 713 0.25244566798210144
756 757 0.44110310077667236
757 732 0.42514511942863464
758 733 0.3977380096912384
760 700 0.42504942417144775
761 596 0.25222906470298767
766 716 0.5495954751968384
767 718 0.4062287509441376
768 738 0.5192554593086243
769 722 0.4218301773071289
771 723 0.3035389184951782
774 746 0.3200575113296509
776 756 0.2870701253414154
777 751 0.44348204135894775
778 752 0.3534627854824066
780 735 0.4802584648132324
786 597 0.30115780234336853
787 607 0.4455609917640686
788 708 0.495963990688324
789 725 0.4896882176399231
790 760 0.5217085480690002
792 744 0.3374866545200348
794 730 0.2575315237045288
796 721 0.5992197394371033
797 736 0.5714513063430786
798 737 0.4805369973182678
799 740 0.36718088388442993
800 755 0.2867538332939148
803 759 0.5313300490379333
804 762 0.4536639451980591
807 747 0.42299678921699524
808 799 0.2609459459781647
811 753 0.2527993321418762
813 741 0.30873116850852966
815 642 0.2967594861984253
817 794 0.5024849772453308
820 767 0.25494149327278137
822 777 0.35562199354171753
823 779 0.4758530259132385
824 770 0.31267768144607544
825 754 0.3000011444091797
826 793 0.34512174129486084
827 795 0.44611629843711853
828 797 0.47179344296455383
830 761 0.29348233342170715
831 771 0.3095519542694092
832 772 0.46351519227027893
835 653 0.4211753308773041
836 775 0.27279072999954224
838 776 0.2835160195827484
839 790 0.3814648687839508
840 792 0.3254280388355255
841 796 0.25058361887931824
842 816 0.2888488173484802
844 802 0.593580961227417
845 803 0.6203920841217041
850 769 0.26383841037750244
851 806 0.2977982759475708
852 783 0.4417417049407959
853 807 0.34956878423690796
856 758 0.30921265482902527
864 812 0.3120851516723633
865 789 0.47277259826660156
866 791 0.46612748503685
867 815 0.3604964315891266
868 827 0.45758455991744995
869 820 0.36011675000190735
872 828 0.6259589195251465
873 798 0.3733489215373993
876 814 0.4552007019519806
878 847 0.3537102937698364
879 848 0.41719886660575867
880 849 0.3692907392978668
887 822 0.6580802202224731
889 784 0.4394110441207886
890 813 0.3927898108959198
891 857 0.35716167092323303
892 858 0.45972564816474915
896 826 0.30731821060180664
897 845 0.32489126920700073
898 864 0.40600913763046265
899 865 0.32163023948669434
901 856 0.33443647623062134
906 837 0.4440847337245941
908 781 0.29378923773765564
914 854 0.2673007845878601
915 844 0.4595630168914795
917 901 0.3079184293746948
918 887 0.30071553587913513
931 873 0.3335350751876831
936 898 0.3981402814388275
937 899 0.5184484124183655
938 900 0.3389539420604706
941 890 0.2752419114112854
942 850 0.4707471430301666
944 823 0.6180942058563232
945 851 0.43515822291374207
947 839 0.36480602622032166
950 886 0.2687167525291443
952 881 0.4556067883968353
953 882 0.5552107691764832
957 917 0.4057351052761078
958 918 0.44774702191352844
963 838 0.43498894572257996
964 859 0.3711981475353241
965 860 0.3814910650253296
966 861 0.4865001142024994
967 818 0.28199759125709534
969 919 0.43962690234184265
970 920 0.39741116762161255
972 903 0.4022763669490814
973 905 0.2762264311313629
976 916 0.3796936869621277
977 855 0.321585476398468
978 952 0.2759852409362793
981 940 0.5096538066864014
982 875 0.3441945016384125
983 915 0.3263377249240875
985 933 0.30446693301200867
986 945 0.2674619257450104
991 874 0.36470237374305725
992 932 0.3109016418457031
993 946 0.3205823302268982
996 930 0.30512735247612
998 944 0.45855480432510376
999 921 0.4132824242115021
1001 938 0.39516401290893555
1002 910 0.47625890374183655
1003 894 0.3994508683681488
1004 960 0.3918077051639557
1009 947 0.27735435962677
1012 939 0.4630075693130493
1013 892 0.37464433908462524
1014 908 0.4893670082092285
1015 785 0.26573610305786133
1016 962 0.26677894592285156
1022 934 0.40548986196517944
1027 954 0.36724603176116943
1028 941 0.47286278009414673
1029 909 0.3974422514438629
1030 884 0.3407982289791107
1032 961 0.45237648487091064
1035 824 0.288929283618927
1037 926 0.5475572347640991
1039 951 0.25339406728744507
1040 978 0.9628432393074036
1041 986 0.3965029716491699
1042 979 0.4136657118797302
1044 953 0.2654271125793457
1048 949 0.46862664818763733
1052 788 0.3396094739437103
1056 987 0.33238592743873596
1057 980 0.3428611159324646
1059 988 0.3628539443016052
1060 989 0.32814279198646545
1064 990 0.265023410320282
1066 982 0.4314141273498535
1067 957 0.3805971145629883
1068 942 0.31232959032058716
1069 825 0.31118789315223694
1072 997 0.2842993140220642
1074 991 0.32572147250175476
1075 969 0.35332730412483215
1077 974 0.4587293267250061
1078 840 0.39751312136650085
1079 880 0.3144018054008484
1082 1042 0.3187221884727478
1084 1015 0.3775964081287384
1085 1016 0.3444361984729767
1086 998 0.4148987829685211
1090 968 0.26342031359672546
1091 993 0.43227940797805786
1093 972 0.4127243161201477
1094 955 0.3980654776096344
1095 876 0.2574485242366791
1096 1008 0.2890731394290924
1097 996 0.26638489961624146
1098 1009 0.2838696539402008
1106 863 0.3677622675895691
1107 1022 0.30497434735298157
1109 1045 0.33031266927719116
1110 1000 0.2630041241645813
1112 1005 0.3782963752746582
1114 973 0.5004257559776306
1117 853 0.3534085154533386
1118 924 0.3229808509349823
1119 885 0.41001540422439575
1120 1007 0.3372408449649811
1125 1056 0.4885011315345764
1130 1026 0.2533525228500366
1133 1019 0.2559056282043457
1134 983 0.37624627351760864
1135 923 0.4605357050895691
1140 1033 0.3545941710472107
1146 1024 0.39815810322761536
1148 994 0.3694457411766052
1149 1043 0.3372839391231537
1150 1057 0.3184548020362854
1151 1044 0.42267581820487976
1152 1046 0.2668361961841583
1154 1027 0.34506678581237793
1155 1028 0.5267539620399475
1156 1001 0.558323323726654
1157 879 0.2616616487503052
1158 1053 0.5386267304420471
1159 1069 0.3376569449901581
1162 1078 0.32216134667396545
1163 1039 0.5510834455490112
1164 1006 0.7830174565315247
1166 913 0.2524760067462921
1167 1067 0.3822106420993805
1168 1054 0.33291444182395935
1173 1037 0.2859749495983124
1174 1050 0.2927758991718292
1176 1020 0.5368528962135315
1177 1030 0.5021961331367493
1178 1041 0.5304794311523438
1186 1061 0.39732134342193604
1188 1029 0.45093610882759094
1190 950 0.436330109834671
1191 1051 0.5304111242294312
1193 1058 0.3225296139717102
1195 1128 0.31719452142715454
1197 1092 0.574292778968811
1200 1062 0.345268577337265
1201 1040 0.6016287207603455
1202 1064 0.3278956413269043
1204 1121 0.28685885667800903
1212 1079 0.3939967155456543
1213 1083 0.4165206551551819
1214 1084 0.4648946523666382
1216 1085 0.3782014846801758
1219 1066 0.3490517735481262
1221 995 0.3874916434288025
1222 1093 0.5469502806663513
1223 1120 0.35435280203819275
1228 1086 0.6224728226661682
1229 943 0.40562406182289124
1230 975 0.39139094948768616
1231 1088 0.2788185477256775
1232 1089 0.2798196077346802
1235 1140 0.28792473673820496
1236 1142 0.25813910365104675
1237 1143 0.2882407009601593
1242 1087 0.3912946581840515
1243 1090 0.2721426784992218
1246 1136 0.3040989935398102
1247 1107 0.37258416414260864
1249 1002 0.5751867294311523
1250 1126 0.47435420751571655
1252 1110 0.2684800624847412
1254 1096 0.35411733388900757
1256 1097 0.4125059247016907
1257 1116 0.4530344307422638
1258 1118 0.3683372139930725
1259 1185 0.4863493740558624
1260 1125 0.28173255920410156
1261 1127 0.3468679189682007
1263 1098 0.25766074657440186
1265 1139 0.25717124342918396
1266 1144 0.3198176920413971
1267 1108 0.41073787212371826
1268 1135 0.37569230794906616
1269 1154 0.4874568283557892
1271 1131 0.2922391891479492
1273 1133 0.44395896792411804
1276 1148 0.29119816422462463
1277 1164 0.2951509952545166
1279 1169 0.27987992763519287
1283 1186 0.4117465913295746
1284 1172 0.3076454699039459
1285 1156 0.2972123622894287
1287 1138 0.368641197681427
1290 1031 0.5614640116691589
1291 1168 0.387501984834671
1292 1147 0.5140940546989441
1293 1176 0.3376508355140686
1295 1171 0.3305720090866089
1297 1155 0.4636478126049042
1298 1132 0.3192472457885742
1299 1159 0.3234271705150604
1300 1146 0.40284955501556396
1302 1175 0.3937232792377472
1303 1195 0.6907133460044861
1304 1227 0.49432966113090515
1305 1193 0.42717310786247253
1306 1194 0.4104073941707611
1308 1181 0.3277437090873718
1309 1157 0.3791896104812622
1311 1174 0.5444652438163757
1314 1222 0.42422938346862793
1316 1190 0.5026728510856628
1317 1208 0.40771642327308655
1318 1191 0.3494734466075897
1319 1192 0.42471757531166077
1320 1129 0.45586276054382324
1322 1153 0.2704717516899109
1323 1196 0.5051661133766174
1324 1173 0.4971488118171692
1326 1202 0.3870082199573517
1327 1258 0.37278711795806885
1328 1124 0.2625582814216614
1329 1189 0.47706350684165955
1330 1209 0.32753685116767883
1331 1214 0.3978798985481262
1332 1215 0.330087810754776
1333 1217 0.3694901466369629
1334 1158 0.28552258014678955
1335 1220 0.49807751178741455
1336 1032 0.31560584902763367
1337 1232 0.3638595640659332
1339 1210 0.36998802423477173
1340 1211 0.5286961197853088
1341 1212 0.31672388315200806
1343 1197 0.28450167179107666
1344 1180 0.2826038897037506
1345 1216 0.4088872969150543
1347 1218 0.31641775369644165
1348 1198 0.44496309757232666
1349 1221 0.4021609127521515
1350 1224 0.26509976387023926
1351 1253 0.35650962591171265
1352 1207 0.25707191228866577
1353 1250 0.4157642424106598
1355 1223 0.48882874846458435
1357 1251 0.4641773998737335
1358 1327 0.29262182116508484
1359 1243 0.29324060678482056
1362 1246 0.41581499576568604
1363 1267 0.4279082715511322
1364 1248 0.45215219259262085
1365 1293 0.4093141257762909
1366 1241 0.4177335798740387
1367 1242 0.3311854600906372
1369 1254 0.7052276730537415
1371 1219 0.36593639850616455
1372 1244 0.3003859221935272
1373 1236 0.2531737685203552
1377 1259 0.2756708860397339
1379 1309 0.4474209249019623
1381 1234 0.30423298478126526
1383 1163 0.3008905351161957
1384 1281 0.7813308835029602
1385 1282 0.43731242418289185
1386 1261 0.39752107858657837
1387 1262 0.47830626368522644
1390 1235 0.34064680337905884
1391 1266 0.4309535622596741
1392 1352 0.3009504973888397
1393 1308 0.4540504515171051
1399 1112 0.8565836548805237
1400 1161 0.33178260922431946
1403 1280 0.3699280619621277
1404 1304 0.35869839787483215
1405 1328 0.37515881657600403
1407 1283 0.35313260555267334
1409 1289 0.3915783762931824
1410 1263 0.43147626519203186
1412 1184 0.2895623445510864
1413 1277 0.5871681571006775
1414 1315 0.2977074086666107
1415 1316 0.2722727358341217
1416 1297 0.37977153062820435
1417 1298 0.44022896885871887
1421 1275 0.41657787561416626
1424 1305 0.3604651391506195
1425 1300 0.34502795338630676
1426 1318 0.28475356101989746
1427 1337 0.5373804569244385
1428 1311 0.35392218828201294
1429 1200 0.5164276957511902
1430 1201 0.2688305675983429
1431 1182 0.27988579869270325
1432 1183 0.5032580494880676
1433 1325 0.37923118472099304
1435 1314 0.3468497395515442
1436 1376 0.4382973611354828
1438 1319 0.3268996477127075
1439 1320 0.47873249650001526
1440 1321 0.4224090576171875
1442 1303 0.4155973494052887
1443 1347 0.29152047634124756
1444 1310 0.4147583246231079
1446 1312 0.3382764458656311
1449 1363 0.4163169264793396
1450 1364 0.4911399483680725
1451 1330 0.36079978942871094
1452 1323 0.43699973821640015
1453 1225 0.4291260838508606
1454 1351 0.31751835346221924
1455 1362 0.4160041809082031
1456 1365 0.3852083683013916
1458 1353 0.4680362045764923
1460 1348 0.47104084491729736
1461 1349 0.47190773487091064
1463 1342 0.3459983468055725
1464 1344 0.5015915632247925
1466 1307 0.4185594320297241
1467 1338 0.3876838684082031
1468 1339 0.3722652196884155
1469 1333 0.37202247977256775
1473 1374 0.5182679891586304
1474 1390 0.5633417963981628
1475 1358 0.40965700149536133
1478 1331 0.3202245235443115
1483 1386 0.38657626509666443
1484 1387 0.6072211265563965
1485 1375 0.3714662194252014
1486 1329 0.3024221360683441
1487 1377 0.518436074256897
1488 1359 0.4163927733898163
1489 1332 0.38399723172187805
1490 1350 0.42214125394821167
1492 1371 0.32001569867134094
1493 1388 0.45027774572372437
1494 1404 0.2929200232028961
1495 1405 0.45857229828834534
1496 1391 0.7634024620056152
1497 1360 0.5358794331550598
1498 1367 0.42747223377227783
1501 1257 0.32819223403930664
1503 1265 0.33672279119491577
1505 1372 0.880480170249939
1506 1403 0.29577624797821045
1507 1432 0.4095808267593384
1508 1435 0.36363303661346436
1509 1397 0.36010679602622986
1510 1366 0.407198041677475
1511 1368 0.30632829666137695
1513 1380 0.35338693857192993
1514 1381 0.4587656259536743
1515 1382 0.29744771122932434
1516 1370 0.36698833107948303
1517 1431 0.939372718334198
1520 1409 0.47667694091796875
1522 1466 0.27679261565208435
1523 1398 0.30388039350509644
1525 1379 0.27423998713493347
1527 1408 0.34660306572914124
1528 1436 0.42746245861053467
1530 1415 0.324104905128479
1531 1430 0.5464164018630981
1533 1399 0.42256981134414673
1534 1378 0.31516849994659424
1535 1414 0.3368817865848541
1536 1383 0.3112318217754364
1538 1302 0.3127245008945465
1539 1426 0.48347294330596924
1540 1427 0.5276569724082947
1541 1428 0.3062754273414612
1542 1407 0.2999376356601715
1543 1474 0.5344223976135254
1545 1418 0.3173143267631531
1546 1420 0.307011216878891
1547 1406 0.41539883613586426
1549 1425 0.28635865449905396
1550 1462 0.29873180389404297
1551 1450 0.5857749581336975
1553 1486 0.3493771255016327
1554 1471 0.5104963183403015
1555 1472 0.48072540760040283
1556 1497 0.36874422430992126
1563 1440 0.38696613907814026
1564 1441 0.3692344129085541
1565 1442 0.45963403582572937
1566 1443 0.38709163665771484
1567 1490 0.5842618942260742
1568 1421 0.49778881669044495
1569 1411 0.4425559341907501
1570 1412 0.29260367155075073
1573 1394 0.33611416816711426
1575 1417 0.4298728108406067
1577 1419 0.32277607917785645
1578 1455 0.33245915174484253
1579 1423 0.40700623393058777
1580 1424 0.2999856770038605
1581 1484 0.3318025469779968
1583 1496 0.2983096241950989
1584 1488 0.3926560878753662
1585 1439 0.4823943078517914
1587 1444 0.5583536624908447
1588 1422 0.3183749318122864
1589 1556 0.36954477429389954
1590 1461 0.4325045645236969
1591 1448 0.33485105633735657
1592 1481 0.3376656472682953
1593 1482 0.44075870513916016
1596 1485 0.33118924498558044
1597 1507 0.44536641240119934
1599 1487 0.4307403266429901
1600 1495 0.4119201898574829
1601 1433 0.4477013349533081
1602 1464 0.3247837722301483
1603 1446 0.29321208596229553
1606 1470 0.30951061844825745
1608 1509 0.35036444664001465
1609 1454 0.42089909315109253
1610 1467 0.3780374228954315
1611 1492 0.4762793481349945
1612 1447 0.270308256149292
1615 1334 0.31307780742645264
1616 1493 0.6259845495223999
1617 1518 0.364089697599411
1619 1489 0.32283735275268555
1620 1477 0.34925487637519836
1622 1456 0.4540651738643646
1624 1460 0.3762412369251251
1626 1512 0.44114094972610474
1628 1513 0.39425230026245117
1629 1483 0.39252543449401855
1630 1514 0.5981919765472412
1631 1515 0.25586122274398804
1632 1541 0.3732759356498718
1633 1521 0.26702457666397095
1634 1499 0.3328544497489929
1635 1500 0.6254314184188843
1636 1479 0.29238221049308777
1638 1505 0.2853067219257355
1639 1602 0.2766564190387726
1642 1528 0.325012743473053
1643 1529 0.3377133011817932
1644 1501 0.44426730275154114
1645 1503 0.5564782023429871
1646 1468 0.3278431296348572
1647 1401 0.469571053981781
1649 1402 0.321912556886673
1651 1506 0.9804328680038452
1652 1516 0.3063560724258423
1653 1526 0.3825797140598297
1654 1540 0.4549042880535126
1655 1633 0.39610838890075684
1656 1510 0.2821487784385681
1658 1523 0.34764784574508667
1660 1558 0.5729278922080994
1661 1549 0.38377538323402405
1662 1550 0.4725337028503418
1663 1551 0.3068724572658539
1664 1437 0.42023369669914246
1666 1476 0.47790640592575073
1667 1478 0.38143977522850037
1669 1525 0.3963657319545746
1670 1538 0.43020498752593994
1672 1559 0.4272012412548065
1676 1519 0.6556396484375
1678 1491 0.37636110186576843
1681 1572 0.25330057740211487
1682 1532 0.47616446018218994
1685 1581 0.51121586561203
1686 1547 0.7031136155128479
1688 1584 0.28953197598457336
1689 1585 0.33779996633529663
1690 1573 0.40939414501190186
1692 1545 0.4432148337364197
1693 1548 0.7096412777900696
1695 1586 0.44774532318115234
1697 1553 0.44404110312461853
1698 1543 0.3930637240409851
1699 1533 0.40971168875694275
1701 1520 0.51304692029953
1702 1554 0.2761213481426239
1703 1555 0.6457347273826599
1706 1563 0.4273185729980469
1709 1618 0.42784827947616577
1710 1587 0.511904239654541
1711 1620 0.38468191027641296
1712 1565 0.68642657995224
1713 1480 0.5057966113090515
1714 1630 0.37712350487709045
1715 1645 0.38140666484832764
1716 1590 0.39869996905326843
1717 1591 0.3778863847255707
1719 1592 0.4284284710884094
1720 1582 0.3928707242012024
1722 1606 0.2953342795372009
1723 1649 0.30896857380867004
1725 1575 0.47125157713890076
1726 1560 0.46333664655685425
1728 1562 0.4677497148513794
1729 1564 0.5491533279418945
1730 1566 0.3781917691230774
1731 1567 0.34310972690582275
1732 1598 0.3109164535999298
1733 1544 0.45634907484054565
1736 1616 0.39194899797439575
1737 1595 0.39720088243484497
1738 1588 0.8832647800445557
1739 1597 0.3169208765029907
1741 1632 0.39538225531578064
1742 1542 0.3294556736946106
1743 1619 0.5083354115486145
1744 1621 0.43360063433647156
1747 1628 0.38082659244537354
1748 1599 0.8502581715583801
1750 1646 0.363294392824173
1751 1631 0.36359524726867676
1753 1603 0.3585359454154968
1754 1604 0.37936320900917053
1755 1648 0.44929802417755127
1756 1670 0.6336389780044556
1757 1593 0.6159029603004456
1758 1656 0.30044350028038025
1759 1610 0.3899141252040863
1760 1654 0.3846232295036316
1761 1667 0.6210047006607056
1763 1669 0.832770049571991
1764 1663 0.4006468951702118
1765 1634 0.31507834792137146
1766 1650 0.33892032504081726
1769 1652 0.4476530849933624
1770 1653 0.2665117084980011
1773 1668 0.5496568083763123
1774 1622 0.5561084151268005
1775 1636 0.4338264763355255
1776 1609 0.4977608025074005
1777 1640 0.3129270672798157
1779 1659 0.3323405981063843
1780 1629 0.2729174494743347
1781 1687 0.4582242965698242
1782 1722 0.4204152822494507
1783 1689 0.3458918035030365
1785 1678 0.3010004460811615
1787 1624 0.6715795397758484
1788 1639 0.4703172445297241
1789 1569 0.27791622281074524
1790 1716 0.49748745560646057
1791 1700 0.6500078439712524
1792 1723 0.4174814522266388
1795 1651 0.5283946990966797
1796 1635 0.40917128324508667
1797 1664 0.2672719657421112
1798 1625 0.4717421531677246
1799 1637 0.5604823231697083
1800 1627 0.3890049159526825
1801 1642 0.43150094151496887
1803 1674 0.2710716128349304
1805 1600 0.30714476108551025
1806 1675 0.4052014648914337
1807 1715 0.3850584924221039
1808 1720 0.4608779847621918
1809 1702 0.37061381340026855
1811 1673 0.590851366519928
1813 1684 0.2767699062824249
1814 1660 0.2913200855255127
1815 1661 0.2915229797363281
1816 1580 0.31235459446907043
1819 1688 0.4300380349159241
1820 1769 0.43791088461875916
1821 1677 0.3366605043411255
1822 1721 0.3144773542881012
1823 1757 0.28110507130622864
1824 1725 0.2694275677204132
1825 1672 0.3497868776321411
1826 1705 0.3704533874988556
1827 1665 0.3759976923465729
1829 1714 0.5296489000320435
1830 1647 0.2811262607574463
1831 1658 0.34290003776550293
1833 1666 0.3099256157875061
1834 1698 0.5091097354888916
1835 1770 0.4374141991138458
1836 1657 0.30760321021080017
1837 1750 0.32684382796287537
1840 1696 0.4769607186317444
1842 1601 0.4013115167617798
1844 1613 0.27840617299079895
1845 1738 0.5720325112342834
1848 1685 0.3244311809539795
1849 1686 0.39711111783981323
1850 1708 0.2647634744644165
1852 1615 0.5181143283843994
1853 1754 0.48020488023757935
1854 1756 0.3966901898384094
1855 1694 0.4698353409767151
1856 1683 0.313193678855896
1857 1735 0.3978487551212311
1861 1701 0.6204671859741211
1862 1727 0.9232071042060852
1863 1729 0.5577341914176941
1864 1733 0.4768356382846832
1865 1749 0.6088981628417969
1866 1736 0.3778218924999237
1867 1751 0.49116429686546326
1868 1737 0.44975847005844116
1869 1752 0.39710351824760437
1871 1719 0.29844990372657776
1873 1821 0.2895667552947998
1876 1693 0.3023797571659088
1877 1746 0.2686370611190796
1878 1731 0.49132639169692993
1879 1753 0.39311131834983826
1880 1806 0.7516708970069885
1881 1832 0.5794492363929749
1882 1745 0.392973393201828
1883 1732 0.491188645362854
1888 1766 0.37146908044815063
1889 1767 0.4571339786052704
1890 1739 0.26797589659690857
1892 1822 0.5179201364517212
1893 1823 0.41928014159202576
1894 1824 0.2851269245147705
1895 1825 0.3658317029476166
1896 1773 0.3759976923465729
1898 1775 0.4559723436832428
1900 1785 0.5761809945106506
1901 1786 0.2840142548084259
1902 1804 0.5010819435119629
1904 1844 0.31411677598953247
1905 1845 0.48787540197372437
1906 1846 0.4302751421928406
1907 1847 0.48147326707839966
1908 1771 0.25428614020347595
1910 1781 0.3619743287563324
1914 1871 0.35613277554512024
1915 1814 0.5068666934967041
1917 1829 0.3349679410457611
1918 1787 0.32500097155570984
1920 1854 0.3483504056930542
1921 1856 0.3890293836593628
1922 1857 0.3735857605934143
1923 1882 0.39398694038391113
1925 1796 0.7213866114616394
1926 1797 0.46965837478637695
1928 1800 0.47510167956352234
1929 1784 0.3799062967300415
1930 1776 0.29136982560157776
1931 1869 0.3040549159049988
1933 1870 0.3843485713005066
1937 1815 0.502956748008728
1938 1816 0.3377683758735657
1939 1798 0.2899351119995117
1940 1799 0.5717723965644836
1941 1817 0.42049989104270935
1942 1818 0.41223299503326416
1943 1803 0.3252372443675995
1945 1840 0.3590036630630493
1947 1717 0.2850915789604187
1948 1910 0.5108523368835449
1950 1833 0.45884788036346436
1951 1827 0.4025208353996277
1954 1868 0.36299172043800354
1955 1842 0.282484233379364
1956 1922 0.3393750786781311
1957 1911 0.7543178796768188
1958 1828 0.40584346652030945
1961 1764 0.29636552929878235
1962 1765 0.349054753780365
1963 1802 0.3809460997581482
1964 1841 0.2980465888977051
1965 1905 0.36907246708869934
1966 1906 0.33119428157806396
1967 1907 0.323758602142334
1968 1923 0.3955734670162201
1969 1912 0.5344294905662537
1970 1892 0.3830663561820984
1971 1862 0.8794832229614258
1972 1834 0.2718249261379242
1975 1850 0.4385553300380707
1976 1819 0.46637603640556335
1978 1881 0.37975016236305237
1979 1936 0.3160950243473053
1980 1889 0.3011385500431061
1981 1908 0.30908262729644775
1982 1955 0.25787609815597534
1985 1849 0.3072238564491272
1987 1865 0.4201775789260864
1988 1878 0.6089568138122559
1990 1880 0.7403505444526672
1991 1843 0.4598492980003357
1992 1921 0.3111594021320343
1994 1863 0.3627297580242157
1995 1864 0.33586040139198303
1997 1890 0.3433001935482025
1999 1820 0.45506396889686584
2001 1924 0.322032630443573
2002 1956 0.3161773383617401
2003 1970 0.5115587711334229
2004 1937 0.3286444842815399
2005 1875 0.2522735893726349
2007 1885 0.3042544722557068
2008 1876 0.5485472083091736
2012 1945 0.3808887004852295
2013 1953 0.634514570236206
2014 1872 0.3383112847805023
2015 1873 0.337651789188385
2016 1861 0.4794260561466217
2018 1901 0.3898472189903259
2019 1884 0.30558863282203674
2020 1877 0.3033311367034912
2021 1902 0.39719444513320923
2023 2018 0.32236170768737793
2024 1904 0.5855638384819031
2025 1944 0.344954252243042
2026 1946 0.27831485867500305
2028 1917 0.32761308550834656
2029 1899 0.27901753783226013
2030 1933 0.43974390625953674
2033 1920 0.40985238552093506
2036 1900 0.27316951751708984
2038 2025 0.46689093112945557
2039 1938 0.30619922280311584
2040 1914 0.43559005856513977
2041 1916 0.3275565505027771
2042 1929 0.2504866123199463
2043 1930 0.36433181166648865
2048 1966 0.6665763854980469
2050 1943 0.38744619488716125
2052 1991 0.35731974244117737
2053 2006 0.6302027106285095
2054 2007 0.3797769844532013
2056 1927 0.3498772978782654
2058 1949 0.4100900888442993
2064 1934 0.4205215275287628
2065 1935 0.5641358494758606
2066 1952 0.4204052686691284
2067 1967 0.45875075459480286
2068 2002 0.569139301776886
2069 2026 0.4376875162124634
2072 1928 0.2799966037273407
2073 1980 0.4542267322540283
2074 1950 0.46347540616989136
2075 2020 0.3496488034725189
2076 2050 0.3429834246635437
2077 2023 0.5243256688117981
2078 2024 0.47257381677627563
2079 2038 0.3037865161895752
2080 2039 0.37038061022758484
2082 1963 0.3909686505794525
2083 1951 0.6288842558860779
2084 1965 0.29930785298347473
2086 1999 0.4598168730735779
2087 2051 0.3817552924156189
2088 2003 0.3984600901603699
2089 2040 0.612065315246582
2090 1960 0.3529861271381378
2093 1964 0.4724363684654236
2094 1989 0.39473801851272583
2095 1990 0.4474789500236511
2096 2021 0.3727092742919922
2099 2027 0.35674092173576355
2101 1958 0.28940027952194214
2103 1979 0.284498393535614
2104 1985 0.4734015464782715
2105 2014 0.5532461404800415
2106 1998 0.43467751145362854
2107 2015 0.42215412855148315
2109 1986 0.4269120693206787
2110 1987 0.462820827960968
2112 2072 0.3930164873600006
2113 1993 0.31611913442611694
2114 1976 0.6206944584846497
2115 1977 0.3983434736728668
2116 1983 0.34409406781196594
2117 1997 0.3044808804988861
2118 2017 0.5016202926635742
2119 2059 0.3440166413784027
2120 2079 0.31422194838523865
2126 2016 0.6694291234016418
2128 2037 0.3281916081905365
2130 2080 0.4010421931743622
2131 2081 0.43246084451675415
2132 2054 0.46148183941841125
2138 1973 0.2671988308429718
2139 2029 0.3172172009944916
2140 2030 0.32234203815460205
2142 1995 0.26054710149765015
2143 1996 0.272794634103775
2145 2034 0.543724775314331
2146 2035 0.37717387080192566
2147 2061 0.3954135477542877
2148 2048 0.4077654182910919
2149 2049 0.42755380272865295
2150 2089 0.5148850083351135
2152 2090 0.5432142615318298
2155 2010 0.9030672311782837
2157 2012 0.284588485956192
2158 2028 0.31705841422080994
2159 2031 0.3073715567588806
2160 2013 0.3315083980560303
2162 2044 0.4225589334964752
2164 2045 0.6816800236701965
2166 2058 0.4967559278011322
2167 2086 0.2993049919605255
2168 2060 0.5037569999694824
2169 2046 0.4833051562309265
2170 2116 0.27886828780174255
2176 2042 0.3067150413990021
2177 2032 0.4146578907966614
2178 2033 0.3541092276573181
2179 2036 0.39261341094970703
2180 2114 0.31167706847190857
2182 2052 0.47074174880981445
2184 2105 0.6696889996528625
2185 2135 0.5253622531890869
2186 2127 0.47386226058006287
2190 2041 0.258942186832428
2192 2083 0.27538764476776123
2193 2066 0.30100131034851074
2197 2078 0.5082316398620605
2198 2125 0.5684888362884521
2207 2055 0.2882178723812103
2208 2065 0.3236697018146515
2209 2056 0.29964229464530945
2210 2102 0.3949722349643707
2211 2069 0.5105795860290527
2212 2147 0.32071566581726074
2217 2068 0.4710453152656555
2219 2088 0.45543041825294495
2221 2117 0.460694283246994
2224 2074 0.2869778871536255
2226 2075 0.279918909072876
2227 2076 0.3035449981689453
2228 2093 0.5038304924964905
2229 2098 0.6172995567321777
2230 2099 0.4398101568222046
2231 2100 0.5014586448669434
2232 2084 0.7445258498191833
2233 2111 0.5438580513000488
2234 2067 0.493594765663147
2235 2122 0.4820733070373535
2236 2094 0.3766896724700928
2237 2095 0.3537629246711731
2238 2096 0.2867054045200348
2240 2085 0.5161022543907166
2242 2123 0.38184231519699097
2243 2170 0.44736117124557495
2244 2187 0.37268227338790894
2245 2109 0.9602856636047363
2246 2097 0.34062764048576355
2247 2101 0.4023473560810089
2248 2104 0.4835679531097412
2249 2144 0.4600962698459625
2250 2115 0.3353281617164612
2251 2124 0.4475988745689392
2253 2185 0.383295476436615
2254 2186 0.38130083680152893
2255 2148 0.5736129283905029
2256 2092 0.38478943705558777
2257 2108 0.34989163279533386
2258 2110 0.349804550409317
2259 2140 0.499228835105896
2260 2131 0.2915568947792053
2261 2103 0.3227289915084839
2262 2205 0.6066243648529053
2263 2130 0.6643069982528687
2264 2132 0.32119375467300415
2265 2155 0.3700120151042938
2266 2112 0.6419076919555664
2267 2113 0.5116055607795715
2268 2213 0.29803550243377686
2269 2217 0.4732886850833893
2271 2206 0.3982093930244446
2272 2159 0.39607101678848267
2273 2091 0.8193034529685974
2274 2128 0.3415524363517761
2275 2134 0.7667405009269714
2277 2157 0.6377456188201904
2278 2158 0.4232025742530823
2279 2203 0.3683772683143616
2280 2204 0.37068238854408264
2281 2215 0.4616319537162781
2282 2218 0.3972107172012329
2283 2107 0.4631563723087311
2285 2139 0.511297345161438
2286 2162 0.34143519401550293
2287 2119 0.4411485195159912
2288 2129 0.48516204953193665
2289 2120 0.4371393620967865
2291 2133 0.3264709413051605
2292 2182 0.41700753569602966
2293 2202 0.3180026113986969
2295 2254 0.7597238421440125
2296 2244 0.38087198138237
2298 2163 0.6942543983459473
2300 2164 0.46871650218963623
2301 2165 0.4223566949367523
2303 2143 0.3748544752597809
2304 2214 0.48284628987312317
2307 2255 0.5094457864761353
2308 2243 0.30376940965652466
2310 2168 0.25275376439094543
2312 2179 0.5791603326797485
2313 2156 0.30552977323532104
2314 2200 0.5743168592453003
2315 2228 0.37012672424316406
2316 2252 0.5141715407371521
2317 2253 0.44967612624168396
2318 2242 0.3472488820552826
2319 2256 0.4701087176799774
2321 2176 0.2969219982624054
2324 2166 0.48492753505706787
2327 2251 0.4890064001083374
2328 2269 0.5504578351974487
2330 2289 0.361477255821228
2332 2229 0.3600185215473175
2333 2194 0.5937338471412659
2336 2294 0.5441101789474487
2337 2197 0.3334161341190338
2338 2226 0.3430383801460266
2339 2241 0.44147175550460815
2340 2290 0.4214489758014679
2341 2271 0.4794219434261322
2342 2195 0.44109171628952026
2343 2196 0.47216206789016724
2344 2263 0.35485905408859253
2345 2212 0.2992302179336548
2346 2178 0.36874666810035706
2348 2180 0.45325830578804016
2349 2265 0.33129221200942993
2350 2238 0.44002288579940796
2351 2240 0.3536195755004883
2352 2288 0.25634971261024475
2353 2296 0.44252216815948486
2354 2310 0.41423457860946655
2355 2174 0.32824981212615967
2358 2209 0.32703059911727905
2359 2235 0.5508506298065186
2360 2236 0.6123887896537781
2362 2210 0.4644811749458313
2363 2177 0.437299907207489
2364 2183 0.3767640292644501
2365 2239 0.39755597710609436
2366 2309 0.2574296295642853
2367 2297 0.38223105669021606
2369 2262 0.3603854179382324
2371 2237 0.3223211467266083
2372 2198 0.47515785694122314
2373 2199 0.6813264489173889
2374 2267 0.5125603079795837
2375 2334 0.44192710518836975
2376 2298 0.5203545093536377
2377 2220 0.2942098081111908
2380 2211 0.3460465371608734
2381 2221 0.5578150153160095
2382 2223 0.5510166883468628
2383 2224 0.43437790870666504
2385 2307 0.29854100942611694
2386 2281 0.4416595697402954
2388 2326 0.3285861909389496
2391 2248 0.4042195975780487
2392 2292 0.4880261719226837
2393 2250 0.4669915437698364
2394 2227 0.5219996571540833
2395 2363 0.32698288559913635
2396 2341 0.6247220039367676
2397 2311 0.38702890276908875
2398 2247 0.32494238018989563
2399 2259 0.42071086168289185
2400 2260 0.5004982948303223
2401 2277 0.2702871263027191
2404 2279 0.43732327222824097
2405 2264 0.3254814147949219
2406 2323 0.4335448145866394
2408 2324 0.4452313780784607
2409 2283 0.41900354623794556
2410 2284 0.6126370429992676
2411 2285 0.4493545889854431
2412 2355 0.39691460132598877
2414 2301 0.3611416220664978
2415 2280 0.3644551634788513
2416 2306 0.3587302267551422
2417 2308 0.3660889267921448
2418 2317 0.36082834005355835
2419 2333 0.5045502781867981
2422 2325 0.3576224744319916
2424 2364 0.45702850818634033
2425 2370 0.45147743821144104
2427 2258 0.5123071670532227
2428 2276 0.6113582849502563
2429 2300 0.5693613290786743
2431 2315 0.2886178195476532
2432 2318 0.392581582069397
2433 2302 0.4649389684200287
2434 2319 0.46148359775543213
2436 2305 0.3751913905143738
2439 2351 0.5431914925575256
2440 2381 0.49949172139167786
2441 2371 0.40422266721725464
2442 2382 0.4717070460319519
2444 2356 0.2792121171951294
2445 2366 0.3784739077091217
2447 2331 0.4455903172492981
2449 2350 0.3324201703071594
2452 2367 0.27871328592300415
2454 2316 0.484291136264801
2455 2330 0.5821905732154846
2456 2338 0.43240639567375183
2457 2339 0.805243194103241
2458 2295 0.5975556373596191
2459 2321 0.2724088430404663
2460 2362 0.4172116219997406
2461 2352 0.420963317155838
2462 2380 0.5824176669120789
2463 2383 0.6779806017875671
2464 2392 0.6809263229370117
2465 2384 0.4922221601009369
2466 2354 0.521336019039154
2468 2344 0.4737389087677002
2469 2346 0.385421484708786
2470 2347 0.4958953857421875
2471 2304 0.2807348370552063
2477 2393 0.3761945962905884
2478 2394 0.30813169479370117
2479 2387 0.3900710940361023
2482 2395 0.34977987408638
2483 2385 0.43060025572776794
2485 2348 0.31809118390083313
2486 2360 0.519700825214386
2487 2376 0.6091758012771606
2488 2377 0.6102701425552368
2491 2415 0.3071843087673187
2493 2399 0.3906242847442627
2494 2400 0.3971914052963257
2497 2343 0.9719221591949463
2498 2336 0.38091519474983215
2499 2374 0.3972853422164917
2502 2340 0.3498796224594116
2503 2379 0.44025248289108276
2504 2428 0.5491360425949097
2505 2429 0.4094480276107788
2506 2430 0.42378175258636475
2510 2375 0.47222962975502014
2511 2461 0.627820611000061
2512 2454 0.7395756840705872
2513 2420 0.4324682652950287
2514 2446 0.32219237089157104
2515 2358 0.41112977266311646
2516 2359 0.5099260210990906
2520 2368 0.4113744795322418
2523 2442 0.3730510175228119
2524 2443 0.37063711881637573
2525 2453 0.4063957631587982
2526 2445 0.4816133379936218
2527 2421 0.3244157135486603
2528 2365 0.3487556278705597
2530 2398 0.31038081645965576
2531 2444 0.4770253002643585
2532 2419 0.3457753658294678
2534 2396 0.29524922370910645
2535 2397 0.3713100254535675
2538 2480 0.40874889492988586
2539 2372 0.3081175982952118
2540 2373 0.33714309334754944
2542 2404 0.2774215638637543
2543 2388 0.3782913088798523
2544 2332 0.5199368000030518
2545 2405 0.9082373380661011
2546 2412 0.37578582763671875
2547 2427 0.7525036334991455
2549 2477 0.5218204855918884
2550 2478 0.32120969891548157
2551 2386 0.46883586049079895
2552 2417 0.9057168364524841
2553 2403 0.4490136206150055
2554 2406 0.4950562119483948
2555 2407 0.40585777163505554
2556 2408 0.38223323225975037
2557 2409 0.5005298256874084
2558 2413 0.3161625564098358
2559 2426 0.2918044626712799
2561 2460 0.4738432765007019
2562 2479 0.27060848474502563
2563 2423 0.39453890919685364
2566 2410 0.4613696336746216
2567 2411 0.4835969805717468
2569 2489 0.48209354281425476
2570 2497 0.4640791416168213
2571 2499 0.5073822140693665
2572 2500 0.45476505160331726
2573 2490 0.4858523905277252
2574 2501 0.425593763589859
2576 2401 0.28748929500579834
2578 2422 0.5084726214408875
2579 2425 0.3693576753139496
2581 2459 0.7262974977493286
2582 2474 0.44503864645957947
2584 2511 0.3829202651977539
2586 2522 0.507976770401001
2587 2514 0.2737847566604614
2588 2435 0.338410347700119
2589 2438 0.49916836619377136
2590 2440 0.3648359477519989
2592 2512 0.2697834074497223
2593 2530 0.3526405692100525
2594 2561 0.3399464786052704
2596 2416 0.31336817145347595
2597 2433 0.5777580142021179
2600 2424 0.2779559791088104
2602 2436 0.4360106587409973
2603 2437 0.39076921343803406
2604 2475 0.44107407331466675
2605 2488 0.37764033675193787
2606 2476 0.6648558378219604
2607 2544 0.3802368640899658
2610 2434 0.40653684735298157
2611 2455 0.35564133524894714
2612 2449 0.4338885247707367
2613 2452 0.38413384556770325
2614 2473 0.3611447215080261
2616 2487 0.4653506278991699
2617 2495 0.4378737211227417
2619 2523 0.6969676613807678
2620 2431 0.41961297392845154
2621 2432 0.5103006362915039
2622 2458 0.4444003403186798
2623 2450 0.5744494199752808
2624 2451 0.5644878149032593
2625 2521 0.3286592364311218
2626 2493 0.40587908029556274
2627 2494 0.5152440667152405
2628 2579 0.25548645853996277
2629 2562 0.5147151350975037
2631 2448 0.46383002400398254
2632 2484 0.5373702049255371
2633 2485 0.3995560109615326
2636 2470 0.35690832138061523
2637 2456 0.25637978315353394
2638 2560 0.35421156883239746
2639 2467 0.44638779759407043
2640 2468 0.4145740568637848
2641 2469 0.34409603476524353
2643 2491 0.4475988745689392
2644 2486 0.4245624542236328
2645 2472 0.3008560836315155
2646 2527 0.393897145986557
2647 2542 0.302737832069397
2648 2529 0.3333096504211426
2649 2588 0.3772699236869812
2650 2463 0.30697256326675415
2651 2465 0.516399621963501
2653 2528 0.5552303194999695
2657 2563 0.26919025182724
2658 2505 0.3957194983959198
2659 2506 0.31137460470199585
2660 2507 0.5326359272003174
2662 2586 0.4166017174720764
2664 2503 0.3552267849445343
2665 2504 0.25734665989875793
2667 2518 0.7973417639732361
2668 2508 0.3403175473213196
2669 2525 0.28420063853263855
2670 2526 0.5947153568267822
2673 2576 0.36054661870002747
2675 2594 0.5274356007575989
2679 2631 0.6336051225662231
2680 2619 0.4322270452976227
2682 2550 0.35771116614341736
2683 2536 0.602308988571167
2684 2537 0.346514493227005
2685 2519 0.41203370690345764
2686 2520 0.27504539489746094
2687 2540 0.32781997323036194
2688 2575 0.40633606910705566
2689 2627 0.9792975187301636
2690 2617 0.330043762922287
2691 2606 0.3149626851081848
2692 2618 0.40264829993247986
2695 2517 0.47002848982810974
2696 2535 0.4539772868156433
2697 2551 0.42553287744522095
2698 2524 0.3171391487121582
2701 2587 0.3856145143508911
2702 2502 0.34908372163772583
2704 2516 0.3024149239063263
2705 2552 0.6202465295791626
2706 2553 0.7510303258895874
2707 2554 0.7688140869140625
2708 2538 0.52713942527771
2710 2572 0.27062293887138367
2711 2584 0.3309391736984253
2715 2603 0.5848544836044312
2717 2604 0.309330016374588
2718 2614 0.521359384059906
2719 2628 0.7290615439414978
2720 2643 0.43848130106925964
2721 2630 0.4373099207878113
2722 2616 0.33486127853393555
2723 2644 0.35990145802497864
2724 2590 0.36793068051338196
2725 2556 0.3954229950904846
2729 2626 0.4774162471294403
2732 2629 0.5094181299209595
2733 2549 0.3794804513454437
2734 2591 0.27893078327178955
2735 2592 0.49441924691200256
2736 2581 0.4540253281593323
2737 2566 0.6624091267585754
2738 2567 0.4467889964580536
2739 2568 0.40380769968032837
2740 2569 0.4174082279205322
2743 2611 0.37499892711639404
2744 2612 0.3619077205657959
2745 2613 0.4847166836261749
2746 2675 0.31105467677116394
2747 2583 0.3471757173538208
2749 2624 0.40280768275260925
2750 2625 0.28915393352508545
2752 2639 0.4731966257095337
2755 2641 0.3267403542995453
2756 2642 0.32077744603157043
2757 2650 0.39502909779548645
2758 2676 0.33861857652664185
2760 2555 0.5323185324668884
2761 2593 0.35700705647468567
2762 2691 0.4071747362613678
2763 2672 0.40931451320648193
2764 2673 0.3101452887058258
2766 2632 0.39542827010154724
2767 2621 0.3077954351902008
2768 2622 0.8395617604255676
2769 2582 0.41021135449409485
2770 2571 0.4252428412437439
2771 2674 0.37771379947662354
2772 2705 0.3572321832180023
2774 2599 0.48652565479278564
2775 2637 0.2761687636375427
2776 2669 0.47237104177474976
2778 2671 0.37827616930007935
2779 2722 0.38453006744384766
2780 2692 0.2899494767189026
2782 2703 0.25465986132621765
2783 2704 0.2976764440536499
2784 2633 0.3216593861579895
2785 2668 0.886805534362793
2786 2670 0.5028253197669983
2787 2714 0.4404330551624298
2788 2608 0.4057823121547699
2789 2634 0.4846649169921875
2790 2635 0.45795783400535583
2791 2636 0.5462491512298584
2792 2646 0.2589641511440277
2793 2610 0.40637484192848206
2794 2725 0.3902433514595032
2795 2726 0.4500442147254944
2796 2715 0.5659669637680054
2797 2727 0.26788797974586487
2799 2736 0.9686520099639893
2801 2658 0.45166391134262085
2802 2647 0.3390978276729584
2804 2700 0.47400417923927307
2805 2712 0.4928036630153656
2807 2724 0.29536187648773193
2808 2738 0.30877357721328735
2809 2785 0.40768298506736755
2810 2655 0.3041047751903534
2811 2656 0.2976123094558716
2813 2667 0.29278624057769775
2814 2701 0.4455954134464264
2815 2763 0.4734494090080261
2816 2771 0.44005265831947327
2820 2657 0.281261146068573
2821 2713 0.35066327452659607
2822 2761 0.33101239800453186
2827 2681 0.4098851978778839
2828 2690 0.39014771580696106
2829 2659 0.553803563117981
2830 2660 0.3617728054523468
2831 2746 0.9204062819480896
2832 2711 0.5478246808052063
2833 2753 0.46127986907958984
2834 2762 0.30297696590423584
2836 2774 0.6239491701126099
2840 2687 0.2551054358482361
2841 2665 0.29002389311790466
2842 2688 0.4646030068397522
2843 2697 0.3228625953197479
2846 2666 0.5570277571678162
2847 2662 0.5456998348236084
2849 2750 0.40959370136260986
2850 2791 0.4095737934112549
2851 2815 0.3917767107486725
2852 2826 0.3819475471973419
2853 2772 0.4240073263645172
2854 2784 0.3609801232814789
2856 2694 0.25321531295776367
2858 2689 0.4233337640762329
2860 2648 0.9169490933418274
2861 2748 0.6232842803001404
2862 2707 0.29620587825775146
2864 2708 0.44467082619667053
2865 2783 0.4223937392234802
2868 2696 0.2754288613796234
2869 2682 0.4930410385131836
2870 2699 0.54041987657547
2872 2811 0.5262693762779236
2873 2814 0.462954580783844
2876 2718 0.4557684361934662
2877 2720 0.27584630250930786
2878 2721 0.41335731744766235
2879 2735 0.6897443532943726
2880 2752 0.3703159689903259
2881 2732 0.3247992694377899
2883 2745 0.3065130114555359
2884 2698 0.34639719128608704
2885 2710 0.3167676627635956
2886 2781 0.553046703338623
2888 2798 0.2918194830417633
2889 2822 0.411881685256958
2890 2824 0.42479169368743896
2892 2848 0.4347110986709595
2893 2817 0.38616394996643066
2894 2834 0.3302484154701233
2895 2797 0.43112868070602417
2896 2812 0.35257667303085327
2897 2813 0.4145538806915283
2899 2760 0.595172107219696
2900 2846 0.6997789144515991
2902 2780 0.3892579972743988
2903 2765 0.3276974558830261
2906 2806 0.33629435300827026
2907 2709 0.44957706332206726
2908 2747 0.3048984408378601
2909 2808 0.47681063413619995
2913 2831 0.4272623360157013
2914 2832 0.4328623116016388
2918 2858 0.8618582487106323
2919 2875 0.5173011422157288
2921 2865 0.6487970352172852
2922 2866 0.3309016227722168
2923 2769 0.8113189339637756
2924 2844 0.4131413400173187
2925 2845 0.3186565339565277
2926 2833 0.30849453806877136
2928 2877 0.4248467981815338
2929 2768 0.8546164035797119
2930 2854 0.9376649856567383
2931 2874 0.7257304191589355
2932 2878 0.4545421898365021
2933 2879 0.4430500268936157
2934 2880 0.666283369064331
2936 2794 0.3190128803253174
2938 2770 0.4119036793708801
2939 2796 0.323309987783432
2941 2842 0.2999041676521301
2942 2855 0.276091068983078
2943 2888 0.4052942395210266
2944 2857 0.265156626701355
2945 2873 0.38280415534973145
2946 2907 0.48408564925193787
2947 2859 0.4103561341762543
2948 2897 0.37299230694770813
2949 2898 0.6059507727622986
2950 2891 0.3128172755241394
2951 2886 0.32356539368629456
2952 2887 0.5108386874198914
2954 2914 0.36070242524147034
2957 2805 0.29402047395706177
2958 2767 0.39368197321891785
2961 2807 0.38312190771102905
2962 2929 0.5248014330863953
2965 2818 0.5839070677757263
2966 2819 0.3502398431301117
2968 2793 0.35506996512413025
2970 2820 0.35944321751594543
2971 2830 0.3627702295780182
2973 2885 0.3719174861907959
2974 2905 0.4539426565170288
2975 2906 0.39925357699394226
2976 2913 0.5899662375450134
2977 2916 0.4998743534088135
2978 2917 0.5795067548751831
2980 2945 0.27612873911857605
2981 2920 0.3325146436691284
2983 2828 0.38396719098091125
2986 2896 0.30157309770584106
2987 2934 0.32422518730163574
2990 2928 0.31952714920043945
2991 2837 0.318668395280838
2994 2829 0.39115697145462036
2997 2903 0.34358614683151245
2998 2841 0.32517707347869873
3000 2853 0.42603275179862976
3001 2987 0.5477097630500793
3003 2955 0.4431755244731903
3004 2930 0.41860532760620117
3006 2850 0.4599703550338745
3008 2839 0.6253204941749573
3009 2851 0.32398778200149536
3011 2939 0.444475382566452
3013 2933 0.4607342779636383
3016 2944 0.38642072677612305
3017 2861 0.45639607310295105
3018 2926 0.29212772846221924
3019 2927 0.4212271571159363
3022 2952 0.6270433068275452
3023 2954 0.4210110902786255
3024 2967 0.3609866797924042
3027 2956 0.3052918016910553
3031 2868 0.5007847547531128
3032 2869 0.4905126988887787
3034 2862 0.3253498375415802
3035 2863 0.5412136316299438
3038 2976 0.4163145422935486
3039 2953 0.39936932921409607
3040 3003 0.4612622857093811
3041 2867 0.4043518304824829
3042 2893 0.6033587455749512
3043 2870 0.40584075450897217
3046 2966 0.4587109386920929
3047 3002 0.5574220418930054
3048 3042 0.2583619952201843
3049 2881 0.44293174147605896
3050 2962 0.3693210482597351
3051 2951 0.31978994607925415
3053 2963 0.4583602249622345
3055 2975 0.4130018949508667
3056 3011 0.30454710125923157
3057 2986 0.40468940138816833
3058 3022 0.3256307542324066
3059 2978 0.29348206520080566
3060 2988 0.2651078402996063
3061 3004 0.43037980794906616
3062 2901 0.9728847146034241
3063 2922 0.29087314009666443
3065 2895 0.36007896065711975
3067 2973 0.4616777300834656
3068 2974 0.4347807466983795
3070 3020 0.37880611419677734
3071 2902 0.5728519558906555
3072 2882 0.4758312404155731
3074 3000 0.3478355407714844
3075 3001 0.30526620149612427
3077 3012 0.7144047617912292
3078 3021 0.380621075630188
3079 3051 0.3538202941417694
3080 2908 0.43385544419288635
3081 2904 0.42125648260116577
3082 2925 0.515080988407135
3083 3018 0.3446855843067169
3084 3040 0.33143314719200134
3087 3013 0.38065990805625916
3088 3023 0.3401309847831726
3090 2923 0.3231133222579956
3091 2924 0.29271310567855835
3093 2999 0.7305697798728943
3094 3008 0.744033932685852
3095 3009 0.5166611671447754
3096 3010 0.6779935359954834
3097 3030 0.3129649758338928
3098 3031 0.3574366569519043
3099 3043 0.4391513168811798
3100 2961 0.4036383032798767
3101 3019 0.43609297275543213
3102 3041 0.47887223958969116
3103 3050 0.5781614780426025
3104 2960 0.5277546048164368
3106 2950 0.4196133613586426
3107 3028 0.8215246796607971
3108 3039 0.5544250011444092
3109 3049 0.457983136177063
3110 3078 0.4018706977367401
3112 2948 0.3130912482738495
3113 3058 0.41962337493896484
3115 3111 0.45467832684516907
3116 3070 0.4803248643875122
3117 3071 0.5476674437522888
3118 2957 0.4847453534603119
3119 2959 0.3639053702354431
3120 2949 0.43825763463974
3121 3048 0.3801831901073456
3122 3068 0.6081628799438477
3123 3069 0.6369384527206421
3124 2958 0.604888379573822
3125 2981 0.2797118127346039
3126 2938 0.27536505460739136
3127 2984 0.43183112144470215
3128 3067 0.630194902420044
3129 3094 0.6015695929527283
3130 2980 0.6205914616584778
3131 3055 0.4402151107788086
3132 2982 0.47022128105163574
3135 3089 0.48389777541160583
3136 3079 0.27934715151786804
3137 2991 0.4477824866771698
3139 2996 0.3470800220966339
3140 2983 0.5024998188018799
3141 3007 0.49622467160224915
3142 3077 0.47965335845947266
3143 2992 0.6035999059677124
3144 3014 0.2818177342414856
3147 2997 0.28766563534736633
3148 3109 0.7016386389732361
3149 3088 0.8356037735939026
3150 3110 0.330787718296051
3151 3127 0.5596154928207397
3152 3120 0.3868805468082428
3156 3106 0.763384222984314
3157 3107 0.6020999550819397
3162 2994 0.5289750099182129
3163 3017 0.48737967014312744
3166 3037 0.3096558749675751
3169 3105 0.6354519724845886
3170 3119 0.6756221652030945
3171 3154 0.40699073672294617
3172 3126 0.26416268944740295
3176 3026 0.385322630405426
3177 3124 0.44555291533470154
3178 3141 0.41566669940948486
3179 3158 0.39028429985046387
3180 3054 0.32766714692115784
3183 3025 0.5660635828971863
3184 3047 0.3575648367404938
3185 3065 0.3040030002593994
3186 3092 0.4158387780189514
3187 3133 0.3607182502746582
3189 3153 0.5595871806144714
3190 3156 0.41419705748558044
3191 3169 0.3535490930080414
3192 3064 0.3911055028438568
3193 3056 0.3262048363685608
3194 3057 0.8100169897079468
3196 3066 0.35164886713027954
3197 3194 0.4747311770915985
3198 3167 0.485895037651062
3199 3159 0.34255748987197876
3200 3160 0.26840710639953613
3201 3170 0.30782684683799744
3202 3190 0.3211349546909332
3203 3063 0.31490591168403625
3205 3091 0.5055410265922546
3207 3140 0.6339569091796875
3208 3152 0.4320840537548065
3211 3172 0.3949179947376251
3212 3191 0.5249680876731873
3213 3082 0.3408847153186798
3214 3074 0.4295138120651245
3216 3076 0.4209010899066925
3217 3164 0.29320594668388367
3218 3187 0.7146922945976257
3219 3177 0.5592036247253418
3221 3189 0.38081932067871094
3223 3086 0.36721834540367126
3224 3117 0.5432303547859192
3225 3196 0.5959877371788025
3228 3188 0.28647884726524353
3229 3179 0.26588767766952515
3230 3099 0.47396937012672424
3231 3090 0.33751240372657776
3232 3165 0.2726929187774658
3233 3176 0.5456670522689819
3235 3186 0.4424002170562744
3237 3178 0.2824890911579132
3238 3210 0.42757418751716614
3239 3113 0.3953792452812195
3240 3100 0.35383376479148865
3242 3103 0.35623571276664734
3244 3104 0.3741651475429535
3245 3149 0.3651973009109497
3246 3185 0.41040661931037903
3247 3101 0.472714900970459
3248 3102 0.47161710262298584
3249 3193 0.7339945435523987
3250 3239 0.4277364909648895
3251 3123 0.2786223888397217
3252 3151 0.3131921887397766
3254 3195 0.48873692750930786
3255 3213 0.446845680475235
3257 3209 0.3435753285884857
3259 3215 0.5329321622848511
3260 3243 0.3651729226112366
3263 3114 0.4632743299007416
3266 3150 0.5916498303413391
3267 3227 0.47542300820350647
3268 3228 0.34974318742752075
3269 3241 0.33779576420783997
3270 3262 0.5076203346252441
3272 3132 0.278348833322525
3275 3274 0.3157476484775543
3276 3148 0.47075343132019043
3277 3116 0.5430930852890015
3278 3182 0.4036533236503601
3280 3205 0.34604719281196594
3282 3260 0.4790005683898926
3284 3253 0.25173234939575195
3285 3147 0.42832717299461365
3286 3207 0.3255953788757324
3287 3201 0.39096081256866455
3289 3272 0.3624151051044464
3291 3276 0.43235114216804504
3292 3162 0.4094027280807495
3295 3206 0.2598668932914734
3296 3298 0.36942988634109497
3297 3273 0.4890059232711792
3300 3200 0.3497054874897003
3301 3223 0.6266356110572815
3302 3224 0.5623975396156311
3303 3238 0.4258077144622803
3304 3212 0.5722960829734802
3305 3284 0.32465648651123047
3306 3173 0.4218703806400299
3307 3139 0.8160368800163269
3310 3220 0.32440951466560364
3311 3221 0.32657524943351746
3312 3226 0.3785630762577057
3313 3237 0.561837375164032
3315 3282 0.3705480694770813
3316 3296 0.27133774757385254
3317 3259 0.517784833908081
3318 3252 0.5733547806739807
3319 3203 0.3778780996799469
3323 3270 0.3883369565010071
3325 3329 0.31660759449005127
3328 3251 0.6814849972724915
3329 3271 0.4026736319065094
3330 3306 0.46277138590812683
3331 3316 0.3917867839336395
3333 3317 0.36539342999458313
3334 3331 0.45521676540374756
3336 3333 0.3231925368309021
3337 3180 0.47914814949035645
3338 3171 0.7264304757118225
3339 3211 0.42071568965911865
3343 3249 0.4300852119922638
3344 3295 0.43515118956565857
3345 3307 0.2920204997062683
3346 3289 0.42603883147239685
3347 3297 0.31498971581459045
3348 3283 0.46971750259399414
3349 3318 0.5751708149909973
3350 3330 0.6952953338623047
3351 3199 0.34939080476760864
3352 3204 0.42092397809028625
3353 3294 0.5201252698898315
3354 3218 0.3209463655948639
3355 3265 0.36789804697036743
3356 3250 0.5506316423416138
3357 3236 0.4450666606426239
3359 3340 0.38011467456817627
3360 3332 0.3442342281341553
3361 3202 0.49195748567581177
3363 3248 0.3746686279773712
3364 3234 0.37754887342453003
3365 3313 0.36652281880378723
3367 3328 0.39729559421539307
3368 3314 0.5260105133056641
3371 3346 0.3589838147163391
3372 3315 0.47289028763771057
3373 3231 0.2784274220466614
3375 3281 0.344053715467453
3377 3292 0.3226822018623352
3379 3366 0.2982387840747833
3380 3367 0.30965322256088257
3382 3369 0.5546767711639404
3383 3370 0.39992618560791016
3386 3245 0.8441975712776184
3387 3230 0.3023829162120819
3388 3280 0.5569347739219666
3389 3327 0.409506231546402
3391 3403 0.4893012046813965
3392 3355 0.5931491851806641
3393 3356 0.36392202973365784
3394 3371 0.532253086566925
3395 3407 0.3967991769313812
3396 3257 0.42001092433929443
3397 3246 0.6109969019889832
3398 3232 0.2587982416152954
3399 3305 0.4055556058883667
3400 3339 0.32851287722587585
3401 3368 0.478343665599823
3402 3389 0.600372314453125
3403 3390 0.45330584049224854
3404 3391 0.6024790406227112
3405 3422 0.28459420800209045
3406 3266 0.43828481435775757
3408 3233 0.3506770133972168
3409 3311 0.3623228371143341
3410 3326 0.6526259183883667
3412 3406 0.5422893166542053
3413 3432 0.255096435546875
3414 3363 0.34539932012557983
3415 3380 0.4600743353366852
3417 3423 0.3035617768764496
3418 3264 0.33232980966567993
3419 3287 0.4220547080039978
3421 3291 0.2803362011909485
3422 3267 0.40201520919799805
3425 3438 0.4022763669490814
3426 3440 0.4254886507987976
3428 3303 0.29059281945228577
3429 3279 0.296634703874588
3430 3288 0.4889378547668457
3432 3338 0.29290634393692017
3435 3365 0.30845364928245544
3436 3404 0.6740807294845581
3437 3476 0.5288957953453064
3438 3437 0.465966135263443
3439 3430 0.6869727969169617
3440 3431 0.5557431578636169
3442 3278 0.4913231134414673
3443 3378 0.44726476073265076
3444 3379 0.452886700630188
3448 3429 0.3119940757751465
3449 3455 0.6694674491882324
3450 3456 0.40733087062835693
3451 3457 0.34652936458587646
3456 3397 0.3563947379589081
3457 3388 0.5263838768005371
3458 3399 0.3357694447040558
3459 3415 0.4226665496826172
3461 3436 0.4575352370738983
3462 3481 0.7557003498077393
3463 3482 0.38781365752220154
3464 3293 0.3990328013896942
3466 3387 0.4710201621055603
3469 3414 0.3259635269641876
3470 3401 0.3195923864841461
3473 3479 0.3521106243133545
3474 3480 0.28431615233421326
3475 3494 0.3469529449939728
3476 3301 0.3519454598426819
3477 3354 0.44313284754753113
3478 3464 0.43438372015953064
3479 3454 0.6766215562820435
3480 3552 0.29142236709594727
3482 3321 0.31596994400024414
3483 3302 0.30717727541923523
3484 3453 0.5142205953598022
3487 3493 0.38646531105041504
3489 3477 0.6821104884147644
3491 3386 0.4290802478790283
3492 3427 0.2762959897518158
3493 3450 0.28271979093551636
3494 3451 0.3514024615287781
3496 3518 0.3194391131401062
3497 3319 0.3261348605155945
3500 3385 0.3328884243965149
3501 3345 0.3672778904438019
3502 3452 0.6553564667701721
3507 3421 0.3561246395111084
3508 3474 0.6033858060836792
3509 3515 0.38042184710502625
3510 3516 0.4919983148574829
3511 3517 0.501166045665741
3512 3571 0.3928351402282715
3513 3536 0.6497220993041992
3514 3351 0.4569256603717804
3515 3362 0.3607746660709381
3516 3491 0.2613828182220459
3517 3473 0.47791004180908203
3519 3554 0.43232887983322144
3520 3395 0.3130784034729004
3521 3334 0.3850989043712616
3523 3360 0.389359712600708
3524 3396 0.5232976078987122
3525 3419 0.31589341163635254
3526 3420 0.26419317722320557
3528 3413 0.5542706251144409
3529 3449 0.28917351365089417
3530 3492 0.36990687251091003
3532 3500 0.27408546209335327
3533 3572 0.3134635090827942
3535 3555 0.4146420657634735
3536 3574 0.7617406845092773
3537 3382 0.27545881271362305
3539 3383 0.3267478346824646
3540 3412 0.5012333989143372
3541 3490 0.38273224234580994
3542 3526 0.9851801991462708
3543 3573 0.537207305431366
3544 3553 0.3927954137325287
3549 3462 0.6323899626731873
3551 3595 0.4852842092514038
3553 3596 0.4702266454696655
3554 3528 0.2969333231449127
3555 3597 0.48836278915405273
3557 3444 0.5778753757476807
3558 3376 0.5560145378112793
3560 3448 0.4363192915916443
3561 3471 0.27896803617477417
3562 3489 0.2797403633594513
3563 3461 0.34922823309898376
3564 3525 0.25713321566581726
3565 3513 0.3117617964744568
3566 3549 0.27549874782562256
3567 3535 0.5532075762748718
3568 3570 0.380318820476532
3569 3582 0.35518577694892883
3570 3550 0.7279138565063477
3571 3583 0.2948237955570221
3572 3593 0.29701969027519226
3573 3621 0.31252771615982056
3574 3584 0.3785078227519989
3575 3409 0.2954018712043762
3577 3426 0.3745350241661072
3579 3435 0.3523642420768738
3580 3509 0.34003108739852905
3581 3512 0.3987429141998291
3582 3551 0.4646490812301636
3583 3606 0.4344044327735901
3585 3393 0.2649412751197815
3588 3434 0.36297163367271423
3590 3510 0.4325202405452728
3591 3511 0.49741485714912415
3594 3623 0.32730141282081604
3595 3643 0.3210415542125702
3596 3644 0.2551061511039734
3599 3488 0.3270646035671234
3600 3508 0.35974568128585815
3601 3568 0.3372286260128021
3603 3534 0.5639524459838867
3604 3548 0.3038630187511444
3609 3639 0.6766325831413269
3611 3619 0.3855420649051666
3612 3620 0.3049132525920868
3614 3624 0.3794518709182739
3615 3425 0.3587948977947235
3620 3547 0.4295719861984253
3622 3640 0.4567740261554718
3623 3653 0.44737568497657776
3626 3433 0.32258284091949463
3627 3459 0.401900976896286
3628 3485 0.5233964323997498
3630 3468 0.3541335463523865
3631 3544 0.3307609260082245
3632 3507 0.38799601793289185
3633 3546 0.41024109721183777
3635 3654 0.4500948488712311
3636 3641 0.46447938680648804
3638 3443 0.3273385763168335
3640 3470 0.26343512535095215
3644 3633 0.2542131543159485
3645 3581 0.3699873089790344
3646 3666 0.3425666391849518
3647 3668 0.5171999931335449
3648 3707 0.45907723903656006
3649 3716 0.2774771451950073
3650 3683 0.25750869512557983
3653 3499 0.4114094078540802
3654 3487 0.33516189455986023
3656 3543 0.5168401002883911
3657 3589 0.4487049877643585
3660 3638 0.3529369831085205
3661 3506 0.44011563062667847
3663 3588 0.25088968873023987
3664 3604 0.6522420644760132
3666 3680 0.517770528793335
3667 3714 0.36099010705947876
3668 3681 0.5558968782424927
3669 3667 0.3247339129447937
3670 3706 0.48294898867607117
3671 3742 0.31213632225990295
3673 3504 0.3396645486354828
3674 3523 0.36842960119247437
3676 3533 0.4728682041168213
3678 3703 0.36897462606430054
3680 3704 0.3267980217933655
3681 3705 0.5709969401359558
3682 3722 0.9566878080368042
3683 3770 0.27486366033554077
3687 3486 0.9747570157051086
3688 3532 0.26231276988983154
3690 3541 0.34027862548828125
3691 3580 0.2887769341468811
3692 3618 0.6074898838996887
3694 3679 0.2770857512950897
3695 3634 0.2956896722316742
3696 3701 0.3508579730987549
3698 3540 0.2889353334903717
3699 3566 0.31537026166915894
3700 3614 0.38052091002464294
3702 3698 0.4622729420661926
3703 3739 0.3103151321411133
3704 3741 0.736089825630188
3706 3503 0.3751448690891266
3708 3565 0.3990841805934906
3710 3530 0.3705056607723236
3711 3531 0.28881770372390747
3714 3631 0.622535765171051
3715 3665 0.48549020290374756
3716 3702 0.33899855613708496
3717 3736 0.4255044758319855
3718 3715 0.38002443313598633
3719 3737 0.3737536072731018
3721 3755 0.43629974126815796
3723 3768 0.2604427635669708
3724 3792 0.2726622521877289
3725 3793 0.8583827614784241
3727 3745 0.2637888491153717
3728 3586 0.3699132204055786
3729 3560 0.40000399947166443
3730 3561 0.3954090476036072
3732 3542 0.3136803209781647
3733 3603 0.3214358389377594
3734 3632 0.49858129024505615
3735 3699 0.38278481364250183
3736 3785 0.396047979593277
3737 3786 0.3270699083805084
3738 3787 0.5469330549240112
3739 3734 0.39961928129196167
3740 3712 0.4061257243156433
3741 3789 0.4301561713218689
3743 3740 0.34291279315948486
3744 3521 0.32695919275283813
3745 3558 0.3089402914047241
3747 3562 0.3293435275554657
3749 3615 0.3973073363304138
3751 3616 0.3716692626476288
3753 3753 0.44151806831359863
3754 3754 0.4078828692436218
3755 3835 0.48533743619918823
3756 3626 0.3690161406993866
3758 3601 0.2508523762226105
3759 3628 0.5404714345932007
3760 3652 0.3196823000907898
3761 3629 0.33445146679878235
3762 3697 0.5159806609153748
3763 3630 0.2725065350532532
3766 3848 0.43775638937950134
3769 3585 0.5443821549415588
3772 3567 0.44368934631347656
3774 3664 0.3179868459701538
3776 3733 0.3069678843021393
3779 3819 0.4764370024204254
3780 3820 0.4422660768032074
3781 3821 0.34041300415992737
3782 3756 0.5386272668838501
3783 3853 0.29988470673561096
3786 3600 0.3106897175312042
3787 3559 0.9833863377571106
3789 3563 0.26193028688430786
3791 3661 0.3412737250328064
3792 3627 0.3455752730369568
3794 3711 0.4887080192565918
3795 3735 0.3088124394416809
3796 3803 0.49494668841362
3797 3849 0.9147986769676208
3798 3852 0.39044326543807983
3799 3611 0.31214675307273865
3800 3587 0.30700594186782837
3801 3647 0.3403305411338806
3802 3648 0.2768612504005432
3805 3801 0.5514020323753357
3806 3802 0.4606275260448456
3807 3919 0.45780149102211
3810 3663 0.4487353563308716
3811 3696 0.37571272253990173
3812 3782 0.47327062487602234
3813 3815 0.42728352546691895
3814 3877 0.7114152908325195
3815 3851 0.3787551820278168
3819 3673 0.4125881493091583
3820 3646 0.3552582859992981
3821 3660 0.36461231112480164
3822 3650 0.34276172518730164
3825 3675 0.4724588990211487
3826 3676 0.42333781719207764
3827 3677 0.32824668288230896
3829 3751 0.35908347368240356
3830 3817 0.5825660228729248
3832 3909 0.32993045449256897
3834 3674 0.335437536239624
3836 3687 0.5601392984390259
3840 3873 0.5398017764091492
3841 3612 0.40604323148727417
3843 3686 0.3235400915145874
3844 3749 0.35245734453201294
3845 3719 0.3472558259963989
3846 3750 0.36231452226638794
3847 3874 0.4911394715309143
3848 3918 0.3737635910511017
3849 3928 0.47114822268486023
3850 3968 0.30037960410118103
3851 3690 0.33468344807624817
3852 3727 0.2758752405643463
3854 3763 0.29852789640426636
3857 3766 0.40424656867980957
3858 3800 0.36881527304649353
3859 3907 0.47333472967147827
3861 3957 0.3310098946094513
3863 3710 0.33173230290412903
3865 3685 0.4993297755718231
3870 3729 0.3267478346824646
3872 3764 0.32196998596191406
3874 3765 0.3627975583076477
3875 3847 0.40858519077301025
3877 3908 0.4324793815612793
3878 3723 0.32137730717658997
3879 3748 0.37879815697669983
3881 3846 0.674105167388916
3882 3871 0.4537751376628876
3883 3872 0.5125930905342102
3884 3904 0.4293815493583679
3885 3890 0.45282796025276184
3886 3941 0.7021969556808472
3887 3942 0.27969875931739807
3888 3781 0.2990921437740326
3889 3870 0.41202980279922485
3891 3762 0.3398784101009369
3895 3834 0.2859506607055664
3897 3732 0.31302645802497864
3898 3844 0.42143410444259644
3900 3888 0.38346368074417114
3901 4093 0.3324401378631592
3902 3979 0.653433084487915
3903 3917 0.4393896758556366
3907 3812 0.35402819514274597
3908 3777 0.2909505367279053
3909 3779 0.33255207538604736
3910 3885 0.4355642795562744
3911 3916 0.44571611285209656
3912 3889 0.45506396889686584
3913 3927 0.2908492982387543
3914 3949 0.45837292075157166
3915 3905 0.475097119808197
3916 3993 0.3803859353065491
3917 3994 0.3352530002593994
3918 3725 0.3429010212421417
3919 3778 0.5952129364013672
3920 3814 0.27231818437576294
3921 3884 0.39358437061309814
3924 3926 0.5260792374610901
3925 3939 0.30800536274909973
3926 3940 0.3902258574962616
3927 3956 0.7686902284622192
3928 4008 0.4391973912715912
3929 4011 0.33176109194755554
3932 3813 0.4410046637058258
3933 3902 0.6245266199111938
3934 3903 0.3690252900123596
3935 3914 0.288763165473938
3936 3886 0.3433997631072998
3939 3925 0.4034366309642792
3941 3938 0.4285069406032562
3942 3887 0.3243807554244995
3944 4003 0.4498562514781952
3945 4004 0.36069968342781067
3946 4005 0.5085307955741882
3947 4006 0.5471333861351013
3948 4044 0.35627102851867676
3949 4009 0.37391260266304016
3952 3775 0.30995842814445496
3953 3811 0.33955734968185425
3955 3865 0.35275593400001526
3957 3833 0.25073492527008057
3958 3843 0.3020920753479004
3959 3866 0.30685898661613464
3961 3869 0.6253842711448669
3963 3948 0.310691773891449
3964 3978 0.43701598048210144
3967 4023 0.5129950642585754
3968 3826 0.26859068870544434
3969 3867 0.38521936535835266
3971 3913 0.39225971698760986
3972 3936 0.35452181100845337
3973 3955 0.5549100637435913
3975 3991 0.790489673614502
3977 3992 0.3705809414386749
3979 4032 0.6146203279495239
3980 4063 0.3414345383644104
3981 3823 0.6158048510551453
3982 3808 0.36872732639312744
3984 3868 0.49375486373901367
3985 3875 0.4735722243785858
3986 3876 0.4890926778316498
3987 3954 0.4163248836994171
3988 3965 0.32543766498565674
3989 3977 0.5209513306617737
3990 3966 0.3473333418369293
3991 4040 0.4172362685203552
3992 4041 0.5714126229286194
3993 4042 0.4902012348175049
3994 4054 0.3727071285247803
3996 3824 0.3373640477657318
3999 3810 0.3549863398075104
4000 3895 0.2620397210121155
4002 3828 0.29768213629722595
4003 3829 0.3633151948451996
4004 3830 0.4229564666748047
4006 3832 0.28770431876182556
4008 3900 0.4150705337524414
4010 3912 0.4043005406856537
4013 3964 0.5002821087837219
4014 3976 0.4013838768005371
4015 3863 0.28936469554901123
4017 3864 0.5128287672996521
4018 3842 0.47748681902885437
4019 3897 0.30306366086006165
4020 3883 0.7249867916107178
4022 3923 0.468290239572525
4023 3947 0.277141273021698
4024 3962 0.45096060633659363
4025 3990 0.5269895792007446
4030 3988 0.556264340877533
4032 3935 0.4197586476802826
4033 3989 0.38103511929512024
4034 4002 0.38632234930992126
4035 4039 0.5713090896606445
4037 4094 0.4124661982059479
4038 4095 0.42516010999679565
4039 4019 0.2974883019924164
4040 4000 0.5523936152458191
4041 4022 0.9055449366569519
4042 4062 0.42346176505088806
4044 3839 0.2606266140937805
4046 3893 0.33143821358680725
4047 3840 0.2532326877117157
4048 3841 0.3109191358089447
4049 3896 0.34196701645851135
4050 3933 0.38051873445510864
4051 3934 0.38263916969299316
4053 4018 0.31681540608406067
4054 4001 0.6912721395492554
4055 4053 0.467536985874176
4056 4031 0.30294662714004517
4057 3879 0.3443547189235687
4058 3827 0.3199925124645233
4059 4036 0.5294287204742432
4060 4153 0.2667013704776764
4062 3880 0.2891274690628052
4063 3922 0.38215887546539307
4064 3932 0.3145928382873535
4065 4030 0.41354894638061523
4067 4052 0.47847235202789307
4068 4078 0.4977812170982361
4069 4109 0.4237077832221985
4070 4110 0.5344529747962952
4071 4111 0.6362658143043518
4073 3961 0.45960816740989685
4075 3998 0.45935094356536865
4076 4037 0.4185514450073242
4077 4075 0.3544403314590454
4078 4076 0.36744430661201477
4080 3899 0.6629235148429871
4083 3969 0.34089216589927673
4085 3929 0.3735690116882324
4087 3931 0.3033224642276764
4088 3960 0.2714555263519287
4089 4029 0.34195005893707275
4091 4020 0.2987050414085388
4092 4050 0.5229558944702148
4093 4086 0.48752376437187195
4094 4051 0.5966286063194275
4095 4073 0.3793458640575409
4097 4087 0.426389217376709
4099 4091 0.4845955967903137
4100 4119 0.39103537797927856
4102 4170 0.6299365162849426
4105 3930 0.421596497297287
4107 3921 0.26449570059776306
4109 3945 0.3557831346988678
4112 4072 0.5500621795654297
4113 4106 0.3292323648929596
4114 4074 0.3528195321559906
4115 4088 0.4109741449356079
4117 4089 0.4139616787433624
4119 4118 0.403900146484375
4122 4169 0.4607123136520386
4123 4184 0.3524388372898102
4125 3972 0.653178870677948
4126 4151 0.41328203678131104
4127 4159 0.4053781032562256
4131 3951 0.3722112774848938
4134 3997 0.3222292363643646
4135 3974 0.2515178322792053
4136 3987 0.33189210295677185
4137 3975 0.3787306249141693
4138 4057 0.418107807636261
4139 4017 0.3796350359916687
4140 4083 0.2809858024120331
4141 4084 0.2671208679676056
4142 4132 0.39635100960731506
4144 4158 0.3480542004108429
4145 4183 0.46483391523361206
4148 3982 0.39201778173446655
4150 3970 0.2621954679489136
4151 3946 0.3825986683368683
4153 4028 0.35620036721229553
4155 4061 0.36740365624427795
4156 4147 0.27245065569877625
4158 4197 0.43695807456970215
4159 4182 0.4401412308216095
4161 4217 0.38010597229003906
4162 4219 0.4685712456703186
4163 4220 0.5144619345664978
4166 4148 0.46681299805641174
4167 4149 0.4529985785484314
4168 4150 0.4572713375091553
4169 4157 0.360931932926178
4170 4198 0.3337584435939789
4171 4199 0.5424274206161499
4172 4206 0.4762979745864868
4176 4015 0.30638617277145386
4178 3986 0.3054082989692688
4179 4016 0.43270009756088257
4180 4027 0.28341951966285706
4182 4128 0.2573221027851105
4183 4129 0.4783628284931183
4184 4167 0.3790532946586609
4185 4145 0.3130873739719391
4186 4146 0.26507699489593506
4187 4261 0.2655268609523773
4189 3981 0.34819331765174866
4191 4049 0.2584662437438965
4192 4130 0.6446628570556641
4193 4176 0.5214493870735168
4194 4180 0.3489249646663666
4196 4249 0.3529258668422699
4198 4026 0.3391372561454773
4199 4058 0.3829366862773895
4200 4105 0.3354170620441437
4201 4126 0.45957398414611816
4202 4143 0.43735161423683167
4203 4144 0.41425788402557373
4204 4165 0.38303714990615845
4208 4230 0.3928411304950714
4210 4238 0.3568600118160248
4211 4240 0.3543318510055542
4212 3984 0.3786240816116333
4215 4048 0.3656311631202698
4218 4059 0.4315655529499054
4219 4123 0.6027364730834961
4220 4127 0.33126726746559143
4221 4164 0.3971864879131317
4222 4142 0.421688973903656
4223 4194 0.4524325728416443
4224 4179 0.33628860116004944
4225 4181 0.3950234651565552
4226 4196 0.3296087384223938
4227 4236 0.30344659090042114
4229 4260 0.5476449728012085
4231 4024 0.2613082826137543
4232 4069 0.2658017575740814
4233 4070 0.3609302341938019
4234 4141 0.45898663997650146
4235 4156 0.554025411605835
4237 4178 0.42719146609306335
4238 4191 0.48934927582740784
4239 4248 0.3992040753364563
4241 4250 0.4480101466178894
4242 4047 0.5676378011703491
4245 4192 0.3581060767173767
4246 4213 0.41294360160827637
4247 4204 0.4873043894767761
4248 4214 0.3886103928089142
4249 4237 0.2870468497276306
4250 4269 0.25164714455604553
4251 4055 0.35923483967781067
4252 4035 0.30933505296707153
4255 4082 0.5488773584365845
4256 4103 0.34629082679748535
4257 4203 0.48896023631095886
4258 4190 0.3739675283432007
4259 4235 0.32730892300605774
4262 4211 0.3682789206504822
4263 4212 0.3312034606933594
4264 4246 0.250160276889801
4265 4270 0.3402516841888428
4266 4271 0.46198779344558716
4268 4288 0.572412371635437
4272 4122 0.3468804955482483
4273 4100 0.2709764838218689
4275 4116 0.30688124895095825
4276 4102 0.3176189064979553
4277 4174 0.2927722930908203
4278 4202 0.590584933757782
4281 4226 0.2960316240787506
4282 4227 0.4721800982952118
4283 4228 0.4946352541446686
4284 4259 0.3128497898578644
4285 4294 0.679580807685852
4286 4289 0.3522416055202484
4288 4299 0.2756398916244507
4289 4273 0.3152009844779968
4291 4099 0.40142062306404114
4292 4175 0.3582000136375427
4293 4224 0.30718663334846497
4296 4215 0.39178529381752014
4297 4280 0.26701897382736206
4299 4293 0.4753228425979614
4300 4251 0.41908106207847595
4302 4067 0.37471437454223633
4303 4189 0.4788530468940735
4306 4066 0.2772541344165802
4308 4139 0.3513434827327728
4310 4209 0.43633925914764404
4312 4257 0.3224256634712219
4315 4258 0.6387469172477722
4316 4279 0.41755911707878113
4317 4282 0.2906881868839264
4318 4298 0.4175834059715271
4319 4305 0.37373435497283936
4320 4307 0.4320172965526581
4322 4114 0.2725062668323517
4323 4208 0.4405611753463745
4324 4291 0.4898264706134796
4325 4254 0.3153543174266815
4326 4243 0.42288830876350403
4327 4244 0.4632146954536438
4328 4267 0.43516403436660767
4329 4268 0.522431492805481
4333 4306 0.4932122230529785
4336 4255 0.3737618029117584
4337 4256 0.40758073329925537
4338 4266 0.276775985956192
4340 4207 0.2939876914024353
4341 4242 0.3394961357116699
4342 4278 0.4426652789115906
4344 4121 0.44721999764442444
4345 4163 0.5862086415290833
4346 4286 0.4132871627807617
4347 4314 0.2673267722129822
4348 4325 0.25790485739707947
4349 4341 0.2862849235534668
4353 4173 0.42228901386260986
4356 4287 0.34893593192100525
4358 4326 0.2798996865749359
4359 4295 0.3429795205593109
4360 4292 0.35319221019744873
4361 4336 0.37703216075897217
4362 4172 0.40843015909194946
4364 4311 0.5746011734008789
4370 4171 0.3057396411895752
4373 4357 0.26363593339920044
4377 4188 0.3232390880584717
4378 4309 0.3009923994541168
4379 4302 0.6060432195663452
4380 4303 0.3934364914894104
4381 4201 0.45271483063697815
4382 4312 0.41985031962394714
4383 4310 0.7518817186355591
4387 4333 0.3757908344268799
4388 4364 0.41263654828071594
4390 4324 0.44633758068084717
4391 4371 0.32195064425468445
4394 4396 0.26793143153190613
4395 4381 0.38767534494400024
4398 4322 0.6407352685928345
4399 4323 0.48334571719169617
4400 4334 0.45655715465545654
4401 4383 0.26353389024734497
4403 4361 0.5888240933418274
4404 4335 0.35509568452835083
4405 4398 0.2819032073020935
4407 4407 0.25013068318367004
4413 4356 0.4093394875526428
4414 4423 0.274751752614975
4417 4340 0.3566007614135742
4418 4351 0.3517652451992035
4420 4353 0.29903337359428406
4422 4264 0.4114753305912018
4423 4265 0.39436060190200806
4424 4276 0.5034639835357666
4425 4421 0.48319730162620544
4427 4275 0.5209225416183472
4429 4360 0.3313838541507721
4430 4378 0.39338698983192444
4431 4393 0.40603625774383545
4432 4394 0.42672279477119446
4433 4370 0.3859272301197052
4436 4431 0.5895697474479675
4439 4403 0.31386226415634155
4440 4377 0.2778671979904175
4441 4405 0.3748001456260681
4442 4418 0.3394385278224945
4443 4419 0.3015420436859131
4444 4434 0.5844184756278992
4445 4391 0.25557392835617065
4447 4402 0.49290233850479126
4448 4406 0.4724526107311249
4451 4390 0.3877604007720947
4455 4319 0.712324321269989
4456 4321 0.4205375909805298
4458 4401 0.3058796226978302
4459 4404 0.5562224388122559
4460 4429 0.3036474883556366
4461 4430 0.3344170153141022
4462 4433 0.38569504022598267
4463 4369 0.6915701627731323
4465 4392 0.3012000024318695
4466 4440 0.2888835370540619
4467 4437 0.3331383466720581
4469 4318 0.4642845392227173
4470 4320 0.2980573773384094
4471 4415 0.3435353636741638
4472 4417 0.352950781583786
4473 4432 0.2687638998031616
4477 4331 0.514187753200531
4482 4343 0.35272735357284546
4483 4446 0.31928104162216187
4484 4439 0.2842969000339508
4486 4441 0.29188045859336853
4487 4442 0.43107402324676514
4488 4349 0.3509322702884674
4492 4348 0.42172759771347046
4493 4452 0.4384056329727173
4494 4476 0.29994964599609375
4498 4375 0.4872332811355591
4499 4368 0.36821815371513367
4500 4477 0.3679633140563965
4501 4461 0.5591188073158264
4502 4483 0.3382816016674042
4503 4387 0.6272454857826233
4504 4388 0.5495006442070007
4505 4374 0.6320546865463257
4506 4459 0.47191402316093445
4507 4467 0.44393229484558105
4508 4495 0.38062289357185364
4509 4400 0.29940691590309143
4511 4474 0.539972722530365
4515 4500 0.3067992925643921
4517 4413 0.7654590010643005
4518 4475 0.4880801737308502
4519 4428 0.3284239172935486
4520 4410 0.3851763904094696
4521 4411 0.420367568731308
4522 4412 0.4937044680118561
4523 4426 0.42687907814979553
4525 4494 0.37321433424949646
4527 4521 0.29275161027908325
4528 4480 0.4563995599746704
4529 4493 0.3422567546367645
4530 4481 0.6219732165336609
4531 4435 0.3420012593269348
4533 4498 0.2801945209503174
4534 4444 0.31164437532424927
4535 4517 0.4492577612400055
4536 4528 0.3482500910758972
4538 4447 0.3014405369758606
4540 4457 0.31974267959594727
4541 4509 0.37733757495880127
4542 4529 0.38582637906074524
4543 4530 0.3181506395339966
4544 4449 0.31157898902893066
4545 4463 0.30640777945518494
4546 4454 0.4176996946334839
4547 4445 0.3705134391784668
4548 4520 0.42950439453125
4549 4527 0.4517664313316345
4550 4519 0.3791082501411438
4551 4535 0.2739425003528595
4552 4542 0.3013991415500641
4553 4543 0.4112948477268219
4554 4458 0.29334157705307007
4555 4526 0.4410399794578552
4556 4532 0.47016656398773193
4557 4491 0.26872342824935913
4558 4464 0.3403649628162384
4560 4556 0.5896197557449341
4562 4551 0.29456833004951477
4563 4552 0.26001888513565063
4564 4541 0.342938631772995
4565 4561 0.4439195990562439
4566 4554 0.2957567870616913
4569 4563 0.40948161482810974
4571 4546 0.37126365303993225
4572 4547 0.34315553307533264
4574 4470 0.4333244860172272
4575 4478 0.37712711095809937
4576 4465 0.370563268661499
4578 4559 0.33727267384529114
4579 4549 0.320797324180603
4582 4577 0.29807358980178833
4583 4460 0.5403827428817749
4585 4492 0.3368406593799591
4587 4591 0.3505883812904358
4588 4597 0.3046429455280304
4589 4576 0.4221545457839966
4590 4613 0.9673780202865601
4591 4485 0.38846659660339355
4592 4497 0.3866201341152191
4593 4479 0.431757390499115
4598 4466 0.27668333053588867
4599 4584 0.3339275121688843
4601 4585 0.26297301054000854
4602 4506 0.2839178442955017
4603 4487 0.254976749420166
4605 4588 0.3533064126968384
4606 4589 0.25855696201324463
4607 4590 0.36707690358161926
4609 4504 0.3286667466163635
4611 4587 0.47599509358406067
4614 4511 0.3529379963874817
4616 4512 0.37756291031837463
4617 4513 0.30252599716186523
4618 4514 0.2643285095691681
4619 4515 0.2783873379230499
4620 4508 0.25879430770874023
4621 4594 0.31742238998413086
4623 4610 0.4212721586227417
4624 4611 0.35349413752555847
4625 4524 0.3456279933452606
4629 4612 0.5019705891609192
4632 4605 0.3477168083190918
4633 4599 0.2640005052089691
4634 4606 0.27886244654655457
4635 4602 0.27275848388671875
4636 4522 0.43959420919418335
4638 4505 0.3825191259384155
4641 4607 0.3591361939907074
4642 4608 0.3842734396457672
4643 4609 0.3363373577594757
4645 4531 0.4296588599681854
4650 4622 0.4757836163043976
4652 4569 0.38394156098365784
4653 4635 0.4199908971786499
4654 4557 0.4581124484539032
4655 4633 0.3304768204689026
4656 4634 0.3158744275569916
4657 4638 0.2622034549713135
4661 4640 0.34644773602485657
4663 4636 0.47699347138404846
4664 4641 0.2855429947376251
4665 4642 0.29161056876182556
4666 4583 0.3742161989212036
4667 4646 0.2624138593673706
4668 4586 0.39656877517700195
4671 4649 0.29545626044273376
4674 4593 0.46650680899620056
4681 4651 0.39507657289505005
4687 4598 0.4832627475261688
4688 4654 0.4843437671661377
4691 4661 0.41174420714378357
4695 4662 0.31275612115859985
4710 4650 0.3129885494709015
4712 4657 0.3144632577896118
4714 4658 0.3477668762207031
4715 4666 0.9439095258712769
4718 4670 0.8757185935974121
4719 4674 0.35901325941085815
4720 4671 0.3048388361930847
4721 4672 0.3005504012107849
4722 4673 0.38914960622787476
4723 4677 0.29007643461227417
4725 4676 0.3619605302810669
4726 4679 0.45796042680740356
4727 4680 0.7540653944015503
4728 4681 0.40607962012290955
4732 4688 0.709828794002533
4733 4689 0.4783117473125458
4734 4690 0.640871524810791
