748
3 13 0.39117711782455444
24 37 0.4073052406311035
30 42 0.30528977513313293
36 47 0.4742085635662079
37 48 0.6122603416442871
41 53 0.28469952940940857
43 54 0.2592245936393738
45 57 0.28054720163345337
46 56 0.28472885489463806
52 59 0.421636700630188
57 64 0.27165597677230835
58 65 0.3681489825248718
71 82 0.30851367115974426
81 93 0.27543333172798157
220 257 0.34886041283607483
292 353 0.40248245000839233
321 378 0.3604562282562256
327 411 0.46640539169311523
330 435 0.3582553565502167
348 381 0.2639614939689636
353 448 0.3898870050907135
361 472 0.3374837636947632
366 403 0.3035009801387787
389 490 0.3077111840248108
396 458 0.47792142629623413
401 439 0.28751179575920105
402 474 0.2972109615802765
412 484 0.31157392263412476
414 514 0.4635098874568939
426 491 0.2653552293777466
434 518 0.3138781189918518
443 539 0.25898441672325134
449 548 0.2911984324455261
457 630 0.3004675507545471
466 550 0.2944433391094208
469 589 0.3809482753276825
479 631 0.2588118314743042
482 587 0.5999762415885925
488 588 0.3208661675453186
539 656 0.3640945553779602
556 652 0.27238336205482483
558 708 0.3425352871417999
561 687 0.3313029706478119
566 661 0.34548959136009216
570 733 0.4620640277862549
585 751 0.34120604395866394
586 752 0.31277161836624146
596 722 0.35321947932243347
597 698 0.3281136751174927
604 739 0.29587894678115845
605 740 0.4972516894340515
606 724 0.26478493213653564
613 701 0.42636480927467346
618 769 0.3038850426673889
619 737 0.27675381302833557
620 738 0.2500918209552765
627 779 0.583509624004364
629 736 0.4053723216056824
634 755 0.25464117527008057
654 759 0.5442093014717102
658 772 0.31358638405799866
660 762 0.43542641401290894
662 822 0.5278295874595642
664 763 0.26748794317245483
668 806 0.3123173713684082
685 873 0.29250994324684143
686 823 0.37296953797340393
689 771 0.29033908247947693
696 813 0.32953551411628723
708 861 0.31333887577056885
721 905 0.26209646463394165
725 874 0.34831419587135315
729 844 0.521155059337616
745 930 0.28693628311157227
748 908 0.3056049644947052
750 882 0.4390604496002197
754 938 0.4187522828578949
757 893 0.3011893928050995
759 940 0.5105917453765869
761 909 0.30875325202941895
774 949 0.5208892226219177
778 916 0.26415741443634033
783 895 0.30151212215423584
792 942 0.26014041900634766
795 990 0.2530888020992279
797 982 0.41104820370674133
802 969 0.2904359996318817
811 974 0.37610456347465515
821 993 0.6878551840782166
822 1005 0.28491002321243286
842 1038 0.30326518416404724
843 1039 0.2707347273826599
844 1001 0.2534107565879822
853 1028 0.3817279636859894
855 1006 0.4752199351787567
869 1079 0.27173811197280884
870 1037 0.35140782594680786
872 1062 0.45330411195755005
873 1030 0.3914170563220978
889 1040 0.377475768327713
890 1063 0.26064276695251465
898 1086 0.42508307099342346
900 950 0.2903302311897278
915 1065 0.26027390360832214
920 1084 0.3386634588241577
946 995 0.2558326721191406
949 1108 0.5578820705413818
951 1097 0.2899530827999115
952 1133 0.2923665940761566
959 1107 0.33615776896476746
976 1154 0.32017412781715393
977 1109 0.267417311668396
978 1131 0.2559954524040222
985 1132 0.25560659170150757
989 1171 0.2538098096847534
990 1172 0.29434734582901
992 1129 0.36697888374328613
1002 1180 0.2580406665802002
1011 1194 0.3693358302116394
1014 1195 0.5218533277511597
1016 1159 0.31623220443725586
1019 1189 0.2542262375354767
1020 1190 0.3417208790779114
1022 1174 0.40203168988227844
1030 1191 0.2527501583099365
1031 1192 0.3084145188331604
1032 1209 0.5356725454330444
1035 1173 0.3216765820980072
1040 1198 0.31243473291397095
1048 1216 0.3025932013988495
1051 1217 0.3317028880119324
1053 1218 0.3348839282989502
1054 1219 0.45783641934394836
1055 1220 0.5746543407440186
1078 1244 0.3358626365661621
1089 1200 0.271474152803421
1109 1281 0.30699422955513
1112 1274 0.27600812911987305
1115 1275 0.37974292039871216
1144 1265 0.46740636229515076
1150 1320 0.33917251229286194
1151 1308 0.3355683982372284
1162 1309 0.2777956426143646
1163 1321 0.31607362627983093
1184 1349 0.34503552317619324
1185 1311 0.26027342677116394
1186 1323 0.36340874433517456
1190 1312 0.4728952646255493
1195 1348 0.254931777715683
1196 1396 0.3052787184715271
1207 1370 0.7233030796051025
1216 1358 0.2974485754966736
1218 1368 0.2544008791446686
1227 1338 0.3493068516254425
1228 1397 0.29209959506988525
1260 1420 0.2601361870765686
1261 1398 0.3740488588809967
1277 1409 0.4329262971878052
1287 1440 0.3470125198364258
1318 1441 0.39857107400894165
1320 1417 0.412614107131958
1323 1447 0.30098438262939453
1324 1480 0.40928250551223755
1325 1461 0.3816336989402771
1336 1453 0.2570675015449524
1337 1454 0.5176441073417664
1348 1439 0.2697836756706238
1351 1444 0.2907106280326843
1370 1489 0.3042425811290741
1374 1467 0.4881742000579834
1376 1502 0.2544052302837372
1383 1490 0.3072569668292999
1385 1500 0.2882508635520935
1394 1541 0.32086679339408875
1408 1501 0.3069778382778168
1418 1523 0.3096216320991516
1433 1519 0.3988790810108185
1434 1531 0.29138484597206116
1437 1545 0.37798011302948
1444 1532 0.38166317343711853
1447 1552 0.3227366805076599
1455 1555 0.4513009190559387
1462 1543 0.5597580075263977
1472 1553 0.4447234272956848
1473 1563 0.31153857707977295
1494 1599 0.44680988788604736
1499 1562 0.39636194705963135
1502 1564 0.2754293978214264
1503 1565 0.2533336579799652
1514 1669 0.26227474212646484
1519 1588 0.3278049826622009
1520 1620 0.4439263641834259
1529 1587 0.31035950779914856
1536 1700 0.25472328066825867
1547 1676 0.30356699228286743
1553 1641 0.3052027225494385
1555 1684 0.2540587782859802
1557 1714 0.3138490915298462
1560 1619 0.33484336733818054
1562 1650 0.2506495714187622
1577 1696 0.34776389598846436
1579 1715 0.2841537594795227
1583 1673 0.4003669321537018
1607 1737 0.3194001019001007
1612 1672 0.396488219499588
1613 1705 0.2568516135215759
1626 1682 0.4144728481769562
1629 1735 0.2708320617675781
1631 1751 0.34119856357574463
1647 1789 0.3749370574951172
1657 1733 0.291538268327713
1666 1749 0.3564263582229614
1667 1785 0.4354534149169922
1677 1750 0.29751554131507874
1685 1880 0.2506471872329712
1688 1727 0.6468052864074707
1689 1758 0.28905659914016724
1702 1857 0.2565367817878723
1723 1784 0.28963884711265564
1724 1762 0.2568971812725067
1731 1817 0.2960488498210907
1734 1881 0.33821579813957214
1740 1818 0.31781312823295593
1749 1819 0.3865843713283539
1755 1849 0.28483694791793823
1775 1918 0.46653616428375244
1777 1920 0.28819039463996887
1782 1813 0.38938942551612854
1803 1836 0.28661438822746277
1805 1888 0.28236842155456543
1819 1861 0.39052221179008484
1820 1990 0.257621169090271
1827 1916 0.25000929832458496
1843 1860 0.25162410736083984
1848 1898 0.28318607807159424
1855 1874 0.3134198784828186
1858 1950 0.5507135391235352
1859 2037 0.2687116265296936
1861 1999 0.28041747212409973
1876 1895 0.29800793528556824
1877 1896 0.4935237169265747
1884 1987 0.4360381066799164
1887 2060 0.25055158138275146
1895 2016 0.3306908905506134
1906 1986 0.40797895193099976
1909 2062 0.29277172684669495
1910 2046 0.3198707699775696
1911 2047 0.31052589416503906
1918 2086 0.2643640637397766
1925 1976 0.3536539673805237
1935 2067 0.3092406690120697
1936 2017 0.4694725275039673
1942 2145 0.2561801075935364
1956 2045 0.40379154682159424
1959 2033 0.2563861310482025
1961 1984 0.32753685116767883
1971 2031 0.2807468771934509
1978 2010 0.695026159286499
1993 2103 0.2646799087524414
2001 2102 0.36533209681510925
2016 2058 0.418110191822052
2022 2099 0.4832894802093506
2023 2100 0.4200766086578369
2024 2084 0.5019696354866028
2041 2093 0.38091811537742615
2042 2094 0.2668619155883789
2046 2140 0.25014784932136536
2047 2131 0.28286758065223694
2067 2296 0.2898294925689697
2077 2267 0.290484756231308
2098 2091 0.42232245206832886
2109 2341 0.2900432348251343
2114 2109 0.3996348977088928
2118 2179 0.3461049497127533
2128 2130 0.3845946192741394
2130 2210 0.2648480534553528
2144 2163 0.4224678575992584
2169 2364 0.3985612094402313
2176 2222 0.2871955335140228
2191 2383 0.2522447109222412
2199 2235 0.3106912076473236
2200 2236 0.3404746949672699
2217 2237 0.2612721621990204
2219 2392 0.35164719820022583
2222 2249 0.2977556586265564
2245 2234 0.27353188395500183
2251 2428 0.31453946232795715
2252 2429 0.3446287214756012
2261 2454 0.36169999837875366
2263 2151 0.27050554752349854
2273 2453 0.29804545640945435
2278 2294 0.3629785478115082
2285 2379 0.2536051273345947
2292 2248 0.3292904496192932
2294 2263 0.3453328013420105
2295 2318 0.2803279161453247
2297 2332 0.31150054931640625
2305 2343 0.2914256751537323
2306 2292 0.28826624155044556
2311 2303 0.2850676476955414
2312 2339 0.6845255494117737
2317 2461 0.4503576457500458
2320 2276 0.2746456563472748
2322 2316 0.29241177439689636
2337 2246 0.40880969166755676
2338 2330 0.28792721033096313
2342 2427 0.2726024389266968
2350 2337 0.2960782051086426
2351 2346 0.2646390199661255
2355 2490 0.28220582008361816
2361 2345 0.35862043499946594
2376 2389 0.2878830134868622
2402 2418 0.2558441460132599
2420 2412 0.3660096824169159
2428 2365 0.28393298387527466
2430 2374 0.3566892147064209
2433 2413 0.35798826813697815
2440 2405 0.772007167339325
2448 2588 0.28501248359680176
2461 2471 0.2715603709220886
2469 2423 0.3941184878349304
2470 2403 0.41078564524650574
2471 2438 0.28825992345809937
2480 2417 0.4488881528377533
2483 2451 0.2508715093135834
2484 2527 0.36167794466018677
2486 2594 0.3074776828289032
2491 2455 0.2756669521331787
2495 2575 0.2892303168773651
2507 2450 0.2752660810947418
2521 2509 0.2826502323150635
2556 2467 0.3186495304107666
2561 2541 0.3028602600097656
2569 2628 0.2810112535953522
2578 2484 0.5392409563064575
2601 2466 0.26790153980255127
2606 2571 0.3292229473590851
2624 2566 0.26282986998558044
2645 2567 0.27553606033325195
2648 2668 0.3409458100795746
2654 2736 0.3684043288230896
2656 2771 0.26911017298698425
2663 2724 0.2728029489517212
2669 2783 0.3425016403198242
2688 2592 0.27521881461143494
2694 2814 0.3621777296066284
2708 2823 0.44695135951042175
2712 2846 0.29118120670318604
2718 2797 0.3241856098175049
2719 2809 0.3017828166484833
2722 2897 0.3233272433280945
2733 2831 0.37665337324142456
2734 2832 0.3947097659111023
2737 2633 0.40415945649147034
2738 2666 0.3295263946056366
2739 2811 0.26659202575683594
2740 2824 0.27652743458747864
2742 2531 0.304396390914917
2747 2808 0.35810333490371704
2753 2878 0.31212055683135986
2754 2928 0.2800716459751129
2762 2661 0.26336905360221863
2763 2746 0.2994140684604645
2765 2874 0.30328109860420227
2774 2929 0.27887973189353943
2775 2699 0.32246133685112
2783 2709 0.36996614933013916
2784 2735 0.6198036670684814
2787 2873 0.34612342715263367
2789 2589 0.3220117390155792
2791 2620 0.3238182067871094
2794 2905 0.305961012840271
2796 2913 0.28418871760368347
2818 2933 0.37285929918289185
2823 2769 0.6179904937744141
2825 2939 0.2647404968738556
2827 2940 0.2728693187236786
2839 2888 0.3015523850917816
2851 2651 0.30539634823799133
2866 2770 0.3039102554321289
2867 2853 0.32152751088142395
2870 2952 0.2519872188568115
2881 2663 0.2846905589103699
2886 2974 0.2695804834365845
2892 3012 0.26177123188972473
2905 2807 0.29525768756866455
2907 2830 0.3241420090198517
2917 2768 0.3056906461715698
2920 3009 0.26774317026138306
2922 3049 0.29069897532463074
2924 3050 0.35983386635780334
2927 2839 0.312762975692749
2932 3010 0.35855478048324585
2936 2851 0.30016568303108215
2939 2852 0.2647591829299927
2940 3018 0.29742929339408875
2941 3008 0.4223707914352417
2945 2693 0.2543501555919647
2947 2685 0.26670849323272705
2955 3059 0.49650347232818604
2959 3058 0.2945312559604645
2960 3077 0.2951861619949341
2962 3039 0.33638128638267517
2965 3069 0.41384050250053406
2969 3110 0.35026755928993225
2973 2909 0.4259088337421417
2976 2730 0.2898590862751007
2978 2758 0.28087300062179565
2979 2731 0.2741084694862366
2981 2716 0.30171000957489014
2983 2895 0.43294447660446167
2984 2904 0.34121644496917725
2986 3088 0.5082786679267883
2989 3120 0.34088143706321716
2993 2729 0.2587190270423889
2999 2910 0.3006346821784973
3001 3108 0.32979172468185425
3007 2882 0.5675349235534668
3013 2870 0.4546566605567932
3014 2924 0.3085730969905853
3022 2778 0.29628100991249084
3024 3106 0.4381560981273651
3028 2790 0.33598917722702026
3030 2818 0.297685831785202
3031 2819 0.2553907334804535
3036 2961 0.42061540484428406
3040 2802 0.2537384331226349
3048 3135 0.3164132237434387
3049 3141 0.2613671123981476
3057 2983 0.44490286707878113
3058 2938 0.256440669298172
3069 2950 0.3366299867630005
3072 3194 0.2840971350669861
3073 3142 0.271981805562973
3078 2982 0.3744446635246277
3084 3136 0.26126816868782043
3085 2805 0.320772260427475
3092 3167 0.33793529868125916
3098 2827 0.3655188977718353
3099 2997 0.27756527066230774
3100 2984 0.2941121757030487
3102 3195 0.27088889479637146
3109 2901 0.4870121479034424
3115 2837 0.45567846298217773
3126 3176 0.42589259147644043
3134 2972 0.7274572253227234
3135 2996 0.3671668767929077
3137 3227 0.26954373717308044
3138 3239 0.2670113444328308
3141 3092 0.2692624032497406
3154 3026 0.3707495629787445
3166 3252 0.42823526263237
3170 3093 0.2601781189441681
3175 2892 0.27892759442329407
3186 2958 0.361352801322937
3194 3047 0.3084910213947296
3196 3117 0.3026050329208374
3200 3298 0.2765348255634308
3206 2921 0.2624451220035553
3207 2992 0.3787916600704193
3212 3346 0.2862401604652405
3215 2937 0.2589251399040222
3217 2980 0.4006533920764923
3218 3289 0.25903406739234924
3222 3150 0.2933032512664795
3238 3149 0.42325302958488464
3248 3086 0.2755092680454254
3254 2968 0.2805180549621582
3262 3314 0.35515326261520386
3263 3369 0.3387525975704193
3285 3371 0.3753109276294708
3286 3390 0.2783684730529785
3300 3005 0.27844229340553284
3303 2990 0.3562411367893219
3309 3355 0.40102726221084595
3314 3174 0.28007298707962036
3320 3294 0.2593778967857361
3328 3356 0.26868268847465515
3331 3430 0.303961843252182
3349 3082 0.2524319291114807
3357 3405 0.4402906894683838
3371 3406 0.34723034501075745
3376 3455 0.2904936373233795
3381 3062 0.347678005695343
3391 3473 0.29574888944625854
3399 3476 0.32600486278533936
3410 3493 0.25022897124290466
3414 3203 0.2517203688621521
3421 3280 0.4522203207015991
3427 3204 0.3952423930168152
3433 3247 0.26230326294898987
3438 3595 0.2837153673171997
3440 3097 0.28361445665359497
3445 3474 0.28568628430366516
3447 3515 0.26086634397506714
3450 3233 0.32661139965057373
3452 3363 0.2834998071193695
3455 3516 0.4356797933578491
3462 3526 0.3530975580215454
3466 3180 0.2943119704723358
3467 3200 0.2839546501636505
3471 3112 0.26779118180274963
3478 3550 0.28737306594848633
3481 3551 0.3605218827724457
3485 3129 0.2718874216079712
3499 3377 0.5017839074134827
3502 3415 0.28586724400520325
3506 3620 0.2523905336856842
3512 3570 0.25941625237464905
3513 3582 0.27020466327667236
3516 3202 0.26168063282966614
3517 3279 0.28347304463386536
3524 3722 0.27279698848724365
3528 3146 0.28563886880874634
3532 3413 0.45226043462753296
3550 3682 0.332783043384552
3556 3267 0.42790377140045166
3557 3354 0.35364046692848206
3559 3636 0.33941003680229187
3571 3741 0.3181530833244324
3591 3385 0.32322272658348083
3602 3791 0.2508580982685089
3614 3755 0.2842971682548523
3618 3756 0.3033418357372284
3629 3419 0.26791122555732727
3637 3702 0.3008750379085541
3642 3245 0.5366747379302979
3647 3701 0.2850554287433624
3650 3412 0.3631031811237335
3655 3546 0.37118327617645264
3664 3877 0.4435666501522064
3665 3849 0.346642404794693
3671 3244 0.39044585824012756
3673 3352 0.3082924783229828
3675 3448 0.2936648726463318
3678 3752 0.27840885519981384
3687 3734 0.2786186635494232
3703 3351 0.26974737644195557
3711 3256 0.36862045526504517
3714 3447 0.2584921419620514
3716 3544 0.3352542817592621
3724 3524 0.2703191041946411
3731 3589 0.3087770938873291
3732 3604 0.42896896600723267
3734 3815 0.36996299028396606
3735 3817 0.29760634899139404
3742 3541 0.28454020619392395
3749 3468 0.2726767957210541
3754 3588 0.29521122574806213
3756 3816 0.2934151589870453
3761 3444 0.2569483816623688
3762 3360 0.2798484265804291
3763 3578 0.2781187891960144
3775 3979 0.6100629568099976
3783 3579 0.29399609565734863
3796 3445 0.38093301653862
3827 3904 0.2805819809436798
3829 3967 0.26818937063217163
3832 3485 0.31722113490104675
3833 3486 0.4400010406970978
3835 3565 0.26269805431365967
3839 3949 0.2526390552520752
3847 3956 0.47512659430503845
3865 4003 0.2642350196838379
3866 4004 0.2600878179073334
3867 4032 0.26089468598365784
3868 4043 0.2528306841850281
3876 3661 0.30692222714424133
3878 3940 0.2703593075275421
3882 3992 0.279316782951355
3884 4041 0.32182323932647705
3886 3357 0.26575005054473877
3899 3991 0.6283189654350281
3905 3627 0.27814981341362
3915 3663 0.3179161846637726
3919 3966 0.2736589312553406
3933 3675 0.28520146012306213
3934 3676 0.377128541469574
3943 3677 0.33086028695106506
3944 4062 0.47933369874954224
3948 3442 0.25762510299682617
3954 3764 0.2512081265449524
3956 4078 0.2696038782596588
3958 4108 0.30067938566207886
3962 3612 0.3379185199737549
3969 3728 0.2704521417617798
3970 3779 0.25060367584228516
3974 4107 0.32216256856918335
3975 4109 0.27037012577056885
3978 4170 0.3205835521221161
3986 3750 0.2653759717941284
3990 3888 0.26067882776260376
3992 4119 0.28048914670944214
3993 4184 0.3047885298728943
4005 3687 0.7976474761962891
4006 3727 0.2765553891658783
4021 4220 0.33103641867637634
4031 3834 0.25466009974479675
4038 4169 0.3162834942340851
4041 3502 0.2551015317440033
4050 4151 0.29075887799263
4056 3749 0.3640744388103485
4065 4158 0.3526352047920227
4067 3458 0.25005435943603516
4078 4182 0.40439578890800476
4079 4217 0.2691953778266907
4081 3691 0.36119744181632996
4082 3777 0.36051878333091736
4083 3813 0.31441348791122437
4096 4199 0.41308265924453735
4100 3467 0.5167834162712097
4110 4216 0.49423161149024963
4122 3748 0.43671393394470215
4125 3875 0.25002121925354004
4135 4260 0.30366283655166626
4149 4288 0.39039337635040283
4152 3501 0.45599451661109924
4160 3585 0.43633967638015747
4161 3586 0.3306029140949249
4163 3812 0.27896273136138916
4164 4000 0.3280351459980011
4165 4001 0.5581928491592407
4167 4248 0.40870094299316406
4176 4036 0.2692451775074005
4179 3538 0.3889952600002289
4181 3883 0.534841001033783
4194 3865 0.262563556432724
4195 3934 0.26652592420578003
4199 3556 0.2677916884422302
4213 4293 0.35568609833717346
4214 4306 0.2668028771877289
4218 3898 0.5595365166664124
4235 3896 0.2681601941585541
4243 4051 0.4717511534690857
4245 4072 0.35095199942588806
4246 4073 0.2982615530490875
4258 3830 0.26663854718208313
4259 3831 0.35494300723075867
4267 3933 0.34306228160858154
4277 3724 0.2763075828552246
4284 3672 0.7299492955207825
4286 3895 0.26947739720344543
4292 3671 0.2774273753166199
4317 4166 0.2512356638908386
4334 4190 0.3049685060977936
4340 4017 0.25567731261253357
4341 4105 0.3137335777282715
4342 4176 0.5209870934486389
4343 4203 0.3053564429283142
4352 4123 0.37702858448028564
4353 4124 0.4323074519634247
4367 3987 0.270856112241745
4369 4141 0.3644496202468872
4384 3975 0.33203044533729553
4386 4210 0.2562788128852844
4394 3825 0.29362791776657104
4399 3971 0.2512804865837097
4406 3823 0.32833436131477356
4407 3824 0.2739730775356293
4410 4016 0.29970258474349976
4427 4174 0.28965458273887634
4436 3879 0.3532865345478058
4442 4254 0.2996746003627777
4454 4189 0.25971007347106934
4463 3920 0.32062238454818726
4466 3972 0.30852219462394714
4474 3861 0.2792145013809204
4476 4082 0.27656620740890503
4481 4287 0.3118325471878052
4487 4286 0.28288429975509644
4488 4278 0.42851346731185913
4506 3856 0.32436031103134155
4509 3929 0.6745559573173523
4517 4303 0.2694288492202759
4524 4324 0.33724501729011536
4531 4302 0.37991824746131897
4538 3982 0.2877007722854614
4539 4047 0.27023327350616455
4543 3951 0.33598950505256653
4545 4310 0.5331192016601562
4549 3943 0.5440832376480103
4553 4334 0.2550387680530548
4562 4351 0.26464608311653137
4571 4241 0.569564938545227
4573 4356 0.27031755447387695
4577 4013 0.2634381353855133
4578 4055 0.2503204047679901
4585 4370 0.25528600811958313
4590 4099 0.27952247858047485
4647 4114 0.2551365792751312
4663 4098 0.3388582766056061
4695 4320 0.3054313063621521
4702 4134 0.36756768822669983
4704 4459 0.2710418701171875
4706 4133 0.4156179428100586
4709 4467 0.30220648646354675
4726 4510 0.26288098096847534
4731 4481 0.2582651972770691
4736 4482 0.2546960711479187
4741 4276 0.42214325070381165
4744 4520 0.3126654624938965
4758 4301 0.27287009358406067
4766 4564 0.25351396203041077
4776 4318 0.2988198697566986
4778 4532 0.25601133704185486
4780 4274 0.36153239011764526
4788 4546 0.26704344153404236
4789 4547 0.28505679965019226
4792 4343 0.30875855684280396
4795 4317 0.3194378912448883
4801 4300 0.3289160430431366
4810 4612 0.31091469526290894
4814 4330 0.3302663564682007
4818 4590 0.31105467677116394
4819 4597 0.310843825340271
4826 4388 0.4476774334907532
4832 4374 0.2679843306541443
4842 4387 0.33928510546684265
4847 4347 0.2555500566959381
4855 4412 0.2587750554084778
4885 4454 0.3852531909942627
4897 4479 0.28776249289512634
4902 4464 0.4426289498806
4904 4470 0.26109778881073
4918 4531 0.26666244864463806
4920 4492 0.2526400089263916
4921 4478 0.3211386203765869
4922 4468 0.26004838943481445
4931 4462 0.2870892882347107
4953 4489 0.3369431495666504
4974 4601 0.27923741936683655
4977 4580 0.27294790744781494
4994 4567 0.3321748673915863
4996 4566 0.29356688261032104
4999 4592 0.3226228356361389
5002 4581 0.3297077715396881
5003 4582 0.31880971789360046
5008 4650 0.3340453803539276
5025 4657 0.28167182207107544
5026 4660 0.27201709151268005
5035 4666 0.3279813528060913
5045 4670 0.38575685024261475
5047 4674 0.34232857823371887
5048 4688 0.38989999890327454
5050 4673 0.30670949816703796
5052 4676 0.27583369612693787
5054 4680 0.3805767893791199
5058 4681 0.27551084756851196
