1899
3 25 0.3366495966911316
27 29 0.3773497939109802
30 35 0.40915489196777344
37 45 0.48729461431503296
38 46 0.36542096734046936
41 52 0.30811670422554016
43 49 0.3082013428211212
46 53 0.3333500027656555
47 55 0.3479377329349518
52 60 0.43090301752090454
58 64 0.28169384598731995
69 89 0.3189913034439087
70 81 0.2806044816970825
71 82 0.28837376832962036
78 93 0.26445937156677246
81 94 0.27680790424346924
101 192 0.5157637000083923
120 152 0.2680395245552063
155 199 0.5446563363075256
169 197 0.25306442379951477
176 204 0.2556375563144684
237 267 0.25521859526634216
268 279 0.30403372645378113
292 386 0.4486270844936371
299 292 0.30647674202919006
307 297 0.29666298627853394
315 296 0.2764180302619934
323 324 0.2905263304710388
327 401 0.608401894569397
336 323 0.25824204087257385
343 432 0.4070819318294525
348 334 0.29627707600593567
349 411 0.2862950265407562
351 374 0.3061787784099579
353 433 0.543228268623352
356 347 0.2602294981479645
361 434 0.5051217675209045
366 319 0.349530428647995
373 395 0.2867680490016937
374 384 0.28909629583358765
383 454 0.2649536728858948
391 408 0.48657992482185364
396 377 0.41401657462120056
401 390 0.413188636302948
402 382 0.30892878770828247
414 479 0.5407477617263794
439 519 0.3454589545726776
445 427 0.5175626873970032
447 428 0.27347108721733093
449 522 0.41983112692832947
456 564 0.4787576198577881
457 578 0.5373220443725586
461 538 0.2546040117740631
463 437 0.49160900712013245
464 429 0.43513333797454834
465 539 0.33540427684783936
466 530 0.48928722739219666
467 531 0.27907368540763855
468 501 0.2524771988391876
475 455 0.4120439291000366
489 446 0.2628993093967438
495 580 0.28716349601745605
496 566 0.32505273818969727
502 471 0.5076508522033691
504 467 0.35838520526885986
510 619 0.34040942788124084
511 556 0.47287631034851074
514 551 0.3309148848056793
515 468 0.2726619839668274
519 605 0.3863374590873718
521 594 0.3082910180091858
529 483 0.2943122386932373
530 491 0.41190052032470703
533 581 0.38852033019065857
534 582 0.348519891500473
538 466 0.34641966223716736
539 487 0.3522893190383911
544 630 0.3187723457813263
551 621 0.2899915277957916
553 524 0.2674741744995117
558 513 0.4609017074108124
560 682 0.3612329065799713
561 642 0.38276544213294983
562 643 0.3387603759765625
563 635 0.3508954644203186
566 533 0.2926737368106842
569 620 0.3864081799983978
570 689 0.6443807482719421
572 607 0.3405613899230957
585 700 0.3875456154346466
586 701 0.38722899556159973
587 653 0.3639695942401886
588 669 0.45176470279693604
589 610 0.34463563561439514
593 727 0.29596275091171265
594 683 0.40957027673721313
596 668 0.30555686354637146
603 703 0.3141922652721405
605 686 0.410312294960022
606 644 0.3498212397098541
610 720 0.296949177980423
613 552 0.2681126594543457
615 734 0.26042014360427856
616 735 0.25806182622909546
619 667 0.3561728596687317
620 685 0.3043290376663208
622 708 0.30272945761680603
623 709 0.37599554657936096
624 675 0.46822503209114075
627 736 0.83173668384552
629 690 0.6705236434936523
635 691 0.31199735403060913
639 717 0.43822044134140015
644 729 0.30406099557876587
645 671 0.2650732100009918
649 749 0.25943902134895325
652 704 0.3098987340927124
654 595 0.6223642230033875
655 589 0.29721152782440186
658 719 0.4524545669555664
659 631 0.38299986720085144
660 597 0.34313294291496277
662 748 0.5120854377746582
668 762 0.3548871576786041
670 732 0.29751893877983093
672 726 0.4319213032722473
673 752 0.2696545422077179
675 750 0.5084396600723267
676 751 0.4696753919124603
678 774 0.3883558511734009
679 763 0.6249025464057922
682 598 0.25564196705818176
685 791 0.4214746952056885
686 741 0.2719976305961609
689 718 0.3030287027359009
692 744 0.3539910614490509
696 661 0.2824554145336151
700 755 0.5145958662033081
705 626 0.2888135612010956
707 834 0.28149163722991943
708 776 0.29597657918930054
712 662 0.30635547637939453
714 819 0.39605817198753357
718 765 0.26950234174728394
721 818 0.2617589831352234
725 782 0.4009339511394501
726 779 0.4555972218513489
729 694 0.6286096572875977
732 659 0.2972293794155121
739 695 0.3011138439178467
748 807 0.3650573194026947
750 721 0.6328876614570618
754 849 0.5142563581466675
755 850 0.49587884545326233
757 800 0.36382314562797546
759 851 0.4883865416049957
760 792 0.2986386716365814
761 822 0.26377853751182556
766 864 0.2652018964290619
773 835 0.4057292938232422
774 842 0.5833860635757446
777 712 0.40752360224723816
778 713 0.28492605686187744
779 859 0.2676180899143219
785 714 0.28977200388908386
792 843 0.2713612914085388
793 844 0.5700671076774597
795 877 0.3454701602458954
796 878 0.3036712408065796
799 898 0.27409827709198
801 887 0.25854983925819397
803 888 0.2747742831707001
805 924 0.379657119512558
809 916 0.3238064646720886
811 881 0.38725557923316956
814 917 0.4489138424396515
815 909 0.536404550075531
821 920 0.5672973990440369
822 910 0.34192365407943726
823 939 0.35062816739082336
824 921 0.2892383337020874
826 900 0.3497551679611206
832 860 0.39247527718544006
833 911 0.4148228168487549
844 951 0.27428993582725525
853 956 0.3965649902820587
854 950 0.34340760111808777
855 922 0.4795083701610565
857 943 0.3506980836391449
863 962 0.39171990752220154
869 987 0.3610624372959137
871 976 0.4892452359199524
872 977 0.4698348939418793
873 940 0.38005849719047546
878 975 0.4860289692878723
880 992 0.327851265668869
886 1015 0.31832486391067505
888 991 0.5113265514373779
889 1003 0.3757818937301636
895 1018 0.32137608528137207
896 1010 0.3216284215450287
897 973 0.2921483516693115
898 1002 0.36273181438446045
900 959 0.25527140498161316
906 1001 0.2787010669708252
907 1029 0.41460132598876953
914 1025 0.33818385004997253
919 1039 0.32590943574905396
922 988 0.3440861999988556
923 1007 0.3125190734863281
925 1028 0.4090074300765991
927 993 0.3049664795398712
928 925 0.37784963846206665
940 1043 0.4469377398490906
944 1046 0.3453986644744873
946 1036 0.5594606995582581
949 1047 0.5567919015884399
952 1034 0.4489845037460327
959 1059 0.30688798427581787
962 1042 0.27032965421676636
964 1044 0.46174025535583496
966 1064 0.46129748225212097
967 952 0.2723989486694336
969 1026 0.3372012972831726
972 1048 0.34524816274642944
976 1084 0.3438956141471863
977 1055 0.3152596056461334
978 1060 0.2782585918903351
985 1065 0.309485524892807
988 1063 0.33813902735710144
990 1109 0.28012746572494507
991 1110 0.4926950931549072
993 1053 0.280860960483551
995 1113 0.33588024973869324
1000 960 0.26999908685684204
1002 1071 0.27597498893737793
1006 1077 0.345333456993103
1010 1107 0.2728693187236786
1014 1128 0.768523097038269
1015 1074 0.2934837341308594
1016 1066 0.3562058210372925
1017 1096 0.3464236259460449
1019 1082 0.27709659934043884
1020 1136 0.3331008553504944
1021 1070 0.5558963418006897
1022 1097 0.3491702973842621
1026 998 0.30854424834251404
1029 1149 0.30095136165618896
1030 1150 0.33448687195777893
1032 1151 0.5231583714485168
1034 1102 0.257257342338562
1035 1112 0.41652345657348633
1037 1137 0.2703709006309509
1038 1175 0.43021687865257263
1039 1129 0.27048182487487793
1040 1119 0.3131330609321594
1041 1120 0.3315276801586151
1042 1078 0.3158937096595764
1048 1139 0.30206069350242615
1049 1140 0.28381145000457764
1050 1141 0.28718703985214233
1051 1143 0.25589051842689514
1053 1144 0.3063955008983612
1054 1145 0.3857711851596832
1055 1121 0.4233143925666809
1057 1132 0.3547338545322418
1061 1181 0.3518964350223541
1062 1182 0.2985076904296875
1063 1174 0.32230669260025024
1064 1153 0.3514255881309509
1065 1138 0.37290269136428833
1068 1157 0.26005780696868896
1073 1168 0.2839668393135071
1075 1164 0.30574750900268555
1076 1179 0.2622630000114441
1077 1180 0.38105764985084534
1081 1103 0.30144742131233215
1085 1152 0.3604307770729065
1088 1167 0.3369360864162445
1089 1205 0.28106915950775146
1091 1191 0.2766622304916382
1092 1085 0.3797526955604553
1101 1207 0.2873760759830475
1105 1133 0.3445935547351837
1109 1087 0.40993642807006836
1111 1242 0.3692002594470978
1112 1199 0.42103999853134155
1113 1200 0.29025381803512573
1115 1169 0.36941686272621155
1121 1228 0.32705119252204895
1122 1166 0.35467061400413513
1124 1235 0.2871437668800354
1129 1091 0.2734009623527527
1135 1215 0.3972342014312744
1139 1105 0.2797144949436188
1141 1173 0.2624881863594055
1142 1243 0.32839322090148926
1143 1227 0.35662832856178284
1144 1246 0.8442136645317078
1149 1258 0.31480324268341064
1150 1259 0.5054137706756592
1151 1252 0.6345890164375305
1156 1158 0.2969217002391815
1161 1270 0.3777627944946289
1163 1244 0.3517773151397705
1164 1302 0.36451807618141174
1165 1229 0.29726168513298035
1166 1216 0.3081587553024292
1168 1279 0.3926766812801361
1169 1245 0.2547740340232849
1170 1230 0.39741456508636475
1177 1294 0.32644760608673096
1178 1280 0.28982341289520264
1179 1209 0.27579212188720703
1181 1176 0.5441429018974304
1184 1300 0.329139769077301
1185 1260 0.46915116906166077
1186 1277 0.5262548327445984
1187 1314 0.46549487113952637
1190 1262 0.27518418431282043
1197 1313 0.29279351234436035
1198 1289 0.2921466827392578
1205 1329 0.4061663746833801
1208 1337 0.3099066913127899
1209 1217 0.27942201495170593
1211 1192 0.3104492127895355
1212 1196 0.2743982672691345
1214 1328 0.26125872135162354
1215 1301 0.460849404335022
1217 1346 0.4451332986354828
1218 1290 0.2723948061466217
1219 1291 0.26795902848243713
1226 1335 0.43304523825645447
1229 1336 0.2532365620136261
1230 1345 0.2827111780643463
1231 1331 0.3997686803340912
1233 1305 0.3100982904434204
1236 1210 0.3281380832195282
1242 1330 0.30519893765449524
1243 1343 0.4687102437019348
1244 1315 0.3969418704509735
1259 1357 0.40988287329673767
1261 1358 0.42556819319725037
1273 1376 0.46345019340515137
1275 1238 0.2642085552215576
1277 1381 0.5609277486801147
1279 1308 0.25761356949806213
1287 1382 0.45850494503974915
1288 1384 0.3195265531539917
1290 1400 0.621824324131012
1291 1347 0.27489957213401794
1292 1264 0.37371760606765747
1298 1356 0.2656235992908478
1300 1367 0.5118237137794495
1308 1399 0.2998441159725189
1318 1417 0.46730607748031616
1319 1418 0.3828592896461487
1320 1426 0.5722278356552124
1323 1389 0.30900806188583374
1324 1368 0.432538777589798
1325 1378 0.31497079133987427
1326 1295 0.5828511118888855
1327 1297 0.2669767141342163
1333 1519 0.36315444111824036
1336 1427 0.2561708092689514
1337 1428 0.5405451059341431
1340 1402 0.49268099665641785
1349 1451 0.3852039575576782
1351 1387 0.33188799023628235
1355 1470 0.26627010107040405
1356 1454 0.5668895840644836
1357 1320 0.412626713514328
1363 1401 0.26304349303245544
1364 1405 0.2813582420349121
1365 1334 0.27635079622268677
1370 1466 0.2962748110294342
1374 1468 0.47825106978416443
1376 1469 0.4163828492164612
1379 1525 0.3026561439037323
1383 1385 0.32919690012931824
1384 1494 0.35384121537208557
1385 1495 0.4361395835876465
1394 1298 0.31487199664115906
1397 1520 0.8028469681739807
1398 1507 0.3272889256477356
1400 1524 0.2654438018798828
1406 1353 0.30385634303092957
1408 1477 0.3818991184234619
1411 1455 0.2686229944229126
1414 1408 0.3168873190879822
1415 1349 0.302974671125412
1416 1531 0.25766491889953613
1417 1493 0.2977670133113861
1418 1508 0.3143766224384308
1419 1522 0.26170456409454346
1425 1472 0.2569368779659271
1429 1355 0.2612430155277252
1432 1598 0.2880494296550751
1433 1543 0.3111157715320587
1434 1545 0.2777217626571655
1437 1512 0.4227004051208496
1440 1366 0.25338101387023926
1442 1563 0.45834362506866455
1443 1564 0.39602982997894287
1444 1533 0.35438525676727295
1447 1599 0.34245461225509644
1449 1582 0.3013284504413605
1450 1567 0.46860966086387634
1453 1527 0.29243573546409607
1455 1528 0.5660732984542847
1456 1572 0.5570234656333923
1457 1458 0.39232856035232544
1461 1541 0.2806017994880676
1462 1542 0.4110529124736786
1467 1432 0.3204551637172699
1470 1532 0.29458126425743103
1471 1583 0.38104310631752014
1472 1584 0.40696975588798523
1474 1639 0.3225207030773163
1478 1550 0.4192381799221039
1479 1551 0.4002096652984619
1480 1459 0.3028247356414795
1483 1460 0.3433971405029297
1487 1580 0.31726500391960144
1488 1581 0.273587167263031
1490 1608 0.2731054425239563
1491 1609 0.30359363555908203
1494 1571 0.3333808481693268
1498 1635 0.28002890944480896
1499 1636 0.3842020034790039
1501 1600 0.30005893111228943
1502 1566 0.47109249234199524
1506 1442 0.2587456703186035
1513 1485 0.40226948261260986
1518 1663 0.8429666757583618
1519 1622 0.40243563055992126
1523 1640 0.28186261653900146
1524 1575 0.3098239600658417
1525 1499 0.2619725167751312
1526 1486 0.4501798450946808
1532 1676 0.2676428258419037
1533 1664 0.3187434673309326
1535 1554 0.3389568328857422
1536 1487 0.3157154321670532
1538 1607 0.3311292231082916
1544 1650 0.34753909707069397
1546 1553 0.2934171259403229
1552 1647 0.3497598469257355
1553 1648 0.3552352488040924
1554 1649 0.3194601237773895
1557 1579 0.4357982277870178
1560 1697 0.3376302123069763
1561 1673 0.3398187756538391
1562 1674 0.2552129924297333
1574 1703 0.26782718300819397
1575 1685 0.3074372112751007
1579 1587 0.46239155530929565
1580 1502 0.33372917771339417
1583 1711 0.41337546706199646
1587 1651 0.2908875644207001
1590 1557 0.2694617211818695
1599 1653 0.3187519609928131
1600 1616 0.4474819302558899
1607 1733 0.350008100271225
1609 1643 0.2804308533668518
1612 1754 0.40069544315338135
1613 1710 0.4263286292552948
1616 1713 0.30884218215942383
1617 1717 0.3226182162761688
1628 1716 0.2950975000858307
1647 1642 0.4045967757701874
1648 1688 0.2598037123680115
1651 1755 0.3769940733909607
1652 1757 0.28570616245269775
1655 1760 0.2895769774913788
1657 1761 0.27375683188438416
1660 1629 0.4406557083129883
1662 1785 0.3788631856441498
1666 1714 0.37340980768203735
1667 1778 0.3512895405292511
1668 1853 0.355293869972229
1669 1630 0.5748072862625122
1673 1775 0.3190338909626007
1674 1787 0.26661109924316406
1677 1789 0.2866884768009186
1680 1791 0.2589752674102783
1682 1852 0.5652926564216614
1683 1854 0.3353569507598877
1684 1855 0.31821101903915405
1685 1723 0.4326114058494568
1688 1827 0.8203862905502319
1694 1759 0.26996123790740967
1696 1795 0.3759453296661377
1698 1856 0.4271393120288849
1702 1659 0.5251809358596802
1713 1831 0.38854292035102844
1721 1817 0.30450060963630676
1722 1847 0.324259489774704
1723 1790 0.32061871886253357
1724 1802 0.43769127130508423
1729 1845 0.309540718793869
1731 1819 0.30575889348983765
1739 1828 0.282640278339386
1745 1846 0.25984659790992737
1747 1886 0.36803945899009705
1749 1849 0.3573930263519287
1752 1705 0.31177961826324463
1755 1896 0.43027105927467346
1757 1868 0.32458436489105225
1759 1848 0.4254910945892334
1760 1870 0.27452388405799866
1761 1823 0.3402867317199707
1769 1894 0.2839847207069397
1771 1794 0.29404768347740173
1775 1820 0.5751851201057434
1777 1871 0.29424431920051575
1781 1922 0.28061893582344055
1782 1934 0.39164185523986816
1793 1895 0.25866153836250305
1796 1898 0.49698951840400696
1800 1797 0.31567656993865967
1803 1799 0.34816309809684753
1804 1963 0.3412376046180725
1805 1927 0.28065478801727295
1806 1911 0.3773750066757202
1808 1841 0.40196382999420166
1812 1811 0.38277530670166016
1819 1976 0.44808363914489746
1820 1899 0.3937033712863922
1827 2023 0.2733154594898224
1829 1938 0.267541766166687
1831 1925 0.39191049337387085
1839 1810 0.35352852940559387
1848 1977 0.6441583037376404
1850 1926 0.3883928954601288
1855 2022 0.43972545862197876
1856 1998 0.4531065821647644
1858 1981 0.9592229723930359
1859 1940 0.42865899205207825
1861 1914 0.2773496210575104
1862 1915 0.25654634833335876
1863 1901 0.3226262032985687
1867 1980 0.3239411413669586
1869 1986 0.3267839848995209
1874 1971 0.27536138892173767
1877 1921 0.47462162375450134
1881 1979 0.35418522357940674
1882 2003 0.4434182047843933
1883 2005 0.33717331290245056
1884 2008 0.540287971496582
1885 2009 0.27922436594963074
1887 1928 0.28268393874168396
1892 1964 0.30183205008506775
1893 1987 0.30475568771362305
1894 2004 0.5694894790649414
1895 2007 0.2870030701160431
1898 1953 0.27241143584251404
1902 1931 0.33420246839523315
1905 2001 0.35565319657325745
1906 2028 0.39022067189216614
1907 2029 0.43991294503211975
1908 1968 0.2718765139579773
1910 1970 0.42397254705429077
1911 1952 0.3108130097389221
1917 2045 0.4681491255760193
1918 2011 0.35353392362594604
1919 1982 0.2910562753677368
1925 2102 0.38345634937286377
1927 2053 0.2806285619735718
1929 2066 0.3284311294555664
1931 2026 0.36881667375564575
1932 2040 0.27556419372558594
1935 2046 0.44782519340515137
1936 2080 0.4634895324707031
1937 2047 0.28390565514564514
1938 2013 0.3397095799446106
1941 1999 0.3082107603549957
1950 2094 0.27424678206443787
1952 2067 0.45871269702911377
1956 2079 0.5076024532318115
1958 2057 0.2731028199195862
1961 2077 0.4326394498348236
1964 1993 0.43084385991096497
1969 2095 0.3516710102558136
1970 2104 0.36530807614326477
1973 2069 0.5285816788673401
1978 2148 0.8103840351104736
1981 2103 0.287672221660614
1983 2138 0.2550562918186188
1987 2097 0.27877601981163025
1991 2017 0.3376460075378418
1992 2136 0.2650115191936493
1993 2123 0.45277139544487
1994 2056 0.2626214027404785
1997 2161 0.6290743947029114
1998 2171 0.2521460950374603
1999 2121 0.2883451581001282
2000 2076 0.36005526781082153
2001 2133 0.4500463604927063
2008 2086 0.2937234044075012
2010 2130 0.31091439723968506
2016 2142 0.5090014338493347
2020 2217 0.3449578881263733
2022 2132 0.5401308536529541
2023 2139 0.43174710869789124
2024 2140 0.5897519588470459
2026 2151 0.3052568733692169
2027 2099 0.3251563012599945
2029 2149 0.32341668009757996
2032 2070 0.3028888702392578
2041 2172 0.4921029508113861
2042 2173 0.32042980194091797
2043 2174 0.32931119203567505
2046 2150 0.33791080117225647
2047 2164 0.3408622741699219
2048 2165 0.5467239618301392
2052 2074 0.3064872622489929
2056 2194 0.2656953036785126
2057 2179 0.2888086140155792
2066 2116 0.263576865196228
2067 2093 0.3139343857765198
2068 2119 0.35248154401779175
2070 2196 0.4577246606349945
2074 2125 0.3080015480518341
2075 2207 0.28799450397491455
2085 2199 0.3249172866344452
2086 2201 0.3652822971343994
2090 2223 0.2652127742767334
2099 2193 0.48576390743255615
2100 2264 0.31209465861320496
2103 2218 0.4810730218887329
2106 2221 0.32748156785964966
2107 2246 0.31947261095046997
2109 2146 0.31844568252563477
2110 2117 0.25806257128715515
2111 2160 0.4415319561958313
2113 2263 0.25298720598220825
2114 2266 0.37917983531951904
2117 2248 0.26197952032089233
2118 2204 0.4639813303947449
2124 2192 0.3105931282043457
2125 2279 0.6345508694648743
2126 2290 0.6418483257293701
2127 2282 0.2860368490219116
2128 2241 0.8324405550956726
2129 2200 0.44225847721099854
2130 2245 0.3160027861595154
2131 2247 0.32294943928718567
2132 2203 0.28077471256256104
2134 2300 0.27251431345939636
2141 2239 0.3471154570579529
2143 2240 0.31929564476013184
2144 2242 0.42834147810935974
2145 2197 0.4355206787586212
2146 2131 0.27144569158554077
2147 2222 0.8044741153717041
2163 2285 0.2620387375354767
2168 2168 0.4086323380470276
2169 2176 0.5452940464019775
2171 2229 0.28272438049316406
2173 2314 0.3575955331325531
2175 2335 0.3685346841812134
2177 2298 0.28073641657829285
2178 2345 0.3113897740840912
2182 2212 0.5455406308174133
2183 2355 0.293834924697876
2184 2291 0.3449394404888153
2186 2270 0.3249513804912567
2191 2226 0.3370922803878784
2197 2312 0.45025327801704407
2199 2292 0.288929283618927
2200 2271 0.45031726360321045
2201 2297 0.3082774877548218
2206 2187 0.27307575941085815
2209 2257 0.32527661323547363
2211 2306 0.27016934752464294
2212 2238 0.3854277431964874
2214 2333 0.41063016653060913
2215 2334 0.4991897940635681
2216 2243 0.30982691049575806
2217 2295 0.32742661237716675
2220 2262 0.32453668117523193
2221 2353 0.33678188920021057
2223 2344 0.32603999972343445
2224 2317 0.25568559765815735
2228 2305 0.28375083208084106
2229 2289 0.2744212746620178
2235 2342 0.4022115468978882
2236 2343 0.43400439620018005
2241 2385 0.2825343608856201
2243 2373 0.37502574920654297
2244 2374 0.4939620792865753
2245 2375 0.5962241888046265
2246 2377 0.4967886209487915
2252 2275 0.34474608302116394
2257 2401 0.2591608166694641
2260 2322 0.26734209060668945
2261 2254 0.3939208388328552
2263 2260 0.3074650764465332
2267 2423 0.37973567843437195
2268 2457 0.3609426021575928
2269 2396 0.42319977283477783
2271 2387 0.30301713943481445
2273 2303 0.5445628762245178
2278 2356 0.4004276394844055
2279 2357 0.44577181339263916
2285 2435 0.3631353974342346
2287 2350 0.32789063453674316
2291 2467 0.29045483469963074
2292 2424 0.38889771699905396
2293 2354 0.7089831233024597
2294 2398 0.48613882064819336
2295 2413 0.34862494468688965
2297 2415 0.2699437439441681
2298 2432 0.2530050575733185
2300 2320 0.257999062538147
2302 2405 0.28250014781951904
2304 2479 0.3733079731464386
2305 2487 0.3915540874004364
2306 2443 0.38424524664878845
2307 2444 0.4129345417022705
2309 2447 0.28040385246276855
2312 2431 0.8226591348648071
2313 2450 0.4295068681240082
2314 2452 0.26634350419044495
2315 2436 0.3151399493217468
2316 2365 0.31717151403427124
2317 2324 0.2953540086746216
2320 2480 0.5782094597816467
2322 2429 0.37629827857017517
2323 2399 0.3926212787628174
2334 2391 0.33131274580955505
2335 2409 0.3022998869419098
2337 2369 0.418523907661438
2338 2446 0.3656451106071472
2339 2412 0.36340147256851196
2342 2403 0.34756529331207275
2343 2364 0.275747150182724
2345 2390 0.3396473824977875
2347 2470 0.29348233342170715
2348 2427 0.25657740235328674
2350 2448 0.3778676390647888
2351 2458 0.3265973627567291
2352 2459 0.41855505108833313
2353 2481 0.34724822640419006
2354 2489 0.31307512521743774
2355 2389 0.3217548131942749
2356 2421 0.31777676939964294
2357 2392 0.31407004594802856
2358 2393 0.3145739436149597
2359 2384 0.3930746018886566
2361 2445 0.48198366165161133
2363 2499 0.28165706992149353
2369 2394 0.29216089844703674
2370 2395 0.3127474784851074
2372 2383 0.3986600339412689
2376 2498 0.47767674922943115
2377 2406 0.2947976589202881
2378 2407 0.27603867650032043
2383 2466 0.336393803358078
2384 2486 0.37024956941604614
2387 2511 0.3812822997570038
2391 2492 0.3028334081172943
2394 2453 0.44427236914634705
2403 2565 0.32204490900039673
2405 2520 0.3297574520111084
2406 2483 0.38103219866752625
2407 2502 0.2880164682865143
2413 2491 0.45823436975479126
2414 2522 0.33892548084259033
2415 2636 0.3357563018798828
2416 2495 0.40545544028282166
2419 2527 0.2633502185344696
2424 2501 0.39338022470474243
2428 2523 0.2953973710536957
2430 2525 0.3432199954986572
2432 2543 0.2795310318470001
2433 2557 0.36096635460853577
2440 2540 0.727077841758728
2441 2555 0.3922716975212097
2444 2544 0.3586782217025757
2445 2529 0.44028186798095703
2448 2507 0.2998732924461365
2452 2508 0.31554505228996277
2453 2581 0.28921377658843994
2454 2574 0.39622288942337036
2457 2510 0.34401172399520874
2458 2552 0.3584747612476349
2459 2539 0.48829710483551025
2461 2592 0.4115294814109802
2462 2578 0.3709401786327362
2463 2567 0.3300994634628296
2464 2503 0.29214221239089966
2467 2560 0.25688934326171875
2468 2561 0.5022881031036377
2469 2563 0.3862527012825012
2471 2584 0.40831059217453003
2472 2591 0.3680850863456726
2473 2593 0.32108137011528015
2475 2531 0.30223387479782104
2480 2564 0.5204070806503296
2482 2590 0.3479347229003906
2484 2500 0.6316901445388794
2489 2611 0.2592609226703644
2491 2588 0.33624017238616943
2493 2595 0.3780839145183563
2495 2586 0.38751456141471863
2499 2547 0.25030630826950073
2504 2559 0.39254340529441833
2507 2604 0.385913223028183
2508 2623 0.3307549059391022
2510 2568 0.33475908637046814
2515 2575 0.3247973918914795
2516 2605 0.33791884779930115
2521 2624 0.31907010078430176
2522 2638 0.26164793968200684
2523 2615 0.27487677335739136
2531 2694 0.34790289402008057
2532 2613 0.42461875081062317
2533 2621 0.34364742040634155
2534 2651 0.46003881096839905
2537 2625 0.29461610317230225
2538 2628 0.5999882817268372
2539 2606 0.3865935802459717
2544 2669 0.33332839608192444
2548 2626 0.26877492666244507
2549 2627 0.4878823757171631
2553 2600 0.2622479796409607
2554 2683 0.3771224319934845
2556 2614 0.4424457848072052
2557 2659 0.32757216691970825
2558 2622 0.32463791966438293
2560 2602 0.3451842963695526
2561 2662 0.41708192229270935
2562 2722 0.3958146274089813
2563 2678 0.28488773107528687
2565 2616 0.2896057069301605
2569 2533 0.2599504292011261
2573 2684 0.32041576504707336
2574 2671 0.3811335861682892
2576 2646 0.41071945428848267
2578 2637 0.8618820905685425
2579 2649 0.3720288574695587
2583 2631 0.28061944246292114
2589 2706 0.31240466237068176
2591 2695 0.3565463721752167
2592 2677 0.34065428376197815
2596 2641 0.2841223478317261
2598 2620 0.29158052802085876
2599 2632 0.31851130723953247
2600 2644 0.3348175287246704
2603 2660 0.46868252754211426
2604 2712 0.258705198764801
2620 2742 0.32551681995391846
2622 2707 0.29091447591781616
2627 2688 0.2869504988193512
2628 2689 0.4980262219905853
2630 2730 0.27369260787963867
2632 2719 0.25454574823379517
2634 2721 0.2694704830646515
2635 2699 0.27457886934280396
2636 2653 0.33384791016578674
2638 2664 0.3406045734882355
2642 2741 0.6718428134918213
2643 2711 0.32482340931892395
2645 2717 0.4791814982891083
2646 2718 0.35375651717185974
2648 2710 0.417925626039505
2650 2723 0.3161601424217224
2654 2654 0.39478394389152527
2659 2748 0.29679062962532043
2663 2715 0.46992629766464233
2665 2756 0.29803037643432617
2668 2758 0.39607667922973633
2669 2739 0.43399903178215027
2671 2668 0.31938397884368896
2672 2754 0.3167737126350403
2673 2767 0.3545137047767639
2674 2743 0.4012066721916199
2676 2736 0.2763800621032715
2686 2755 0.330030232667923
2687 2744 0.355866938829422
2688 2734 0.5432044267654419
2689 2725 0.2630387246608734
2691 2749 0.3688156008720398
2692 2733 0.39995554089546204
2695 2786 0.26571303606033325
2696 2772 0.36869674921035767
2697 2794 0.4132528603076935
2699 2776 0.2552434206008911
2701 2769 0.3726474344730377
2705 2735 0.35941407084465027
2708 2762 0.5788108110427856
2710 2770 0.3030399680137634
2711 2760 0.43424785137176514
2715 2813 0.3893786668777466
2716 2771 0.36043524742126465
2718 2808 0.49047666788101196
2719 2809 0.38114848732948303
2720 2819 0.51457279920578
2725 2829 0.4210508465766907
2726 2814 0.44284260272979736
2727 2805 0.41558268666267395
2729 2851 0.3401958644390106
2732 2847 0.2514374852180481
2734 2835 0.4448837637901306
2736 2849 0.3149653971195221
2737 2831 0.4328276515007019
2738 2878 0.45858848094940186
2739 2836 0.38520947098731995
2740 2773 0.4022901952266693
2743 2727 0.32164159417152405
2744 2728 0.34995168447494507
2747 2818 0.3079724609851837
2748 2833 0.44192540645599365
2749 2795 0.251315712928772
2751 2821 0.35053154826164246
2752 2798 0.3141482472419739
2753 2789 0.8352269530296326
2754 2801 0.4401962161064148
2757 2729 0.3198857307434082
2758 2850 0.36232730746269226
2760 2891 0.4357317388057709
2762 2852 0.35485872626304626
2765 2823 0.3724331855773926
2766 2788 0.42812296748161316
2769 2862 0.4743189215660095
2770 2824 0.30602404475212097
2772 2775 0.34858238697052
2773 2825 0.2636379599571228
2774 2810 0.3035244345664978
2775 2880 0.39347928762435913
2776 2853 0.3350909650325775
2778 2838 0.26573431491851807
2779 2826 0.30624711513519287
2781 2863 0.30334964394569397
2782 2864 0.34717637300491333
2783 2892 0.40189328789711
2784 2915 0.48177042603492737
2787 2855 0.31203365325927734
2789 2765 0.3398738503456116
2790 2766 0.3260210454463959
2791 2777 0.3458317518234253
2793 2875 0.2740739583969116
2794 2854 0.33992376923561096
2796 2883 0.3599735498428345
2797 2867 0.2919238805770874
2799 2856 0.3342643082141876
2801 2812 0.34817904233932495
2802 2901 0.2900756001472473
2803 2906 0.2784399092197418
2805 2840 0.2655270993709564
2806 2870 0.3256310820579529
2808 2763 0.34787866473197937
2811 2913 0.3142531216144562
2814 2905 0.26439759135246277
2815 2956 0.3704947233200073
2816 2926 0.34481117129325867
2817 2927 0.31461235880851746
2818 2944 0.4195757508277893
2823 3062 0.515759289264679
2826 2919 0.2817755341529846
2828 2869 0.31170588731765747
2829 2895 0.41205769777297974
2830 2885 0.29519209265708923
2834 2952 0.2527318298816681
2837 2998 0.3030495047569275
2838 2941 0.3845304250717163
2843 2884 0.3464556634426117
2847 2802 0.36275017261505127
2848 2842 0.26599013805389404
2851 2803 0.34031593799591064
2852 2887 0.28979578614234924
2853 2888 0.2841074466705322
2854 2889 0.2526038885116577
2855 2900 0.2578827142715454
2857 2938 0.27360910177230835
2864 2996 0.2764090597629547
2865 2939 0.2690909206867218
2866 3013 0.25715553760528564
2870 2943 0.3230363130569458
2871 2946 0.25351154804229736
2872 2934 0.3634888231754303
2886 2961 0.29448631405830383
2888 2942 0.2610592246055603
2890 2933 0.26598280668258667
2891 2948 0.32154837250709534
2892 2949 0.32340866327285767
2894 2859 0.36262252926826477
2895 3054 0.5188866853713989
2896 2957 0.6492241024971008
2899 3032 0.2678726613521576
2905 2997 0.350952684879303
2907 3043 0.36136555671691895
2916 2973 0.274999737739563
2917 3008 0.602781355381012
2918 3031 0.3685849606990814
2919 3044 0.532509982585907
2922 2989 0.28918400406837463
2924 2990 0.43013155460357666
2927 3025 0.7356168031692505
2928 3076 0.2514204680919647
2929 3065 0.4141460955142975
2931 3045 0.3351011872291565
2932 3017 0.4051690101623535
2936 3042 0.3404584527015686
2938 3087 0.30234426259994507
2939 3055 0.2592231035232544
2941 3016 0.38875383138656616
2942 3018 0.42732876539230347
2946 2924 0.2857985496520996
2949 3053 0.6221565008163452
2953 3007 0.4660336971282959
2955 3066 0.3535696566104889
2957 3052 0.2840299606323242
2959 3077 0.4344818890094757
2960 3097 0.40365293622016907
2962 3033 0.3943609893321991
2964 3046 0.40337124466896057
2967 2923 0.2923554480075836
2968 2936 0.2942294478416443
2969 3047 0.43660858273506165
2970 2965 0.29395487904548645
2976 2968 0.4057695269584656
2977 2969 0.49394935369491577
2981 2971 0.27686837315559387
2982 3084 0.2547954320907593
2986 3089 0.35940995812416077
2987 3090 0.47147542238235474
2988 3098 0.29136982560157776
2990 3067 0.3128817081451416
2992 2979 0.3563556671142578
2993 2967 0.4307999014854431
2994 2994 0.36175140738487244
2996 2981 0.3339584171772003
2999 3095 0.3317044675350189
3000 3121 0.2983585596084595
3001 3058 0.3437628149986267
3003 2992 0.4720522165298462
3005 2993 0.25671643018722534
3006 3023 0.27173784375190735
3009 3080 0.43251487612724304
3010 3099 0.5788207054138184
3011 3051 0.48460620641708374
3013 3118 0.445762038230896
3014 3127 0.412177175283432
3017 3091 0.30670246481895447
3019 3101 0.30616387724876404
3021 3004 0.2791319787502289
3022 3005 0.3173696994781494
3024 3106 0.46564894914627075
3025 3107 0.31491973996162415
3026 3022 0.3272087275981903
3028 3024 0.3412499725818634
3030 3072 0.4406653940677643
3031 3073 0.4883353114128113
3032 3074 0.4673738479614258
3033 3083 0.5909567475318909
3034 3061 0.44930917024612427
3036 3147 0.35655078291893005
3038 3150 0.30413001775741577
3040 3006 0.3159262537956238
3041 3040 0.2817806601524353
3043 3116 0.2677178978919983
3044 3145 0.4016250967979431
3046 3175 0.298108845949173
3048 3128 0.37338024377822876
3050 3130 0.280729204416275
3052 3028 0.36461612582206726
3055 3094 0.7306116223335266
3057 3168 0.4581015408039093
3061 3151 0.29234176874160767
3062 3124 0.28168338537216187
3063 3129 0.37566077709198
3064 3036 0.2784983217716217
3065 3050 0.3210342228412628
3066 3038 0.27832308411598206
3067 3039 0.2700045108795166
3068 3082 0.5657025575637817
3069 3170 0.4895780086517334
3071 3105 0.2611032724380493
3073 3110 0.35526031255722046
3074 3049 0.32806047797203064
3075 3029 0.2679245173931122
3077 3144 0.3061472475528717
3078 3199 0.4957294166088104
3079 3209 0.28085076808929443
3083 3172 0.411396861076355
3084 3164 0.37721702456474304
3085 3093 0.31565913558006287
3086 3113 0.3226046860218048
3087 3114 0.3233102858066559
3088 3149 0.2603565752506256
3089 3190 0.25664177536964417
3092 3140 0.43017956614494324
3094 3160 0.30556562542915344
3095 3070 0.4227689504623413
3097 3071 0.3398132622241974
3100 3218 0.3205471634864807
3101 3225 0.28974825143814087
3102 3191 0.27680686116218567
3105 3133 0.2519552409648895
3106 3135 0.2855277359485626
3107 3142 0.31931424140930176
3108 3136 0.3096201419830322
3109 3143 0.3878491520881653
3115 3125 0.37140777707099915
3116 3156 0.5142083168029785
3119 3219 0.29962030053138733
3122 3166 0.3074565827846527
3124 3226 0.4774380922317505
3126 3202 0.3595786392688751
3130 3195 0.2941974699497223
3135 3198 0.38373109698295593
3136 3236 0.25131547451019287
3137 3210 0.29892075061798096
3143 3213 0.2567507028579712
3145 3060 0.36111271381378174
3147 3234 0.29248788952827454
3148 3242 0.3469443619251251
3154 3224 0.324476033449173
3156 3262 0.36652418971061707
3160 3187 0.27469751238822937
3162 3235 0.3046138882637024
3170 3261 0.2655549645423889
3171 3296 0.26348036527633667
3172 3297 0.31952229142189026
3175 3197 0.41718971729278564
3178 3258 0.3561151325702667
3179 3241 0.3381586968898773
3180 3251 0.38642773032188416
3182 3268 0.25642696022987366
3186 3208 0.47855404019355774
3188 3274 0.4561506509780884
3190 3287 0.48520877957344055
3193 3279 0.25402170419692993
3194 3291 0.36311081051826477
3199 3298 0.4907691180706024
3201 3289 0.31232601404190063
3202 3304 0.2826160192489624
3203 3267 0.3188036382198334
3205 3196 0.3907446265220642
3207 3230 0.41923096776008606
3209 3259 0.4225359559059143
3213 3264 0.41095179319381714
3214 3266 0.3049202263355255
3215 3207 0.2782270312309265
3218 3330 0.5319196581840515
3221 3320 0.30743107199668884
3222 3321 0.29378923773765564
3225 3315 0.3116137683391571
3226 3316 0.31389427185058594
3227 3221 0.3576657772064209
3228 3246 0.3478710353374481
3231 3322 0.40724968910217285
3238 3373 0.4806373715400696
3239 3389 0.2798684537410736
3243 3368 0.2933032512664795
3246 3223 0.27430012822151184
3248 3356 0.4437773525714874
3253 3359 0.36544153094291687
3254 3237 0.4579307436943054
3262 3360 0.30656036734580994
3263 3342 0.6496707201004028
3269 3416 0.3863540291786194
3270 3404 0.3438910245895386
3271 3374 0.3029249608516693
3274 3326 0.3124576807022095
3285 3345 0.4332926869392395
3286 3346 0.35247281193733215
3294 3312 0.27730464935302734
3298 3376 0.39459648728370667
3299 3363 0.34408456087112427
3300 3256 0.42137181758880615
3303 3240 0.4902709126472473
3304 3372 0.3802201747894287
3309 3394 0.2983386516571045
3312 3308 0.31162920594215393
3314 3435 0.4227374792098999
3315 3405 0.2974332571029663
3323 3257 0.25025784969329834
3324 3309 0.2697950005531311
3326 3438 0.2778998017311096
3328 3385 0.3632988929748535
3331 3407 0.343502938747406
3334 3370 0.28677159547805786
3337 3244 0.270254909992218
3338 3290 0.3965880572795868
3339 3319 0.2582526206970215
3340 3401 0.28633543848991394
3348 3248 0.2807067036628723
3349 3307 0.31989943981170654
3350 3353 0.28801867365837097
3352 3354 0.2841743528842926
3353 3333 0.32650113105773926
3357 3406 0.29394617676734924
3358 3409 0.2745003402233124
3360 3306 0.32583391666412354
3363 3272 0.2557448446750641
3364 3273 0.26551368832588196
3366 3355 0.3810558319091797
3367 3334 0.3021966814994812
3371 3439 0.34717902541160583
3376 3442 0.34676143527030945
3380 3317 0.33289000391960144
3381 3332 0.5561327934265137
3382 3318 0.5221171975135803
3383 3367 0.49673032760620117
3389 3436 0.46967941522598267
3391 3461 0.3196731507778168
3392 3473 0.30569911003112793
3397 3352 0.2831874489784241
3399 3454 0.417916476726532
3401 3464 0.274406373500824
3402 3431 0.3457038104534149
3408 3494 0.34293535351753235
3410 3441 0.4223482310771942
3411 3502 0.34239810705184937
3414 3457 0.34568437933921814
3415 3493 0.27905744314193726
3417 3447 0.28030410408973694
3421 3486 0.5133621096611023
3423 3481 0.2857205867767334
3424 3500 0.34576350450515747
3427 3476 0.46987879276275635
3431 3466 0.3091917037963867
3432 3467 0.3574700653553009
3435 3495 0.3660302758216858
3436 3474 0.3112736642360687
3437 3475 0.2509208023548126
3438 3483 0.3767147958278656
3440 3379 0.3829089403152466
3442 3421 0.34328219294548035
3445 3511 0.42417433857917786
3448 3380 0.26922643184661865
3452 3423 0.35048675537109375
3455 3527 0.3803732395172119
3458 3504 0.49981287121772766
3460 3548 0.2615603506565094
3462 3519 0.5607266426086426
3465 3503 0.2748885750770569
3466 3451 0.3321543037891388
3471 3410 0.4622354805469513
3472 3411 0.40135133266448975
3477 3509 0.3683052659034729
3478 3552 0.2854901850223541
3479 3540 0.3289853632450104
3483 3585 0.2702721655368805
3485 3412 0.3920600116252899
3486 3415 0.30480191111564636
3489 3598 0.2790268361568451
3495 3553 0.34481117129325867
3498 3713 0.42001211643218994
3499 3595 0.5365094542503357
3502 3492 0.37491777539253235
3507 3443 0.29291388392448425
3508 3445 0.39985066652297974
3509 3599 0.3262421786785126
3513 3579 0.3193525969982147
3516 3484 0.3136734366416931
3517 3594 0.4531783163547516
3518 3597 0.25677862763404846
3519 3525 0.4069150388240814
3521 3569 0.3716582953929901
3523 3614 0.2758965492248535
3525 3444 0.2542296350002289
3527 3449 0.3302849531173706
3533 3596 0.4004398584365845
3535 3641 0.43977242708206177
3538 3583 0.25036242604255676
3539 3584 0.37731239199638367
3542 3640 0.3210681974887848
3545 3526 0.38168174028396606
3547 3611 0.28010448813438416
3548 3612 0.30292293429374695
3549 3581 0.29919227957725525
3550 3604 0.38504600524902344
3551 3468 0.34368741512298584
3553 3514 0.28115466237068176
3554 3634 0.289428174495697
3556 3507 0.5519723296165466
3557 3637 0.5127842426300049
3559 3643 0.3886300325393677
3563 3603 0.3174983561038971
3564 3469 0.25619012117385864
3571 3629 0.3231666386127472
3583 3627 0.26079294085502625
3584 3574 0.3072253167629242
3585 3651 0.29782864451408386
3588 3687 0.32279300689697266
3590 3665 0.3334752917289734
3591 3712 0.35428929328918457
3597 3683 0.2589678466320038
3598 3685 0.31064674258232117
3600 3600 0.31910935044288635
3602 3678 0.2688964605331421
3603 3679 0.2929840087890625
3604 3522 0.3789542615413666
3606 3592 0.2776809632778168
3612 3739 0.4604794979095459
3614 3672 0.2682369351387024
3616 3674 0.2580566704273224
3617 3675 0.2752613425254822
3620 3523 0.25402411818504333
3623 3701 0.2568832039833069
3624 3684 0.31446418166160583
3626 3636 0.5509594082832336
3628 3703 0.4624268412590027
3636 3720 0.38881242275238037
3638 3705 0.2816747725009918
3640 3724 0.25968581438064575
3643 3545 0.5226945877075195
3647 3763 0.49779021739959717
3650 3772 0.3745175302028656
3651 3751 0.2999516427516937
3652 3752 0.3001708388328552
3655 3618 0.31912699341773987
3659 3738 0.257583349943161
3661 3740 0.27264639735221863
3664 3741 0.4058229327201843
3665 3727 0.28946736454963684
3666 3743 0.30375492572784424
3667 3532 0.8625719547271729
3672 3734 0.27240467071533203
3673 3688 0.5818447470664978
3675 3760 0.37246444821357727
3678 3737 0.36791592836380005
3681 3811 0.40859103202819824
3682 3754 0.2869800627231598
3689 3766 0.25693050026893616
3691 3784 0.3178725242614746
3692 3762 0.5850753784179688
3702 3759 0.3037404417991638
3711 3590 0.5478523969650269
3712 3573 0.4165099263191223
3713 3804 0.2785068452358246
3714 3771 0.30255597829818726
3716 3808 0.4040789008140564
3719 3825 0.2967891991138458
3720 3827 0.2879733443260193
3723 3589 0.355074018239975
3726 3793 0.4226915240287781
3728 3822 0.2740148901939392
3731 3667 0.31407153606414795
3732 3715 0.3720739185810089
3734 3836 0.4591354727745056
3735 3826 0.3400210440158844
3738 3803 0.3827785849571228
3739 3820 0.26163768768310547
3740 3821 0.3929598927497864
3741 3834 0.30616915225982666
3742 3847 0.31675106287002563
3748 3792 0.3873257637023926
3751 3806 0.2730085551738739
3756 3862 0.39037588238716125
3762 3781 0.49516764283180237
3763 3858 0.4443037211894989
3764 3897 0.6115204095840454
3767 3837 0.2882291376590729
3770 3648 0.2797430455684662
3773 3884 0.33717265725135803
3775 3866 0.5918817520141602
3776 3867 0.3652965724468231
3777 3875 0.27145498991012573
3779 3682 0.285820335149765
3780 3857 0.29850342869758606
3783 3874 0.41964298486709595
3785 3773 0.3140736520290375
3789 3865 0.26967304944992065
3795 3631 0.2563934624195099
3796 3831 0.37470829486846924
3797 3895 0.27110418677330017
3799 3899 0.45617109537124634
3805 3856 0.31205329298973083
3807 3913 0.35718175768852234
3812 3695 0.3880552351474762
3816 3870 0.3102506101131439
3820 3898 0.31722143292427063
3822 3911 0.3150615394115448
3823 3926 0.327725887298584
3824 3809 0.25863268971443176
3825 3929 0.30116239190101624
3826 3930 0.2749740481376648
3827 3931 0.32509490847587585
3829 3888 0.32872316241264343
3830 3935 0.2521016299724579
3831 3680 0.27369651198387146
3832 3869 0.3531241714954376
3833 3893 0.5639761090278625
3834 3883 0.38185688853263855
3835 3908 0.2903382480144501
3837 3939 0.3189675807952881
3838 3942 0.35996532440185547
3839 3916 0.3048606216907501
3841 3892 0.27174484729766846
3842 3937 0.3041514754295349
3843 3924 0.3125333786010742
3847 3943 0.5350945591926575
3848 3730 0.29947203397750854
3853 3923 0.39639824628829956
3855 3940 0.287500262260437
3856 3979 0.42220446467399597
3857 3912 0.3132396936416626
3858 3956 0.5472591519355774
3861 3958 0.2504013478755951
3863 3932 0.2996985912322998
3865 3933 0.2936214804649353
3866 3934 0.31978780031204224
3867 3944 0.35246944427490234
3874 3907 0.3481229245662689
3876 3948 0.4025791883468628
3882 3960 0.3297376334667206
3883 3951 0.4123961627483368
3884 3952 0.3585742712020874
3885 3778 0.2522500157356262
3889 3791 0.33333030343055725
3891 3936 0.27244988083839417
3894 4018 0.3182234764099121
3896 3967 0.34015336632728577
3899 3969 0.61965411901474
3900 3767 0.29492560029029846
3906 3978 0.3072660565376282
3908 3992 0.3139894902706146
3910 3970 0.4255738854408264
3915 3977 0.3800729811191559
3917 4005 0.4549069106578827
3919 3982 0.3213886320590973
3922 4023 0.2629680037498474
3928 3963 0.4166454076766968
3929 3947 0.46054887771606445
3931 3964 0.3210434019565582
3933 4001 0.298797070980072
3934 4002 0.4810725748538971
3936 3976 0.27585315704345703
3937 3987 0.2742235064506531
3942 3975 0.25190767645835876
3943 4003 0.51334547996521
3944 4006 0.534030556678772
3947 3816 0.3132423758506775
3948 3830 0.32349473237991333
3951 4015 0.3891477584838867
3953 4017 0.2943860590457916
3954 4042 0.28528523445129395
3956 4064 0.3193790912628174
3958 4007 0.48204249143600464
3967 4014 0.5008354187011719
3969 4016 0.2802044153213501
3971 4055 0.3589848577976227
3975 4032 0.37186747789382935
3976 4033 0.2740316092967987
3978 4065 0.3784067630767822
3982 3880 0.34884709119796753
3983 3922 0.34932050108909607
3984 3998 0.4222378730773926
3988 4103 0.3544515073299408
3992 4123 0.33337607979774475
3994 3844 0.3121890127658844
3999 4071 0.3668263256549835
4000 4082 0.2605436146259308
4002 3946 0.5147337913513184
4004 4040 0.4494904577732086
4006 4053 0.3568167984485626
4009 4101 0.32041239738464355
4021 4093 0.32622724771499634
4025 3853 0.33630624413490295
4031 4087 0.40496158599853516
4033 4027 0.4420366883277893
4037 4081 0.7608084678649902
4044 4054 0.3165236711502075
4050 4129 0.4025212228298187
4056 4076 0.5818447470664978
4065 4144 0.3626965284347534
4066 3879 0.26107490062713623
4067 3918 0.3775787353515625
4069 3974 0.26306357979774475
4070 4074 0.5856677293777466
4074 4047 0.2614401578903198
4077 4109 0.3030807077884674
4078 4145 0.3520461618900299
4079 4130 0.3064267635345459
4081 4083 0.5380373597145081
4082 4085 0.29991933703422546
4083 4116 0.44823193550109863
4084 4125 0.29858341813087463
4086 4117 0.30022552609443665
4088 4156 0.3419882357120514
4092 4020 0.2503196895122528
4096 4178 0.39250147342681885
4099 3903 0.4491780698299408
4100 3904 0.4516643285751343
4110 4162 0.34746983647346497
4114 4099 0.45380890369415283
4118 4175 0.2567484974861145
4119 4179 0.3618224859237671
4120 3953 0.32001569867134094
4122 4084 0.43295934796333313
4123 4124 0.3716568648815155
4124 4187 0.2719016671180725
4125 4153 0.492230623960495
4126 4154 0.34505295753479004
4130 4058 0.2826162874698639
4132 4059 0.3515784442424774
4135 4240 0.4420931935310364
4136 4220 0.38342344760894775
4139 4052 0.2532561123371124
4140 4166 0.45400455594062805
4141 4190 0.2654334306716919
4145 4060 0.3064422607421875
4149 4221 0.35438254475593567
4150 4196 0.335383802652359
4152 3972 0.38785693049430847
4157 4218 0.4956963360309601
4158 4219 0.35985684394836426
4160 3984 0.38484668731689453
4161 4025 0.343691349029541
4162 4039 0.2636781930923462
4163 4230 0.28891879320144653
4164 4120 0.4136526882648468
4165 4088 0.7696481943130493
4168 4037 0.45879319310188293
4173 4165 0.3760633170604706
4175 4141 0.41316500306129456
4176 4106 0.42585888504981995
4178 4264 0.29174408316612244
4182 4192 0.2798770070075989
4186 4127 0.3886689245700836
4191 4009 0.3349688947200775
4195 4246 0.27302029728889465
4199 4035 0.2581947445869446
4203 4186 0.2575526535511017
4204 4231 0.3952661454677582
4207 4193 0.337562620639801
4208 4194 0.35051149129867554
4213 4281 0.4221726357936859
4215 4036 0.362875759601593
4216 4227 0.4040149450302124
4217 4206 0.2593187987804413
4226 4171 0.3455989956855774
4230 4321 0.3344457447528839
4234 4228 0.2917207181453705
4237 4247 0.6918036937713623
4238 4233 0.3493138253688812
4240 4234 0.3295600116252899
4243 4157 0.40270936489105225
4244 4158 0.3694894313812256
4245 4159 0.34384116530418396
4248 4051 0.31714946031570435
4250 4251 0.2888474464416504
4251 4209 0.8317438364028931
4252 4275 0.5269820690155029
4253 4276 0.4473082721233368
4259 4273 0.36114612221717834
4260 4258 0.3042135536670685
4263 4400 0.3323792815208435
4269 4232 0.3466242253780365
4274 4096 0.42027297616004944
4275 4097 0.25995317101478577
4276 4098 0.38912808895111084
4277 4184 0.4757400453090668
4278 4326 0.3753821551799774
4280 4307 0.33404695987701416
4282 4236 0.37520962953567505
4284 4113 0.8219565153121948
4285 4344 0.26920104026794434
4286 4305 0.3420547544956207
4292 4112 0.37616947293281555
4293 4226 0.27091294527053833
4298 4111 0.3208358883857727
4300 4345 0.42485126852989197
4305 4149 0.2602667212486267
4309 4384 0.3407605290412903
4313 4295 0.25583314895629883
4317 4298 0.28071314096450806
4318 4315 0.2575381398200989
4319 4359 0.2570912837982178
4321 4426 0.273826539516449
4323 4150 0.284527450799942
4325 4343 0.2865375876426697
4326 4383 0.391713947057724
4327 4410 0.25442829728126526
4329 4353 0.2843424379825592
4330 4327 0.37853094935417175
4333 4311 0.2647508382797241
4334 4314 0.39754801988601685
4335 4328 0.29108819365501404
4338 4225 0.2857590317726135
4340 4409 0.3413192927837372
4341 4385 0.40588101744651794
4342 4312 0.5021764636039734
4343 4313 0.36873120069503784
4347 4164 0.29977548122406006
4348 4183 0.32588210701942444
4349 4224 0.42341694235801697
4350 4382 0.26065370440483093
4351 4421 0.25142189860343933
4352 4387 0.41651350259780884
4353 4371 0.412436306476593
4359 4244 0.2983887195587158
4360 4223 0.38955435156822205
4364 4408 0.2925403416156769
4365 4417 0.2866802513599396
4367 4419 0.2771785259246826
4370 4386 0.4876191020011902
4372 4355 0.2553025782108307
4382 4133 0.35518646240234375
4383 4271 0.2714399993419647
4384 4420 0.46697285771369934
4385 4436 0.2848059833049774
4386 4356 0.25511613488197327
4393 4268 0.3242134153842926
4394 4269 0.36673644185066223
4395 4270 0.3035866618156433
4399 4416 0.28556615114212036
4400 4454 0.3230196535587311
4401 4354 0.25173357129096985
4402 4388 0.3431552052497864
4404 4181 0.4034735858440399
4406 4292 0.31351491808891296
4407 4267 0.33407944440841675
4410 4453 0.354596883058548
4411 4435 0.37138548493385315
4412 4398 0.2865927815437317
4414 4389 0.2930681109428406
4415 4390 0.3306019604206085
4416 4391 0.307392954826355
4419 4182 0.3695123493671417
4423 4433 0.34886640310287476
4425 4452 0.31990647315979004
4426 4475 0.29130399227142334
4428 4411 0.48676419258117676
4433 4203 0.2822965383529663
4436 4304 0.30771324038505554
4437 4325 0.35712146759033203
4438 4472 0.26836103200912476
4442 4439 0.37086308002471924
4443 4289 0.2664245367050171
4444 4303 0.4397715926170349
4446 4342 0.3104963004589081
4448 4474 0.2767466902732849
4449 4423 0.30747270584106445
4451 4485 0.2824338674545288
4454 4456 0.25906097888946533
4457 4333 0.309937447309494
4458 4222 0.35713815689086914
4459 4337 0.29783716797828674
4461 4339 0.28859248757362366
4463 4380 0.2921678423881531
4466 4397 0.45362022519111633
4472 4336 0.2525925636291504
4473 4338 0.28123727440834045
4474 4340 0.2951453626155853
4476 4486 0.42771652340888977
4478 4519 0.34013617038726807
4480 4476 0.2601240277290344
4481 4458 0.3748866617679596
4483 4351 0.2586677074432373
4484 4517 0.26158779859542847
4485 4518 0.3570823073387146
4486 4488 0.2582486867904663
4487 4478 0.38558250665664673
4488 4459 0.37017613649368286
4492 4266 0.42236432433128357
4502 4477 0.26799044013023376
4504 4323 0.3828172981739044
4505 4395 0.5088874101638794
4506 4335 0.31931939721107483
4509 4406 0.551379382610321
4513 4489 0.36961808800697327
4514 4542 0.3105771541595459
4516 4520 0.28782618045806885
4517 4523 0.347363144159317
4520 4396 0.2771534323692322
4523 4524 0.33738818764686584
4524 4525 0.33711639046669006
4531 4556 0.4620177745819092
4532 4530 0.4479234218597412
4533 4543 0.5477437376976013
4534 4566 0.3354260325431824
4535 4479 0.48342546820640564
4536 4569 0.2614264488220215
4539 4430 0.4870757758617401
4541 4570 0.28286975622177124
4543 4449 0.3189651370048523
4545 4560 0.8626920580863953
4548 4445 0.3609357178211212
4549 4447 0.3708358407020569
4550 4466 0.4000505208969116
4553 4573 0.31159353256225586
4555 4482 0.3347996473312378
4557 4579 0.2707672417163849
4558 4582 0.405422180891037
4562 4578 0.31778857111930847
4563 4583 0.2646571695804596
4565 4501 0.2549193799495697
4568 4500 0.2893219292163849
4569 4502 0.37905511260032654
4570 4539 0.4856935143470764
4573 4588 0.2845999002456665
4574 4594 0.3017643988132477
4576 4589 0.26401057839393616
4577 4547 0.33220434188842773
4578 4540 0.36514225602149963
4583 4538 0.2721829116344452
4585 4587 0.3052958846092224
4589 4537 0.26618528366088867
4590 4550 0.38028329610824585
4592 4609 0.34089478850364685
4600 4549 0.2984131872653961
4601 4564 0.3420071303844452
4602 4565 0.33740296959877014
4610 4563 0.331532746553421
4613 4562 0.28558820486068726
4622 4481 0.26597315073013306
4623 4536 0.26606449484825134
4624 4568 0.2907300293445587
4625 4571 0.4579993188381195
4626 4576 0.34166809916496277
4635 4567 0.2672281265258789
4639 4575 0.28028032183647156
4647 4585 0.39002904295921326
4648 4603 0.4676966369152069
4663 4574 0.4866606891155243
4675 4613 0.2788507342338562
4680 4602 0.27122002840042114
4681 4614 0.3458261489868164
4682 4604 0.3545779585838318
4687 4623 0.3415638506412506
4688 4597 0.26902469992637634
4689 4679 0.2881307601928711
4692 4635 0.4591280221939087
4693 4628 0.279083788394928
4694 4622 0.2689780294895172
4695 4689 0.36733150482177734
4697 4693 0.38910508155822754
4699 4625 0.3184906542301178
4700 4620 0.28673166036605835
4701 4685 0.25037243962287903
4702 4627 0.40472105145454407
4703 4712 0.27931463718414307
4704 4682 0.45510217547416687
4705 4683 0.3068426251411438
4706 4626 0.5273450613021851
4713 4647 0.2566814124584198
4714 4686 0.29100021719932556
4716 4646 0.2922177314758301
4719 4694 0.29245778918266296
4721 4662 0.42063745856285095
4726 4700 0.39145252108573914
4727 4701 0.25140079855918884
4728 4655 0.3281002342700958
4729 4656 0.2545088529586792
4731 4697 0.30001458525657654
4733 4663 0.26796668767929077
4734 4659 0.256492018699646
4737 4698 0.3406549394130707
4740 4661 0.3138350248336792
4741 4671 0.41792163252830505
4744 4706 0.41752445697784424
4745 4680 0.31288111209869385
4747 4720 0.2824074625968933
4748 4721 0.3348168730735779
4750 4664 0.31867384910583496
4753 4667 0.34977051615715027
4755 4726 0.3767392337322235
4763 4775 0.2628679573535919
4766 4734 0.3738822937011719
4767 4681 0.5237764120101929
4768 4674 0.3993697166442871
4773 4737 0.25913363695144653
4774 4673 0.38226351141929626
4775 4678 0.34582746028900146
4776 4704 0.3886752426624298
4777 4756 0.3201063573360443
4778 4757 0.4357965588569641
4780 4672 0.48313695192337036
4781 4677 0.36467525362968445
4782 4754 0.2796006202697754
4783 4742 0.32967066764831543
4784 4744 0.30451369285583496
4785 4745 0.35358113050460815
4788 4758 0.3273451328277588
4789 4759 0.3543403148651123
4790 4773 0.2639232277870178
4793 4778 0.35733509063720703
4795 4684 0.28616783022880554
4796 4787 0.2565115988254547
4800 4687 0.4194709360599518
4801 4690 0.8376615047454834
4802 4716 0.35829633474349976
4809 4789 0.26575613021850586
4810 4785 0.312903493642807
4811 4702 0.3601613938808441
4812 4782 0.2935086488723755
4814 4714 0.4116024971008301
4816 4733 0.40955308079719543
4817 4790 0.31223607063293457
4818 4792 0.5812069773674011
4819 4783 0.2990057170391083
4821 4732 0.35940515995025635
4822 4723 0.34865519404411316
4824 4795 0.29273906350135803
4826 4740 0.41920337080955505
4827 4771 0.28919392824172974
4831 4751 0.41497594118118286
4835 4807 0.29924821853637695
4837 4796 0.35523828864097595
4838 4725 0.33375462889671326
4843 4809 0.32314446568489075
4844 4810 0.3083036541938782
4845 4811 0.3501155972480774
4847 4731 0.4292738437652588
4848 4752 0.3890579640865326
4850 4767 0.45107847452163696
4851 4755 0.44102948904037476
4854 4764 0.37555044889450073
4855 4765 0.3788462281227112
4856 4766 0.38696208596229553
4858 4739 0.30542343854904175
4859 4784 0.2891349196434021
4860 4786 0.33873870968818665
4867 4808 0.3592608869075775
4868 4800 0.49984481930732727
4872 4794 0.4034951329231262
4876 4793 0.34862592816352844
4880 4770 0.2936928868293762
4881 4806 0.2591855227947235
4884 4780 0.2700498402118683
4885 4816 0.5095396041870117
4891 4819 0.34806084632873535
4894 4860 0.32320454716682434
4896 4814 0.2733464539051056
4901 4875 0.27478164434432983
4902 4828 0.42081040143966675
4903 4872 0.2609359920024872
4904 4827 0.29332366585731506
4905 4818 0.8610235452651978
4906 4840 0.3506532609462738
4909 4867 0.26222822070121765
4916 4838 0.2815415859222412
4919 4822 0.2910865247249603
4920 4845 0.3008976876735687
4921 4839 0.35032936930656433
4922 4831 0.3717859089374542
4925 4826 0.33748215436935425
4934 4844 0.33410558104515076
4935 4848 0.2502371072769165
4942 4862 0.2656048536300659
4944 4864 0.305157333612442
4946 4865 0.32873037457466125
4949 4856 0.42182090878486633
4953 4855 0.4187430739402771
4954 4889 0.3821752965450287
4955 4886 0.3841056525707245
4957 4857 0.359399676322937
4959 4870 0.35370928049087524
4965 4901 0.4617561101913452
4966 4891 0.4767929017543793
4970 4890 0.3093530535697937
4974 4902 0.33492738008499146
4979 4893 0.34016895294189453
4983 4900 0.2797243595123291
4989 4903 0.41392654180526733
4994 4899 0.4247961640357971
4996 4904 0.3633560836315155
4998 4922 0.3709281384944916
4999 4910 0.8008556962013245
5002 4912 0.38933560252189636
5003 4913 0.3841125965118408
5004 4911 0.48200663924217224
5007 4916 0.27862638235092163
5008 4933 0.5159811973571777
5009 4920 0.27250340580940247
5011 4919 0.5306995511054993
5015 4926 0.3707057237625122
5016 4923 0.3261227309703827
5017 4925 0.2653033435344696
5020 4924 0.3344852924346924
5021 4936 0.30085551738739014
5023 4927 0.2857568562030792
5024 4931 0.27863648533821106
5025 4937 0.27163732051849365
5026 4938 0.25428321957588196
5029 4932 0.2536044120788574
5030 4930 0.2623562812805176
5032 4929 0.264066219329834
5034 4940 0.29201632738113403
5038 4944 0.32987791299819946
5040 4945 0.2609608769416809
5042 4947 0.3233688771724701
5044 4948 0.30472517013549805
5045 4949 0.49107202887535095
5046 4950 0.49119800329208374
5047 4952 0.4499330520629883
5049 4951 0.323581725358963
5050 4953 0.3139035701751709
5055 4958 0.5612991452217102
5056 4959 0.6388346552848816
5061 4962 0.3100420832633972
5063 4963 0.3028969466686249
