744
36 47 0.6183082461357117
41 54 0.2602587640285492
46 55 0.40334969758987427
52 62 0.34481051564216614
58 67 0.29227516055107117
283 411 0.3423612117767334
292 441 0.6091159582138062
321 477 0.2731127440929413
327 471 0.30239561200141907
330 475 0.4086027443408966
340 424 0.268100380897522
343 495 0.2910565733909607
348 395 0.32140856981277466
349 474 0.2584051191806793
353 489 0.3776320517063141
362 445 0.2871328294277191
363 415 0.2564629316329956
366 403 0.3144146800041199
396 452 0.3494551181793213
402 479 0.25155189633369446
412 516 0.26523149013519287
414 554 0.35327136516571045
423 493 0.3118138313293457
426 568 0.4210115075111389
434 531 0.3379652500152588
449 602 0.34209129214286804
456 661 0.3309754729270935
457 662 0.37368375062942505
466 610 0.37419334053993225
482 630 0.4317285716533661
507 581 0.2513260245323181
511 623 0.39627087116241455
534 631 0.38451099395751953
539 628 0.34273362159729004
558 658 0.3196560740470886
562 726 0.3233836889266968
566 657 0.31003203988075256
585 793 0.3277868628501892
587 753 0.3138173520565033
602 777 0.3904034197330475
604 794 0.33861759305000305
605 755 0.4699097275733948
606 733 0.25402799248695374
613 701 0.387258917093277
618 835 0.2557399868965149
619 786 0.28459256887435913
627 847 0.5056538581848145
629 784 0.3565898835659027
644 814 0.3393436670303345
652 795 0.3171564042568207
654 768 0.4326014816761017
659 756 0.3516220450401306
660 769 0.38847586512565613
662 885 0.5493140816688538
668 875 0.2829863131046295
672 867 0.3106837868690491
675 887 0.529329240322113
678 915 0.382396936416626
685 951 0.2525821924209595
686 934 0.2983227074146271
690 878 0.43474259972572327
700 877 0.4363147020339966
705 819 0.2921489179134369
708 920 0.3522241413593292
712 857 0.2719063460826874
718 921 0.29538920521736145
721 1003 0.31931453943252563
725 936 0.3716104328632355
729 838 0.3644544780254364
745 980 0.2518264949321747
747 964 0.2982962429523468
748 965 0.28349223732948303
750 894 0.34875860810279846
753 896 0.2813663184642792
754 993 0.46125084161758423
755 1005 0.4028445780277252
757 953 0.360866904258728
761 966 0.2739830017089844
773 994 0.2872084081172943
774 982 0.3715519607067108
778 927 0.2563074231147766
792 995 0.26411381363868713
801 1071 0.2884881794452667
802 1059 0.2732607126235962
809 1070 0.26060399413108826
821 1060 0.5488705635070801
822 1095 0.357174277305603
833 1062 0.338935524225235
834 1063 0.3114616274833679
842 1121 0.3604215085506439
855 1097 0.34227436780929565
872 1133 0.3839009404182434
889 1125 0.3975116014480591
895 1149 0.27337488532066345
897 1123 0.28909245133399963
898 1154 0.37445858120918274
906 1153 0.2806585431098938
914 1152 0.39425569772720337
915 1122 0.30991822481155396
919 1151 0.2772250473499298
920 1165 0.3144494593143463
949 1166 0.5927188992500305
952 1167 0.36369824409484863
966 1181 0.3748526871204376
973 1174 0.261709064245224
977 1173 0.29932984709739685
978 1204 0.2745971977710724
985 1197 0.2777712941169739
988 1225 0.31349459290504456
989 1226 0.2936612367630005
990 1227 0.2591763734817505
1002 1208 0.289814293384552
1006 1219 0.41976064443588257
1011 1263 0.2915913760662079
1013 1228 0.274923712015152
1016 1210 0.36943551898002625
1020 1248 0.2928764522075653
1022 1218 0.4040272831916809
1031 1260 0.3077995181083679
1032 1262 0.4460056722164154
1033 1233 0.269684374332428
1035 1238 0.32836973667144775
1040 1239 0.3552156090736389
1050 1251 0.3005363345146179
1051 1252 0.2986520528793335
1053 1254 0.3022471070289612
1055 1240 0.6956309676170349
1078 1278 0.43952882289886475
1085 1310 0.345378577709198
1088 1288 0.2517208456993103
1089 1241 0.28867340087890625
1101 1256 0.26057741045951843
1109 1291 0.2593024671077728
1114 1299 0.3039357364177704
1143 1338 0.2894723415374756
1144 1294 0.3106372654438019
1150 1348 0.29215115308761597
1151 1337 0.44746914505958557
1162 1329 0.25958552956581116
1163 1364 0.3157777488231659
1164 1351 0.4385540783405304
1184 1395 0.304187148809433
1185 1377 0.26705998182296753
1186 1350 0.3117668330669403
1190 1353 0.6364120244979858
1196 1396 0.4351005554199219
1207 1408 0.588136613368988
1216 1414 0.25678253173828125
1226 1421 0.3336489796638489
1227 1397 0.31674107909202576
1228 1422 0.32435011863708496
1233 1416 0.2537437379360199
1258 1432 0.5601141452789307
1259 1433 0.492664098739624
1260 1434 0.2708328366279602
1261 1440 0.3190764784812927
1287 1448 0.43312492966651917
1289 1451 0.2902909219264984
1291 1443 0.45620155334472656
1318 1481 0.5506809949874878
1320 1497 0.384081095457077
1321 1498 0.30018600821495056
1325 1487 0.3241061568260193
1337 1508 0.4566725492477417
1341 1488 0.3003907799720764
1351 1510 0.2790667712688446
1364 1551 0.3143868148326874
1374 1509 0.4266979694366455
1376 1548 0.26285868883132935
1383 1537 0.29569727182388306
1384 1538 0.2896963059902191
1385 1539 0.34404322504997253
1394 1556 0.2558043897151947
1403 1486 0.32571524381637573
1407 1545 0.2843063771724701
1408 1547 0.361346960067749
1411 1500 0.3110674321651459
1418 1579 0.34139513969421387
1433 1596 0.28397253155708313
1434 1571 0.2922559082508087
1436 1580 0.267426997423172
1444 1586 0.3985919952392578
1455 1589 0.4492264688014984
1467 1618 0.3241494297981262
1472 1604 0.42706191539764404
1474 1561 0.3058810830116272
1487 1613 0.25042808055877686
1488 1625 0.2686801254749298
1489 1587 0.27646493911743164
1494 1636 0.5245047211647034
1495 1615 0.29475295543670654
1498 1611 0.3034842014312744
1499 1623 0.5788262486457825
1500 1632 0.27031418681144714
1514 1682 0.2987312376499176
1518 1631 0.4935547709465027
1519 1612 0.35197094082832336
1520 1686 0.3659437298774719
1526 1695 0.3401815891265869
1529 1649 0.2944503724575043
1531 1671 0.2575550973415375
1536 1707 0.2500138282775879
1544 1716 0.2601577639579773
1547 1717 0.29433947801589966
1553 1715 0.30438652634620667
1555 1702 0.3659723401069641
1562 1711 0.26290956139564514
1579 1718 0.2883707284927368
1583 1725 0.4412511885166168
1589 1744 0.3596012592315674
1599 1751 0.3131539523601532
1600 1753 0.36471977829933167
1607 1783 0.4208461046218872
1612 1723 0.3630200922489166
1613 1724 0.4146183431148529
1629 1781 0.25429487228393555
1630 1767 0.2836490869522095
1631 1794 0.3256882131099701
1647 1829 0.44189003109931946
1665 1792 0.2824699580669403
1666 1793 0.3605346083641052
1667 1828 0.3369007408618927
1688 1791 0.7638598084449768
1697 1764 0.32086801528930664
1723 1838 0.2788501977920532
1731 1881 0.3167084753513336
1734 1903 0.2940799295902252
1735 1913 0.2514439523220062
1749 1827 0.36765846610069275
1758 1910 0.2716805934906006
1775 1960 0.5957473516464233
1782 1859 0.40053993463516235
1784 1932 0.3613676428794861
1792 1896 0.28469544649124146
1800 2018 0.3397212326526642
1803 1860 0.27132558822631836
1804 1926 0.34971681237220764
1805 1951 0.3351142704486847
1819 1939 0.3355162441730499
1820 2012 0.29563355445861816
1828 1969 0.2568393647670746
1831 1929 0.264096200466156
1858 2002 0.5838224291801453
1859 2069 0.28448837995529175
1861 2050 0.34563425183296204
1870 1958 0.2825833857059479
1884 2062 0.3956213891506195
1887 2098 0.34404847025871277
1888 2135 0.25517550110816956
1894 2048 0.3298090398311615
1895 2061 0.33256444334983826
1906 2080 0.30837422609329224
1907 2060 0.29350247979164124
1909 2109 0.28120777010917664
1910 2100 0.3468308746814728
1917 2000 0.2780463993549347
1918 2117 0.2922224700450897
1924 2043 0.25567948818206787
1925 2027 0.47349047660827637
1935 2127 0.4125913083553314
1936 2081 0.42421481013298035
1938 2130 0.30409809947013855
1942 2181 0.3037601411342621
1956 2047 0.2759481370449066
1957 2134 0.2881692349910736
1970 2092 0.26052919030189514
1971 2093 0.33055153489112854
1973 2203 0.3423360586166382
1978 2077 0.5459668636322021
1993 2155 0.3050272762775421
1994 2220 0.40588679909706116
1997 2139 0.25202348828315735
2000 2095 0.2915966510772705
2001 2153 0.3850001096725464
2016 2163 0.33220815658569336
2019 2235 0.3051227033138275
2023 2142 0.39819836616516113
2024 2143 0.46151044964790344
2028 2205 0.2626314163208008
2041 2151 0.3413642346858978
2055 2149 0.256356805562973
2067 2341 0.3417215347290039
2071 2201 0.2671906650066376
2085 2185 0.25629520416259766
2099 2148 0.37401139736175537
2105 2178 0.25465551018714905
2109 2375 0.26123952865600586
2118 2202 0.43670186400413513
2119 2349 0.330312043428421
2124 2175 0.3296920359134674
2128 2216 0.4414161741733551
2130 2246 0.2500593662261963
2138 2359 0.25812411308288574
2141 2195 0.29742899537086487
2144 2217 0.4432947337627411
2147 2263 0.42403480410575867
2149 2374 0.2709519565105438
2156 2177 0.42020243406295776
2169 2400 0.3395576477050781
2176 2311 0.3575614392757416
2178 2338 0.25875604152679443
2200 2309 0.25856953859329224
2206 2409 0.25275713205337524
2219 2460 0.3780125379562378
2221 2259 0.3787205219268799
2222 2289 0.2673305869102478
2236 2356 0.2545887231826782
2245 2319 0.33264437317848206
2251 2461 0.29268741607666016
2252 2462 0.3381519317626953
2254 2307 0.3269669711589813
2261 2484 0.30569007992744446
2269 2308 0.6363410353660583
2271 2318 0.25368398427963257
2272 2370 0.2834762930870056
2279 2368 0.3233923316001892
2292 2346 0.3279710114002228
2294 2354 0.3247874975204468
2299 2459 0.26631706953048706
2305 2317 0.2933410108089447
2312 2397 0.6214437484741211
2316 2498 0.25391682982444763
2317 2482 0.4043433666229248
2320 2353 0.2910274267196655
2321 2355 0.28648239374160767
2322 2378 0.3462376594543457
2343 2533 0.25671252608299255
2351 2395 0.2600334882736206
2361 2385 0.33261266350746155
2387 2470 0.3079425096511841
2393 2424 0.26447224617004395
2424 2519 0.29547879099845886
2428 2422 0.2924812138080597
2433 2505 0.40021347999572754
2440 2468 0.8020051717758179
2441 2457 0.3279384970664978
2444 2564 0.2851201295852661
2457 2447 0.3332648277282715
2459 2480 0.5319029688835144
2461 2518 0.25518766045570374
2470 2467 0.4177761971950531
2480 2445 0.46381455659866333
2486 2618 0.42209938168525696
2494 2647 0.2547932267189026
2503 2441 0.3571299910545349
2505 2454 0.3127385079860687
2508 2593 0.294963002204895
2533 2488 0.27054810523986816
2556 2540 0.3041456639766693
2560 2545 0.3442598283290863
2578 2543 0.6500611305236816
2596 2781 0.2637699842453003
2601 2539 0.29129093885421753
2602 2621 0.26767754554748535
2606 2624 0.26150622963905334
2609 2708 0.26406899094581604
2615 2780 0.26785987615585327
2645 2635 0.25664642453193665
2648 2707 0.2806491553783417
2650 2827 0.2922205328941345
2654 2773 0.42204946279525757
2663 2794 0.39030885696411133
2669 2815 0.42005378007888794
2675 2632 0.33416929841041565
2694 2829 0.3160914182662964
2696 2836 0.28823792934417725
2701 2631 0.2766292691230774
2705 2645 0.2614848017692566
2708 2848 0.5466446876525879
2712 2872 0.277981698513031
2719 2865 0.3146975636482239
2720 2902 0.32915639877319336
2722 2931 0.3167897164821625
2728 2715 0.258494108915329
2733 2867 0.33398228883743286
2734 2869 0.35544195771217346
2737 2695 0.34905675053596497
2738 2759 0.3641220033168793
2740 2871 0.33496665954589844
2747 2856 0.25178372859954834
2748 2866 0.4378332197666168
2753 2928 0.2744089961051941
2754 2965 0.2825677692890167
2761 2724 0.26120540499687195
2765 2903 0.36126184463500977
2775 2735 0.3948678970336914
2777 2885 0.27783405780792236
2783 2768 0.3169139325618744
2784 2769 0.41112545132637024
2785 2845 0.2951124310493469
2787 2951 0.3377104103565216
2791 2683 0.28884002566337585
2794 2939 0.26752492785453796
2796 2973 0.33063602447509766
2815 2801 0.33071863651275635
2823 2823 0.44142165780067444
2824 2991 0.2583100199699402
2839 3011 0.32899853587150574
2866 2843 0.2969772219657898
2869 3030 0.2724283039569855
2875 3028 0.30959150195121765
2881 2712 0.2611042857170105
2892 3055 0.28473103046417236
2895 2855 0.3008902370929718
2896 2824 0.5276654958724976
2904 2882 0.2595800757408142
2906 2883 0.281533807516098
2907 2936 0.2833068370819092
2918 2892 0.2921188175678253
2919 3113 0.46998053789138794
2924 3096 0.26423779129981995
2933 3093 0.25739648938179016
2939 2913 0.319836288690567
2940 3073 0.35651031136512756
2941 3061 0.3951251804828644
2942 3062 0.325162798166275
2950 2935 0.25206291675567627
2951 2926 0.33018162846565247
2955 3129 0.2897888720035553
2958 2948 0.29659906029701233
2960 3122 0.30005064606666565
2962 3114 0.40202784538269043
2964 3145 0.3610941171646118
2965 3116 0.40307745337486267
2969 3146 0.4509214758872986
2973 2949 0.41917338967323303
2983 2969 0.32082730531692505
2984 2978 0.4714907109737396
2986 3136 0.3128882646560669
2988 3169 0.25863218307495117
2989 3147 0.4519456923007965
2990 3148 0.3479367196559906
3000 3008 0.35991623997688293
3007 2959 0.3628736734390259
3009 3179 0.39738956093788147
3010 3196 0.3142620921134949
3013 2924 0.4668668806552887
3015 2990 0.3037882447242737
3018 3186 0.3068399727344513
3022 2833 0.26937413215637207
3024 3156 0.37506723403930664
3028 2851 0.2621539533138275
3030 2876 0.30732494592666626
3031 2877 0.279356986284256
3036 2989 0.2887510657310486
3046 3027 0.2639952301979065
3048 3168 0.3118129372596741
3049 3193 0.2643885016441345
3057 3039 0.6000683903694153
3058 3040 0.2913798391819
3065 2875 0.257935106754303
3068 2891 0.3707902133464813
3072 3192 0.41281208395957947
3073 3170 0.28992128372192383
3078 3058 0.38105508685112
3080 3189 0.26665839552879333
3083 3212 0.27441343665122986
3085 2862 0.26156434416770935
3086 2933 0.30510351061820984
3092 3215 0.34684211015701294
3098 2905 0.3452047109603882
3102 3226 0.25935959815979004
3109 2968 0.40066754817962646
3115 2897 0.4160541892051697
3118 3112 0.2805953621864319
3120 3251 0.2932775318622589
3121 3242 0.2563599646091461
3126 3211 0.29553064703941345
3127 3289 0.3131515681743622
3135 3057 0.3799838423728943
3137 3249 0.2925816476345062
3138 3250 0.26548609137535095
3141 3162 0.2724992632865906
3154 3090 0.39421847462654114
3166 3287 0.441257506608963
3178 3105 0.25489166378974915
3186 3021 0.3363562822341919
3194 3126 0.34821754693984985
3199 3352 0.31202471256256104
3200 3318 0.30632129311561584
3207 3050 0.3653617203235626
3212 3363 0.28227877616882324
3213 3329 0.2670128643512726
3216 3067 0.31337621808052063
3222 3184 0.3570285141468048
3226 3306 0.3594929277896881
3238 3187 0.3987402617931366
3262 3350 0.4318101108074188
3270 3210 0.3079895079135895
3285 3376 0.43286067247390747
3303 3081 0.2642042636871338
3305 3255 0.29684752225875854
3309 3386 0.36952292919158936
3314 3221 0.30822694301605225
3320 3302 0.26219820976257324
3327 3418 0.342300146818161
3328 3374 0.40496310591697693
3331 3444 0.29460543394088745
3357 3408 0.355447381734848
3376 3462 0.2807532846927643
3399 3483 0.36342987418174744
3410 3484 0.3431169092655182
3416 3569 0.29955142736434937
3421 3298 0.329896479845047
3423 3492 0.2595251202583313
3427 3254 0.506263792514801
3434 3568 0.38008204102516174
3438 3588 0.30452820658683777
3445 3491 0.28231915831565857
3447 3505 0.2503361701965332
3450 3280 0.41259366273880005
3452 3347 0.3352750837802887
3455 3521 0.49540427327156067
3462 3534 0.5704934597015381
3466 3218 0.29105129837989807
3467 3235 0.31724685430526733
3478 3597 0.2591956555843353
3479 3560 0.2587760388851166
3480 3547 0.324853777885437
3502 3397 0.29972803592681885
3512 3584 0.2856552004814148
3513 3585 0.29456862807273865
3514 3616 0.2847326397895813
3521 3615 0.29854413866996765
3524 3749 0.25297248363494873
3538 3687 0.30823075771331787
3539 3714 0.252301961183548
3545 3415 0.2559747099876404
3556 3301 0.5505445003509521
3557 3405 0.3064913749694824
3559 3662 0.4416903257369995
3571 3737 0.32184258103370667
3574 3263 0.276902437210083
3582 3757 0.3356340229511261
3590 3438 0.2851353585720062
3591 3439 0.3156452775001526
3602 3795 0.2748303711414337
3614 3774 0.3385765850543976
3615 3807 0.25076866149902344
3618 3776 0.3029460608959198
3625 3360 0.2900368869304657
3626 3361 0.3401676416397095
3628 3414 0.39046338200569153
3636 3733 0.37307342886924744
3642 3276 0.48494648933410645
3643 3277 0.5369517207145691
3647 3732 0.3514547348022461
3650 3466 0.37410199642181396
3655 3557 0.38404300808906555
3660 3871 0.25732332468032837
3664 3872 0.3915320634841919
3665 3848 0.3451553285121918
3675 3498 0.27550217509269714
3678 3783 0.3007752001285553
3683 3296 0.30804914236068726
3684 3579 0.28199303150177
3687 3771 0.31027930974960327
3711 3312 0.3115825653076172
3719 3826 0.38697612285614014
3720 3812 0.2754173278808594
3731 3610 0.2863321602344513
3732 3611 0.2806223928928375
3738 3425 0.33157259225845337
3740 3528 0.27825728058815
3752 3543 0.25668609142303467
3757 3899 0.26395922899246216
3762 3450 0.45510172843933105
3764 3632 0.2547788918018341
3775 3974 0.4125519394874573
3780 3566 0.2637055814266205
3783 3609 0.26986703276634216
3790 3934 0.2685699462890625
3796 3478 0.34564217925071716
3829 3962 0.2731952965259552
3832 3513 0.34475693106651306
3865 3996 0.2963426113128662
3866 3997 0.2646617293357849
3867 4039 0.2939504086971283
3878 3947 0.27102896571159363
3884 4038 0.4061063528060913
3893 3564 0.2665849030017853
3899 3982 0.6864429712295532
3905 3696 0.25397446751594543
3909 4037 0.26929473876953125
3915 3703 0.31631454825401306
3929 3593 0.25096985697746277
3933 3727 0.26250120997428894
3934 3709 0.30621790885925293
3943 3729 0.3199314773082733
3944 4069 0.40805211663246155
3945 4102 0.2646273970603943
3948 3453 0.29827234148979187
3954 3804 0.25993233919143677
3956 4087 0.27098217606544495
3958 4070 0.39583083987236023
3962 3643 0.3224170506000519
3975 4113 0.31253278255462646
3982 3487 0.3211331069469452
3983 3538 0.27525898814201355
3992 4142 0.2853219509124756
3993 4175 0.330074280500412
4005 3723 0.7342423796653748
4006 3768 0.2608887255191803
4021 4196 0.38474613428115845
4031 3843 0.33080193400382996
4038 4174 0.29955315589904785
4050 4143 0.3520521819591522
4056 3766 0.35146045684814453
4070 3708 0.3078318238258362
4078 4173 0.4038242697715759
4081 3765 0.3001883029937744
4096 4189 0.44298791885375977
4100 3486 0.4641570448875427
4110 4195 0.47052496671676636
4123 3840 0.3808095157146454
4135 4226 0.3950950503349304
4149 4287 0.386305034160614
4150 4288 0.3241237699985504
4157 4240 0.389324814081192
4158 4251 0.2715564966201782
4160 3623 0.38325053453445435
4161 3606 0.3209754228591919
4165 3994 0.735444962978363
4167 4249 0.3562109172344208
4173 3895 0.3584839999675751
4176 4021 0.3656562566757202
4180 3791 0.3192819356918335
4190 4312 0.25039535760879517
4194 3879 0.2531493902206421
4195 3924 0.4013436734676361
4208 4035 0.3890817165374756
4213 4267 0.3667021691799164
4214 4307 0.25222811102867126
4216 3821 0.31789377331733704
4217 3811 0.25391900539398193
4234 3838 0.26327991485595703
4237 3939 0.6049778461456299
4238 4018 0.31387752294540405
4243 4051 0.40355977416038513
4245 4068 0.39232558012008667
4246 4060 0.3023312985897064
4253 3958 0.41573530435562134
4268 3968 0.3717447817325592
4269 4066 0.2717883884906769
4277 3790 0.27480050921440125
4278 3952 0.3506937325000763
4284 3700 0.7152950763702393
4285 3911 0.26611676812171936
4300 3951 0.3942609429359436
4320 4341 0.25885576009750366
4321 4352 0.2504192590713501
4333 4152 0.2611067593097687
4334 4179 0.2907261550426483
4339 4006 0.3356737196445465
4341 4109 0.33132728934288025
4342 4169 0.5485455989837646
4353 4133 0.4186895787715912
4370 4132 0.33988845348358154
4384 4017 0.39757758378982544
4386 4192 0.2764536142349243
4394 3834 0.28604450821876526
4395 3835 0.27759358286857605
4399 3967 0.27470695972442627
4406 3820 0.3255161941051483
4407 3833 0.2642906904220581
4410 4047 0.2561788856983185
4423 3989 0.30960243940353394
4425 3990 0.43181875348091125
4427 4178 0.3943053185939789
4428 4231 0.2790178060531616
4436 3851 0.3544751703739166
4437 3891 0.31458476185798645
4451 4057 0.25561490654945374
4460 3819 0.256095826625824
4463 3921 0.5230371356010437
4476 4118 0.329103022813797
4487 4300 0.25429001450538635
4488 4275 0.45355015993118286
4506 3862 0.25444963574409485
4509 3936 0.43621736764907837
4513 4293 0.2659432291984558
4515 4093 0.26506510376930237
4525 4329 0.42987197637557983
4527 4310 0.27133023738861084
4531 4305 0.5925889015197754
4535 4323 0.5376962423324585
4538 3966 0.30185824632644653
4543 3965 0.3546469211578369
4545 4304 0.39909103512763977
4553 4328 0.27909284830093384
4556 4299 0.5077244639396667
4561 4340 0.3253045380115509
4565 4029 0.29896780848503113
4568 3988 0.2889314889907837
4571 4260 0.5045671463012695
4577 3987 0.3540538549423218
4663 4115 0.27727821469306946
4676 4127 0.2577516734600067
4702 4158 0.4081416130065918
4706 4157 0.32910585403442383
4722 4255 0.2564174234867096
4726 4518 0.3733884394168854
4731 4491 0.31277400255203247
4732 4535 0.26752418279647827
4736 4492 0.2567933201789856
4741 4279 0.45290225744247437
4746 4392 0.2733670473098755
4758 4314 0.27813974022865295
4774 4297 0.32310962677001953
4776 4333 0.2932688593864441
4780 4269 0.32310622930526733
4785 4558 0.26391565799713135
4789 4554 0.35739266872406006
4793 4553 0.25944939255714417
4799 4562 0.2818424701690674
4814 4332 0.2981458008289337
4818 4586 0.2888471782207489
4825 4600 0.2598133683204651
4826 4389 0.38996434211730957
4836 4613 0.29648396372795105
4837 4605 0.324759304523468
4840 4417 0.2857549488544464
4841 4418 0.2601252794265747
4846 4620 0.2918320298194885
4848 4400 0.30470454692840576
4856 4428 0.27627623081207275
4870 4642 0.38804635405540466
4885 4460 0.39983847737312317
4895 4656 0.2578947842121124
4897 4511 0.27508682012557983
4902 4482 0.36353111267089844
4905 4473 0.6628856062889099
4921 4489 0.2541341185569763
4946 4528 0.2694201171398163
4957 4507 0.2718804180622101
4994 4566 0.3251451253890991
4999 4575 0.3497692048549652
5002 4576 0.3204493522644043
5008 4653 0.2972171902656555
5010 4649 0.2686012089252472
5045 4673 0.28112465143203735
5047 4674 0.3302899897098541
5048 4693 0.47537586092948914
5055 4683 0.3603256046772003
