1581
24 38 0.3690830171108246
36 49 0.6710571646690369
37 53 0.618084192276001
41 55 0.2992270886898041
43 58 0.3420952260494232
45 60 0.32531076669692993
46 61 0.31361421942710876
52 65 0.40192434191703796
69 93 0.30788907408714294
70 95 0.2530255615711212
71 101 0.32208454608917236
78 110 0.25244012475013733
79 105 0.25326845049858093
81 117 0.28833910822868347
101 173 0.3508603274822235
118 160 0.31361839175224304
119 163 0.2504333555698395
228 279 0.288247287273407
252 290 0.3272174596786499
269 281 0.3003143072128296
272 341 0.3818463087081909
277 297 0.27011165022850037
283 344 0.3348816931247711
292 361 0.5445576906204224
299 323 0.2993175685405731
315 325 0.36094778776168823
321 381 0.4631700813770294
323 348 0.27380305528640747
327 390 0.3763600289821625
330 400 0.4780755043029785
336 347 0.27367696166038513
347 359 0.28077900409698486
348 363 0.289455771446228
349 399 0.2527303993701935
353 423 0.42134127020835876
355 370 0.25898119807243347
356 384 0.2751065194606781
363 386 0.40882763266563416
366 374 0.3327655792236328
368 430 0.275790274143219
369 413 0.31414225697517395
374 393 0.3408687710762024
383 445 0.2685264050960541
395 406 0.36138659715652466
396 414 0.5573880076408386
401 429 0.3928643465042114
402 426 0.33304497599601746
412 433 0.3607354462146759
414 472 0.6491758227348328
417 468 0.2733913064002991
426 474 0.3314325213432312
428 448 0.2788323760032654
438 499 0.4030117094516754
439 500 0.30537042021751404
443 491 0.25443193316459656
445 455 0.42942002415657043
447 456 0.4140939712524414
449 502 0.3156808018684387
457 589 0.387972354888916
463 462 0.3269314467906952
464 464 0.3803616166114807
465 531 0.3175480365753174
466 533 0.4040457606315613
467 522 0.2619098126888275
468 523 0.2558121681213379
474 560 0.29139816761016846
479 575 0.2963123917579651
481 554 0.29107293486595154
483 550 0.29877713322639465
491 616 0.3244878053665161
495 606 0.26805180311203003
496 590 0.2585064470767975
502 514 0.5367202758789062
504 525 0.5740775465965271
506 506 0.27643540501594543
511 577 0.4211652874946594
513 561 0.3954961597919464
514 580 0.29909640550613403
515 534 0.3514151871204376
518 654 0.3375346064567566
519 655 0.27922993898391724
521 607 0.27315595746040344
522 622 0.3079158067703247
523 608 0.3977072834968567
529 545 0.2800930142402649
530 556 0.3444923460483551
533 581 0.365571528673172
534 582 0.30703258514404297
536 617 0.2514705955982208
538 493 0.26672297716140747
539 557 0.39484792947769165
544 650 0.3792814612388611
545 638 0.2757873833179474
548 569 0.33488649129867554
556 609 0.3615858554840088
558 585 0.4383859634399414
560 699 0.34993067383766174
566 600 0.30072930455207825
570 701 0.49963414669036865
571 637 0.2560562491416931
572 685 0.3046560287475586
585 714 0.3521139919757843
587 662 0.32125717401504517
588 681 0.43886786699295044
594 686 0.44014543294906616
596 680 0.3154244124889374
597 682 0.34003758430480957
604 689 0.3658069372177124
605 690 0.5114387273788452
606 671 0.25129246711730957
609 596 0.33203330636024475
610 584 0.27183064818382263
612 666 0.33616897463798523
613 642 0.33102694153785706
618 738 0.2589806914329529
620 679 0.41071513295173645
624 595 0.40007609128952026
627 756 0.8005700707435608
629 721 0.4453175663948059
633 740 0.26558104157447815
644 722 0.3550645411014557
650 742 0.3704777657985687
652 708 0.33030322194099426
654 705 0.7023060917854309
655 695 0.332626610994339
660 706 0.5945565700531006
662 795 0.4372498691082001
666 802 0.2617253065109253
668 770 0.29002636671066284
669 764 0.26378005743026733
670 625 0.284394234418869
672 762 0.2589893341064453
674 741 0.3564300835132599
675 757 0.5254184007644653
676 773 0.46504849195480347
678 821 0.2684035301208496
681 746 0.26084768772125244
682 729 0.29858171939849854
683 833 0.2538337707519531
685 814 0.33122682571411133
686 796 0.5159659385681152
690 786 0.3776291608810425
696 745 0.2821590006351471
700 774 0.40461182594299316
703 760 0.28891441226005554
705 752 0.3172498643398285
708 805 0.39003241062164307
712 768 0.3314749002456665
716 804 0.2557068169116974
718 808 0.29891419410705566
719 723 0.2804228365421295
721 855 0.30918699502944946
725 803 0.5036762952804565
726 797 0.30129310488700867
729 775 0.4736593961715698
739 790 0.2906588017940521
740 779 0.3201695680618286
741 780 0.2913670539855957
745 877 0.28371456265449524
748 836 0.38449376821517944
750 800 0.4912940561771393
753 798 0.3135867118835449
754 878 0.502185583114624
755 886 0.4120965898036957
756 889 0.25527238845825195
757 809 0.4221404492855072
759 887 0.6053893566131592
760 847 0.3214275538921356
773 860 0.448589026927948
774 861 0.4399544894695282
777 816 0.36637917160987854
783 838 0.35366272926330566
790 939 0.29907360672950745
791 872 0.2864263951778412
795 936 0.30624857544898987
796 937 0.25749149918556213
802 946 0.277205228805542
805 825 0.2850543260574341
811 896 0.27217772603034973
812 891 0.33172377943992615
813 875 0.25831717252731323
814 972 0.30652233958244324
815 952 0.3974706828594208
817 842 0.28310641646385193
821 951 0.4656502902507782
822 953 0.35493114590644836
826 843 0.36648714542388916
833 929 0.3675617277622223
842 993 0.29096275568008423
843 985 0.337634414434433
853 999 0.3302232027053833
854 978 0.2790271043777466
855 956 0.48292502760887146
856 957 0.33691874146461487
857 864 0.3969115614891052
858 898 0.2981790602207184
863 998 0.35316526889801025
870 1018 0.35252323746681213
871 1021 0.4831341803073883
872 1026 0.40569525957107544
878 1020 0.43801990151405334
879 1007 0.39533400535583496
880 979 0.2969186007976532
888 1025 0.4313783347606659
889 1008 0.4255134165287018
891 994 0.5803285837173462
900 892 0.30912742018699646
906 1055 0.3592211604118347
913 1067 0.2663343548774719
914 1071 0.3666626513004303
919 1068 0.5026810169219971
920 1069 0.3073870837688446
923 932 0.3044660687446594
925 1072 0.3986193537712097
927 1037 0.37803635001182556
928 995 0.4399666488170624
934 1094 0.2538584768772125
936 1046 0.28578245639801025
937 1027 0.45316362380981445
938 1028 0.37626564502716064
944 1085 0.31496119499206543
946 973 0.5340321063995361
949 1073 0.6247345209121704
952 1058 0.27677860856056213
959 1101 0.25306588411331177
966 1109 0.34715715050697327
967 1030 0.2815249264240265
969 1119 0.30278661847114563
971 1080 0.3494257926940918
973 1102 0.2781325876712799
976 1120 0.25321120023727417
977 1081 0.2722434103488922
979 1103 0.2893528342247009
985 1098 0.3206639587879181
989 1118 0.29981324076652527
990 1143 0.28498855233192444
991 1144 0.3611106276512146
992 1145 0.28642502427101135
1002 1114 0.29221466183662415
1006 1111 0.6143085360527039
1008 1092 0.3282751739025116
1010 1158 0.2680124342441559
1011 1159 0.2836547791957855
1014 1160 0.7514508962631226
1016 1117 0.38365936279296875
1017 1121 0.43697431683540344
1020 1172 0.2983497381210327
1021 1113 0.3692157566547394
1022 1130 0.43013688921928406
1026 1106 0.2648106813430786
1030 1185 0.2913025915622711
1031 1186 0.3790283501148224
1032 1201 0.4573397934436798
1035 1138 0.3120967447757721
1036 1088 0.2688262164592743
1037 1173 0.2642211318016052
1040 1139 0.263184517621994
1041 1146 0.3541649580001831
1042 1132 0.29027125239372253
1044 1199 0.3648669123649597
1045 1212 0.2943897247314453
1046 1171 0.28344061970710754
1047 1204 0.4558488726615906
1048 1178 0.2854090631008148
1049 1179 0.29289600253105164
1051 1163 0.30688825249671936
1052 1164 0.29747381806373596
1053 1165 0.38042765855789185
1055 1153 0.8046797513961792
1061 1202 0.2978101968765259
1062 1174 0.2585631310939789
1063 1175 0.2505188584327698
1065 1177 0.34081417322158813
1068 1105 0.3024391531944275
1073 1206 0.29723164439201355
1074 1122 0.31086310744285583
1078 1189 0.3889574110507965
1082 1167 0.38027456402778625
1085 1263 0.2873155176639557
1087 1213 0.26420098543167114
1088 1205 0.2598237991333008
1089 1148 0.2930507957935333
1091 1124 0.2534503936767578
1093 1169 0.32241305708885193
1101 1149 0.259910523891449
1103 1193 0.2541503608226776
1105 1240 0.3431214988231659
1109 1195 0.4890362322330475
1112 1251 0.43826809525489807
1113 1265 0.2835446894168854
1115 1230 0.3123266100883484
1124 1181 0.3354269862174988
1135 1236 0.29318439960479736
1144 1224 0.39625537395477295
1150 1321 0.42798417806625366
1151 1298 0.3723735213279724
1162 1299 0.261732280254364
1164 1355 0.3341929018497467
1166 1289 0.254223108291626
1168 1190 0.2985062599182129
1170 1266 0.39242061972618103
1181 1272 0.466074138879776
1184 1322 0.2830616235733032
1185 1313 0.2673650085926056
1186 1314 0.4420868754386902
1190 1316 0.5174999833106995
1195 1350 0.34793806076049805
1208 1246 0.27075278759002686
1211 1318 0.2564658522605896
1212 1341 0.2507399618625641
1216 1381 0.25556808710098267
1218 1324 0.26297977566719055
1226 1393 0.35567933320999146
1227 1352 0.3016435503959656
1228 1354 0.3861786723136902
1229 1382 0.2724228501319885
1231 1372 0.25527945160865784
1235 1362 0.250722736120224
1242 1353 0.27476853132247925
1259 1402 0.3179807662963867
1261 1415 0.5520639419555664
1263 1330 0.2605915665626526
1274 1405 0.4565880596637726
1277 1438 0.45890170335769653
1289 1452 0.2810452878475189
1290 1417 0.2900374233722687
1291 1419 0.3944670557975769
1292 1385 0.2559715509414673
1300 1441 0.49219024181365967
1308 1395 0.25346294045448303
1316 1388 0.26130279898643494
1318 1479 0.41409316658973694
1320 1480 0.4974774718284607
1321 1451 0.5504394769668579
1322 1466 0.2568565011024475
1323 1396 0.28711119294166565
1324 1455 0.5206151008605957
1325 1456 0.3054598569869995
1326 1431 0.4407116174697876
1333 1436 0.33750852942466736
1336 1490 0.28318771719932556
1341 1442 0.3117055892944336
1349 1500 0.330949604511261
1356 1469 0.2718316614627838
1357 1483 0.4864036440849304
1365 1484 0.2507425844669342
1366 1496 0.2804830074310303
1369 1524 0.25561416149139404
1374 1501 0.4252152442932129
1383 1533 0.2903573513031006
1384 1534 0.27607449889183044
1385 1542 0.3473552167415619
1390 1519 0.2609051465988159
1394 1507 0.5037233233451843
1403 1540 0.25978514552116394
1408 1543 0.2666202485561371
1409 1544 0.25779494643211365
1414 1515 0.2818072438240051
1417 1554 0.3017413914203644
1418 1545 0.25338393449783325
1424 1546 0.34573349356651306
1426 1531 0.33383709192276
1427 1559 0.2948637306690216
1432 1571 0.6195034384727478
1433 1572 0.378773957490921
1434 1573 0.2924806475639343
1437 1568 0.37420618534088135
1439 1584 0.26189032196998596
1442 1595 0.5279232263565063
1444 1575 0.26937437057495117
1445 1547 0.26949745416641235
1447 1652 0.30994513630867004
1448 1596 0.30012792348861694
1450 1577 0.3347855806350708
1455 1579 0.4839541018009186
1456 1548 0.4002363681793213
1458 1592 0.3339322805404663
1459 1593 0.2909006178379059
1460 1560 0.2603553533554077
1462 1614 0.5358968377113342
1467 1569 0.262904554605484
1470 1612 0.401604026556015
1472 1613 0.40056630969047546
1473 1615 0.3447868525981903
1474 1512 0.3461577594280243
1478 1603 0.5501161813735962
1479 1604 0.5275965929031372
1480 1583 0.2601466178894043
1481 1610 0.2742711007595062
1483 1609 0.3472604751586914
1486 1638 0.3820040225982666
1487 1639 0.4129597544670105
1493 1597 0.25808078050613403
1494 1647 0.5172448754310608
1498 1611 0.32749250531196594
1499 1666 0.4318809509277344
1500 1653 0.2753172516822815
1502 1616 0.4178076684474945
1503 1617 0.3098706603050232
1513 1621 0.29072117805480957
1514 1648 0.2515161633491516
1526 1622 0.2943703532218933
1529 1686 0.29879021644592285
1531 1688 0.2849940061569214
1534 1646 0.28959962725639343
1536 1696 0.3095304071903229
1540 1689 0.2643209397792816
1546 1681 0.27676910161972046
1547 1659 0.28463029861450195
1553 1698 0.36127492785453796
1554 1699 0.3871813416481018
1555 1709 0.35439741611480713
1557 1701 0.371467649936676
1560 1715 0.33859983086586
1561 1717 0.3409312069416046
1570 1707 0.29509636759757996
1574 1726 0.2628830075263977
1575 1727 0.3412528932094574
1579 1711 0.46571868658065796
1583 1725 0.4626491367816925
1589 1734 0.46870309114456177
1599 1747 0.35554367303848267
1600 1736 0.3078356385231018
1606 1745 0.28529801964759827
1607 1778 0.3912942707538605
1609 1694 0.2584667503833771
1610 1724 0.3731709122657776
1612 1766 0.6547142863273621
1613 1756 0.3477111756801605
1616 1768 0.26273712515830994
1625 1820 0.4079229235649109
1628 1788 0.34613004326820374
1629 1789 0.27974650263786316
1630 1790 0.29145848751068115
1631 1776 0.34977319836616516
1632 1777 0.3835678994655609
1641 1774 0.38458800315856934
1645 1779 0.29412397742271423
1646 1780 0.25565415620803833
1647 1764 0.3107670545578003
1656 1814 0.25822579860687256
1657 1798 0.3107872009277344
1660 1828 0.3556698262691498
1662 1797 0.32667088508605957
1665 1799 0.37618133425712585
1666 1758 0.321978896856308
1667 1815 0.3458426296710968
1669 1830 0.42109018564224243
1673 1836 0.4586225748062134
1677 1822 0.34596866369247437
1680 1816 0.2887061834335327
1685 1824 0.34439054131507874
1686 1826 0.3281371593475342
1688 1819 0.6757329702377319
1689 1785 0.39576441049575806
1696 1849 0.25766614079475403
1702 1842 0.5769931674003601
1713 1860 0.2637377977371216
1723 1868 0.35925576090812683
1724 1838 0.40971678495407104
1731 1880 0.28901442885398865
1734 1881 0.3683747947216034
1743 1909 0.38326916098594666
1747 1947 0.3195241093635559
1749 1869 0.3254777193069458
1752 1883 0.2909078299999237
1755 1937 0.343124121427536
1759 1913 0.3226846754550934
1761 1894 0.3700469732284546
1774 1892 0.28850966691970825
1775 1949 0.2931332290172577
1777 1923 0.2933334708213806
1779 1916 0.2705339193344116
1780 1840 0.2990225553512573
1781 1919 0.29603275656700134
1782 1936 0.42816299200057983
1783 1900 0.3129843771457672
1784 1914 0.3418424725532532
1789 1968 0.25518086552619934
1796 1972 0.34327369928359985
1798 1939 0.2614526152610779
1800 1952 0.3016858398914337
1803 1866 0.40592435002326965
1804 1961 0.271538108587265
1806 1915 0.36280620098114014
1812 1978 0.3336050808429718
1817 1993 0.36951586604118347
1819 1958 0.34731876850128174
1820 1965 0.3173064589500427
1827 1970 0.26024389266967773
1831 1971 0.2503032088279724
1837 1975 0.25395750999450684
1838 1934 0.3423226773738861
1839 2010 0.4290209412574768
1847 2013 0.46207326650619507
1853 2011 0.2514873743057251
1854 2055 0.5290638208389282
1855 2001 0.3887464106082916
1857 2045 0.25403648614883423
1858 1989 0.49201613664627075
1859 2007 0.3200398087501526
1860 2008 0.2871840298175812
1861 1990 0.4544827938079834
1868 2060 0.26043829321861267
1870 1986 0.3562900722026825
1874 2084 0.3399156928062439
1876 2088 0.3515462577342987
1877 2089 0.3913528621196747
1882 2014 0.2556973099708557
1883 2028 0.25728651881217957
1884 2006 0.4228362739086151
1885 2047 0.2608228027820587
1891 2043 0.28832095861434937
1893 2061 0.27501705288887024
1894 2063 0.4688953161239624
1895 2094 0.38762617111206055
1896 2015 0.454203337430954
1897 2064 0.27464643120765686
1902 2114 0.35419806838035583
1904 2074 0.27114349603652954
1905 2091 0.29548555612564087
1906 2077 0.343265175819397
1907 2093 0.4308919310569763
1908 2079 0.2717254161834717
1910 2081 0.28291425108909607
1911 2082 0.40040817856788635
1917 2076 0.49107950925827026
1918 2078 0.3015883266925812
1924 2122 0.2558721899986267
1925 2101 0.6133058071136475
1931 2105 0.2624801695346832
1935 2138 0.46835678815841675
1936 2107 0.35324543714523315
1943 2123 0.32428979873657227
1952 2141 0.31516700983047485
1957 2155 0.42939913272857666
1964 2183 0.4787338674068451
1968 2103 0.28211137652397156
1969 2149 0.2645065486431122
1970 2150 0.28604885935783386
1971 2151 0.3484657108783722
1973 2172 0.303666889667511
1975 2185 0.2965891659259796
1978 2162 0.6185122728347778
1991 2226 0.31631001830101013
1993 2202 0.33499574661254883
1994 2206 0.27390724420547485
1997 2181 0.4725765287876129
1999 2168 0.2987976372241974
2000 2174 0.5260340571403503
2001 2218 0.4051392674446106
2014 2194 0.25572583079338074
2016 2176 0.31835368275642395
2021 2188 0.2706221640110016
2022 2232 0.3944358229637146
2023 2233 0.4020524024963379
2024 2234 0.446023553609848
2026 2248 0.3101668953895569
2027 2205 0.2772282361984253
2029 2192 0.31636130809783936
2041 2229 0.3650949001312256
2044 2217 0.29149100184440613
2047 2265 0.29771846532821655
2048 2237 0.5316869020462036
2052 2271 0.2544132471084595
2056 2228 0.2679232358932495
2058 2291 0.2691694498062134
2059 2208 0.2649473547935486
2066 2317 0.25518596172332764
2067 2303 0.3050071895122528
2069 2215 0.3274141252040863
2071 2203 0.3209044337272644
2086 2290 0.326947957277298
2087 2251 0.31118789315223694
2088 2293 0.2685878872871399
2090 2239 0.2804979979991913
2095 2366 0.2789699137210846
2096 2329 0.25202301144599915
2098 2283 0.37346500158309937
2099 2216 0.4113537073135376
2100 2245 0.2668723464012146
2102 2246 0.2801659405231476
2103 2286 0.49449610710144043
2104 2277 0.3193989098072052
2109 2367 0.30532559752464294
2114 2285 0.3735693693161011
2117 2278 0.28523898124694824
2118 2250 0.3690432608127594
2119 2349 0.283390611410141
2124 2304 0.6669369339942932
2125 2305 0.5552202463150024
2126 2306 0.33574992418289185
2128 2339 0.7688082456588745
2129 2323 0.298281729221344
2130 2342 0.30820077657699585
2131 2292 0.336093008518219
2136 2361 0.31752774119377136
2140 2439 0.3770692050457001
2141 2336 0.2946818470954895
2144 2346 0.4481165409088135
2145 2340 0.48849648237228394
2147 2391 0.5692939758300781
2169 2416 0.45251670479774475
2173 2353 0.29647406935691833
2175 2358 0.30169159173965454
2176 2359 0.2994714677333832
2178 2396 0.28233638405799866
2182 2456 0.3083895146846771
2183 2375 0.2517203688621521
2191 2454 0.31710076332092285
2197 2335 0.4916727840900421
2199 2393 0.2953965365886688
2200 2394 0.41498544812202454
2201 2381 0.29573675990104675
2204 2482 0.2547609210014343
2206 2437 0.26352056860923767
2207 2438 0.25840240716934204
2213 2376 0.25598227977752686
2214 2352 0.39425718784332275
2215 2380 0.3350011706352234
2216 2356 0.28670814633369446
2217 2395 0.32230114936828613
2219 2496 0.35946789383888245
2221 2388 0.2903856039047241
2224 2401 0.2693987786769867
2235 2433 0.29598814249038696
2243 2400 0.3015417456626892
2244 2379 0.2723948061466217
2245 2431 0.4359337389469147
2246 2403 0.4544377326965332
2251 2521 0.25701382756233215
2252 2509 0.3072088956832886
2261 2555 0.3509332537651062
2262 2473 0.2815297544002533
2263 2423 0.2551015317440033
2269 2428 0.42577362060546875
2270 2412 0.31964054703712463
2271 2446 0.2623240351676941
2272 2491 0.3099457025527954
2273 2520 0.3988882005214691
2278 2463 0.36444196105003357
2279 2502 0.36182039976119995
2280 2434 0.27752557396888733
2285 2514 0.41567185521125793
2288 2486 0.3005145490169525
2291 2476 0.2732408940792084
2292 2427 0.328780859708786
2294 2478 0.3820251524448395
2295 2479 0.2641022503376007
2297 2505 0.2977607846260071
2299 2507 0.3377377986907959
2304 2487 0.36967095732688904
2305 2535 0.4120800793170929
2306 2461 0.27986499667167664
2308 2462 0.36131903529167175
2312 2512 0.6427573561668396
2313 2528 0.34135088324546814
2317 2600 0.32977035641670227
2318 2590 0.318143367767334
2320 2488 0.49560606479644775
2321 2490 0.40370604395866394
2322 2526 0.44985711574554443
2323 2500 0.4033623933792114
2337 2558 0.3791183829307556
2338 2510 0.2595261335372925
2342 2548 0.3156907260417938
2343 2588 0.26614469289779663
2344 2642 0.27247899770736694
2345 2628 0.32505956292152405
2346 2498 0.49441877007484436
2347 2499 0.2816038727760315
2354 2572 0.34791284799575806
2355 2611 0.2908797860145569
2358 2564 0.3006705045700073
2361 2538 0.5169371962547302
2365 2571 0.3386838138103485
2371 2565 0.2654334306716919
2385 2536 0.2640085518360138
2387 2582 0.25881528854370117
2391 2489 0.32016924023628235
2392 2566 0.2521384060382843
2393 2605 0.2762003540992737
2403 2620 0.2793141007423401
2405 2654 0.30794045329093933
2406 2655 0.4771440625190735
2414 2579 0.2866726219654083
2415 2682 0.3284730911254883
2416 2581 0.3158087730407715
2417 2646 0.4239252507686615
2420 2606 0.31817522644996643
2424 2657 0.2853393852710724
2428 2602 0.31956493854522705
2429 2603 0.3270714581012726
2434 2637 0.28308671712875366
2437 2595 0.33853331208229065
2440 2670 0.7420936822891235
2441 2631 0.2891136705875397
2444 2720 0.3820692300796509
2445 2698 0.33807259798049927
2448 2709 0.33439597487449646
2456 2667 0.30570435523986816
2457 2668 0.3576801121234894
2458 2685 0.29551684856414795
2459 2669 0.5868871212005615
2461 2674 0.35452350974082947
2462 2717 0.39117711782455444
2463 2697 0.319996178150177
2469 2683 0.42695358395576477
2470 2616 0.262408584356308
2471 2672 0.3042457699775696
2472 2673 0.3181970715522766
2474 2739 0.3089429438114166
2475 2706 0.31626901030540466
2480 2691 0.5093569159507751
2484 2719 0.641193687915802
2486 2729 0.332324743270874
2491 2714 0.29744091629981995
2492 2696 0.2606360614299774
2493 2718 0.3238537311553955
2496 2725 0.2519110441207886
2505 2666 0.3249904215335846
2507 2693 0.3289147913455963
2510 2740 0.26977595686912537
2513 2802 0.2590908706188202
2516 2695 0.38720425963401794
2517 2753 0.25480806827545166
2521 2705 0.3608108162879944
2532 2689 0.3658669590950012
2533 2702 0.3274616003036499
2534 2723 0.31332334876060486
2538 2786 0.39220884442329407
2539 2787 0.3643411695957184
2544 2713 0.2524304986000061
2549 2800 0.4240105450153351
2555 2716 0.34330248832702637
2556 2756 0.5521408319473267
2561 2737 0.29931098222732544
2562 2688 0.33776000142097473
2563 2724 0.3335916996002197
2576 2757 0.3320070207118988
2577 2735 0.2889033854007721
2578 2758 0.7871863842010498
2594 2839 0.25777748227119446
2596 2867 0.3297593295574188
2600 2734 0.29190078377723694
2601 2776 0.2949703335762024
2606 2751 0.31792953610420227
2607 2761 0.4050341844558716
2608 2853 0.2618541121482849
2609 2898 0.2924650311470032
2616 2889 0.254147469997406
2627 2854 0.38979923725128174
2629 2901 0.288704514503479
2636 2865 0.3045543432235718
2638 2882 0.2722511887550354
2642 2803 0.44083645939826965
2643 2816 0.2917875051498413
2645 2819 0.4677198529243469
2647 2785 0.2998338043689728
2648 2810 0.39604267477989197
2650 2919 0.3064723610877991
2654 2888 0.34819266200065613
2668 2809 0.5540396571159363
2669 2875 0.28131237626075745
2670 2961 0.27498742938041687
2673 2871 0.32669612765312195
2674 2850 0.3130655586719513
2676 2824 0.27880340814590454
2678 2847 0.4716697037220001
2687 2859 0.2973257601261139
2688 2863 0.2854820191860199
2694 2954 0.4392036497592926
2695 2852 0.25834327936172485
2697 2944 0.34443849325180054
2701 2881 0.49077239632606506
2702 2872 0.32745471596717834
2706 2796 0.32532408833503723
2708 2953 0.4574274718761444
2710 2892 0.28270119428634644
2711 2920 0.3741016387939453
2712 2997 0.39664971828460693
2718 2930 0.38263261318206787
2719 2943 0.36607879400253296
2720 2972 0.4319859743118286
2722 3034 0.38704586029052734
2726 2904 0.2534013092517853
2729 2896 0.4499673843383789
2732 2897 0.30874618887901306
2734 2973 0.32375460863113403
2737 2923 0.3854123055934906
2738 2906 0.3522093594074249
2740 3002 0.38390567898750305
2742 2911 0.363264262676239
2747 2942 0.4932357370853424
2748 3000 0.3680601716041565
2751 2993 0.2967942953109741
2752 3003 0.3297995924949646
2753 3004 0.35504287481307983
2757 2921 0.3048769235610962
2763 2918 0.3776111602783203
2765 3030 0.2831539511680603
2770 3045 0.258494108915329
2772 3073 0.29146987199783325
2775 2907 0.5322439074516296
2776 2971 0.4407658278942108
2777 2990 0.28580617904663086
2778 2992 0.2538311183452606
2779 3092 0.3321093022823334
2783 2950 0.5041866302490234
2784 2941 0.6441497206687927
2791 2963 0.3086772859096527
2794 3044 0.32755905389785767
2796 3071 0.2811793386936188
2797 3072 0.28775838017463684
2799 3091 0.358476459980011
2801 2964 0.29709392786026
2804 3017 0.33619624376296997
2816 3065 0.28362420201301575
2817 3066 0.3538273572921753
2823 3055 0.4107053577899933
2824 3088 0.4405019283294678
2825 3069 0.30102914571762085
2826 3057 0.25023138523101807
2828 3127 0.28833499550819397
2829 3140 0.3181467056274414
2831 3114 0.32348671555519104
2836 3040 0.2712898850440979
2837 3056 0.2917413115501404
2839 3043 0.2626214027404785
2860 3131 0.2678067684173584
2867 3087 0.37885236740112305
2869 3124 0.3059779405593872
2870 3126 0.3707573413848877
2871 3158 0.257109671831131
2875 3100 0.29534414410591125
2886 3156 0.39748430252075195
2889 3175 0.27597129344940186
2890 3160 0.28234392404556274
2892 3177 0.3570033013820648
2895 3085 0.6663609147071838
2896 2970 0.5531632900238037
2906 3095 0.34783056378364563
2907 3064 0.3893066346645355
2910 3188 0.31224173307418823
2917 3084 0.4622654616832733
2918 3123 0.3324011564254761
2919 3199 0.6178566813468933
2921 3224 0.29675865173339844
2922 3234 0.27727848291397095
2924 3235 0.4404326379299164
2927 3137 0.34137627482414246
2929 3154 0.37165331840515137
2930 3174 0.2971304655075073
2931 3183 0.2922450602054596
2932 3201 0.40357592701911926
2933 3244 0.3259703814983368
2936 3108 0.3602256178855896
2938 3109 0.29137372970581055
2939 3122 0.3300154209136963
2941 3185 0.36411574482917786
2942 3202 0.39629921317100525
2955 3273 0.3675750494003296
2958 3152 0.26495999097824097
2959 3222 0.5423105359077454
2960 3272 0.321781188249588
2963 3257 0.40191513299942017
2964 3261 0.3562510013580322
2965 3262 0.6031884551048279
2973 3182 0.6966028213500977
2977 3146 0.3685157001018524
2978 3178 0.33324894309043884
2983 3138 0.25664764642715454
2984 3197 0.36165791749954224
2987 3296 0.5179211497306824
2988 3290 0.3960917890071869
2989 3291 0.435991108417511
2990 3275 0.2529664635658264
2992 3145 0.29402610659599304
2993 3133 0.29543089866638184
2994 3179 0.2964073419570923
2999 3219 0.2938954532146454
3000 3198 0.2814996838569641
3002 3319 0.29677337408065796
3007 3169 0.37740594148635864
3013 3181 0.46034032106399536
3014 3218 0.37658047676086426
3016 3170 0.7944112420082092
3017 3309 0.377117395401001
3018 3315 0.3967609405517578
3019 3298 0.30693042278289795
3023 3167 0.2742096483707428
3024 3308 0.4602542817592621
3025 3302 0.30463799834251404
3030 3211 0.32423320412635803
3031 3212 0.3456573486328125
3032 3214 0.3255814015865326
3035 3279 0.7863767743110657
3036 3217 0.4024267792701721
3044 3231 0.4823961555957794
3046 3260 0.3252207934856415
3048 3326 0.3169184625148773
3049 3327 0.2518031895160675
3053 3242 0.26605257391929626
3055 3254 0.5414779782295227
3057 3255 0.4692523181438446
3058 3269 0.28223487734794617
3059 3317 0.2642400562763214
3061 3351 0.2735676169395447
3063 3337 0.28293827176094055
3065 3251 0.3298562169075012
3067 3253 0.2683466970920563
3068 3230 0.4831613600254059
3069 3220 0.45435279607772827
3071 3318 0.435384064912796
3073 3366 0.34394776821136475
3074 3250 0.2940123677253723
3075 3237 0.25585561990737915
3077 3286 0.25270798802375793
3078 3288 0.3754329979419708
3080 3334 0.33147740364074707
3082 3335 0.31630006432533264
3083 3349 0.31224530935287476
3084 3365 0.4237627387046814
3086 3267 0.3118700385093689
3087 3268 0.31601694226264954
3091 3378 0.2931133806705475
3097 3249 0.2635776102542877
3098 3277 0.4419245719909668
3100 3271 0.3790391981601715
3109 3285 0.505724310874939
3111 3376 0.39822152256965637
3112 3377 0.29034683108329773
3115 3240 0.3196222484111786
3118 3300 0.3299238681793213
3119 3281 0.4220961630344391
3120 3412 0.27289193868637085
3124 3361 0.4737601578235626
3126 3362 0.5029375553131104
3127 3411 0.33035802841186523
3130 3415 0.29344987869262695
3135 3305 0.4011485278606415
3137 3422 0.3121345341205597
3141 3325 0.27950969338417053
3145 3265 0.32876142859458923
3147 3312 0.324779748916626
3148 3395 0.390982061624527
3155 3333 0.2772335112094879
3156 3410 0.29663753509521484
3161 3345 0.2748759984970093
3162 3347 0.38706615567207336
3171 3452 0.26351654529571533
3172 3433 0.2626096308231354
3173 3434 0.37311506271362305
3186 3340 0.37888163328170776
3188 3455 0.4490097463130951
3190 3454 0.5922273397445679
3195 3375 0.295925498008728
3199 3519 0.3015371561050415
3200 3482 0.35140112042427063
3202 3521 0.27302679419517517
3203 3512 0.26823922991752625
3206 3384 0.30529123544692993
3207 3369 0.35217374563217163
3212 3532 0.27856022119522095
3213 3494 0.3466430604457855
3214 3496 0.26865294575691223
3215 3385 0.29393860697746277
3216 3407 0.3646164834499359
3218 3480 0.4407137334346771
3222 3390 0.3533707857131958
3225 3463 0.3298766613006592
3228 3397 0.3293677270412445
3238 3409 0.2987574636936188
3244 3486 0.2984473407268524
3254 3402 0.2878701090812683
3262 3517 0.3497832119464874
3270 3432 0.29188212752342224
3272 3451 0.3358687162399292
3274 3505 0.308225154876709
3278 3524 0.2760099768638611
3284 3516 0.2599685490131378
3285 3558 0.5068217515945435
3286 3566 0.28257423639297485
3294 3506 0.26390206813812256
3296 3528 0.2904806137084961
3297 3531 0.25601816177368164
3298 3557 0.32635295391082764
3300 3428 0.27465587854385376
3303 3417 0.315569132566452
3304 3387 0.38776299357414246
3305 3461 0.47258374094963074
3309 3549 0.38794127106666565
3314 3450 0.31819069385528564
3325 3575 0.3133998513221741
3326 3579 0.26961392164230347
3327 3565 0.30812641978263855
3329 3584 0.25887057185173035
3331 3622 0.27286410331726074
3349 3472 0.2553809881210327
3350 3466 0.31112557649612427
3357 3593 0.3064674139022827
3358 3630 0.28108710050582886
3368 3576 0.39083966612815857
3371 3595 0.3336547017097473
3376 3631 0.3342987298965454
3381 3471 0.3713139295578003
3382 3442 0.36464324593544006
3387 3484 0.30105987191200256
3391 3599 0.3015460669994354
3399 3683 0.30796748399734497
3400 3650 0.257515549659729
3402 3660 0.26564183831214905
3405 3598 0.27604421973228455
3408 3616 0.3127221167087555
3410 3658 0.2726900577545166
3414 3514 0.303643137216568
3417 3707 0.26300737261772156
3420 3483 0.4206085801124573
3421 3553 0.6514711976051331
3423 3649 0.2870621979236603
3424 3727 0.40232932567596436
3427 3515 0.5014825463294983
3432 3728 0.3241617977619171
3435 3752 0.3972357213497162
3436 3739 0.27123063802719116
3438 3754 0.26806125044822693
3440 3537 0.31236472725868225
3443 3499 0.2736873924732208
3446 3682 0.38346660137176514
3449 3552 0.40202784538269043
3450 3547 0.4262579083442688
3458 3772 0.2891012728214264
3462 3726 0.558489978313446
3465 3784 0.33449581265449524
3466 3580 0.3202235996723175
3467 3477 0.4516552984714508
3471 3545 0.3189913034439087
3478 3750 0.4131709039211273
3480 3725 0.39962002635002136
3481 3767 0.383770614862442
3482 3821 0.2691119611263275
3485 3560 0.26101765036582947
3486 3562 0.26103928685188293
3489 3563 0.32731297612190247
3495 3801 0.3291953206062317
3502 3713 0.318779319524765
3506 3813 0.29626181721687317
3507 3570 0.2541086971759796
3508 3590 0.35380780696868896
3512 3799 0.363865464925766
3513 3800 0.48104044795036316
3514 3811 0.389850914478302
3516 3604 0.3195646405220032
3520 3808 0.255086213350296
3521 3810 0.2941436171531677
3523 3934 0.3493538200855255
3524 3905 0.28985798358917236
3526 3587 0.2758733928203583
3527 3588 0.3131551444530487
3528 3589 0.37114471197128296
3531 3583 0.3683551251888275
3532 3677 0.503940999507904
3533 3573 0.31075519323349
3534 3678 0.26988041400909424
3538 3803 0.2738952338695526
3539 3904 0.40659967064857483
3541 3710 0.32587122917175293
3542 3711 0.4563778042793274
3545 3699 0.27757903933525085
3547 3809 0.27472659945487976
3548 3864 0.26786601543426514
3549 3837 0.25092270970344543
3552 3624 0.4282740652561188
3555 3645 0.25782886147499084
3556 3613 0.4413134753704071
3557 3654 0.3750007152557373
3559 3835 0.3964039087295532
3562 3880 0.2569018304347992
3563 3903 0.44729676842689514
3568 3719 0.30958324670791626
3571 3916 0.43148982524871826
3574 3644 0.26124873757362366
3578 3749 0.26315340399742126
3580 3881 0.2810284197330475
3585 3638 0.2701106071472168
3586 3627 0.2988084554672241
3588 3675 0.30269885063171387
3589 3646 0.377621591091156
3591 3691 0.3426365554332733
3592 3794 0.38625454902648926
3593 3901 0.36098358035087585
3598 3673 0.3307754099369049
3602 3980 0.2616102397441864
3607 3779 0.28595203161239624
3608 3820 0.3414221704006195
3614 3964 0.4444626569747925
3617 3950 0.2532208561897278
3618 4017 0.3408125340938568
3625 3717 0.31350177526474
3626 3640 0.6623522639274597
3627 3676 0.5693352222442627
3628 3730 0.32926344871520996
3629 3734 0.25444066524505615
3636 3927 0.38042402267456055
3637 3928 0.3727668523788452
3638 3929 0.2662317454814911
3642 3686 0.5169549584388733
3647 3914 0.5874963998794556
3650 3733 0.2694961726665497
3659 3963 0.2830275893211365
3661 4036 0.2805493474006653
3662 4016 0.282890260219574
3664 4062 0.40495461225509644
3665 4037 0.39296963810920715
3666 4063 0.3002607524394989
3667 3652 0.5893741250038147
3674 3773 0.2620714604854584
3675 3778 0.32772213220596313
3678 3977 0.2962626516819
3681 4046 0.2846340835094452
3684 3818 0.2921132445335388
3687 3962 0.3738844394683838
3691 3847 0.2887529730796814
3704 3774 0.25715872645378113
3711 3743 0.4510922431945801
3712 3744 0.32014086842536926
3714 3775 0.25112977623939514
3721 4044 0.2827834486961365
3722 4045 0.269964337348938
3724 3824 0.2605428695678711
3725 3846 0.4439500570297241
3728 3897 0.38154563307762146
3732 3974 0.37154772877693176
3734 4014 0.3000117242336273
3735 4060 0.3739365041255951
3738 3729 0.31704390048980713
3742 3845 0.27785050868988037
3749 3841 0.32336580753326416
3752 3895 0.27157074213027954
3754 3896 0.44436728954315186
3756 4101 0.31883952021598816
3757 4102 0.28474703431129456
3761 3814 0.4833272695541382
3762 3761 0.582913339138031
3763 3910 0.2754948139190674
3764 3972 0.30426231026649475
3765 3958 0.39837461709976196
3767 4112 0.26470690965652466
3772 3815 0.4276520609855652
3773 3893 0.2805589735507965
3775 4155 0.4826625883579254
3777 4168 0.26803159713745117
3783 3944 0.3371945321559906
3790 4133 0.38650548458099365
3793 4171 0.25175565481185913
3796 3874 0.3881955146789551
3797 3925 0.28537285327911377
3799 4010 0.4749435782432556
3807 3994 0.30177420377731323
3812 3830 0.29074862599372864
3817 3923 0.3469337522983551
3818 3892 0.2962343990802765
3820 4030 0.35219526290893555
3822 3993 0.32108747959136963
3823 4031 0.38126811385154724
3826 4111 0.29248371720314026
3827 4131 0.2630108892917633
3829 4167 0.40343162417411804
3835 3891 0.27565670013427734
3837 4028 0.32202956080436707
3843 3969 0.27459877729415894
3844 4029 0.25212013721466064
3847 4165 0.4102137088775635
3858 4056 0.4498326778411865
3864 4234 0.27444902062416077
3865 4212 0.3088277578353882
3866 4213 0.3258615732192993
3867 4236 0.35265234112739563
3868 4214 0.40664541721343994
3874 3921 0.34474214911460876
3876 4026 0.3423282504081726
3883 4224 0.3711252510547638
3884 4235 0.379751980304718
3886 3869 0.2735370993614197
3894 4088 0.2824341356754303
3899 4211 0.5426255464553833
3905 4027 0.37366557121276855
3906 4074 0.32973796129226685
3909 4250 0.2830086946487427
3910 4276 0.4033866226673126
3911 3966 0.26930296421051025
3915 4055 0.3608686029911041
3916 4009 0.4210616946220398
3917 4098 0.41831639409065247
3918 4081 0.2755899429321289
3919 4180 0.25621795654296875
3920 4321 0.2813166677951813
3923 3952 0.2590508460998535
3928 3955 0.32804611325263977
3929 4007 0.31520336866378784
3930 4025 0.3083662986755371
3931 4043 0.28014054894447327
3940 3987 0.34087398648262024
3942 4073 0.2871725261211395
3943 4067 0.4133640229701996
3944 4291 0.3779008090496063
3952 4078 0.28397417068481445
3954 4122 0.2612721621990204
3955 4232 0.25106081366539
3958 4292 0.495883584022522
3967 4006 0.4490491449832916
3969 4096 0.2723992168903351
3970 4119 0.3150976002216339
3971 4120 0.3219475746154785
3975 4335 0.43438205122947693
3976 4336 0.3109155595302582
3978 4345 0.2645436227321625
3982 4065 0.3438110053539276
3984 4087 0.3365943729877472
3985 4077 0.25780820846557617
3988 4129 0.31385716795921326
3990 4273 0.27567484974861145
3992 4356 0.3165176510810852
3993 4381 0.3325539827346802
3996 4042 0.3329414427280426
3997 4153 0.6251057982444763
3998 4220 0.316267192363739
3999 4210 0.29934412240982056
4000 4387 0.2783273458480835
4002 4047 0.39774027466773987
4004 4072 0.4717772305011749
4005 4095 0.6133935451507568
4006 4126 0.3682079613208771
4008 4151 0.27545908093452454
4009 4191 0.33814162015914917
4021 4437 0.3752933740615845
4028 4086 0.29744061827659607
4029 4140 0.3097805380821228
4030 4127 0.3515603542327881
4031 4152 0.3112344741821289
4033 4230 0.40427857637405396
4037 4380 0.48655393719673157
4041 4105 0.31223368644714355
4051 4438 0.39648860692977905
4053 4071 0.34819498658180237
4054 4106 0.26993808150291443
4056 4117 0.44892582297325134
4065 4413 0.4122467637062073
4067 4064 0.28841033577919006
4070 4094 0.5154632925987244
4078 4436 0.46626973152160645
4079 4476 0.31148064136505127
4081 4139 0.5681539177894592
4082 4162 0.36288753151893616
4083 4203 0.39400985836982727
4086 4190 0.31880852580070496
4087 4193 0.2929971218109131
4088 4205 0.288504421710968
4096 4448 0.43780815601348877
4100 4091 0.4342387318611145
4110 4475 0.7495734691619873
4114 4148 0.38824474811553955
4116 4331 0.28185832500457764
4119 4477 0.30394530296325684
4121 4147 0.4983811378479004
4122 4125 0.32904621958732605
4124 4219 0.3169184625148773
4125 4240 0.3250589370727539
4126 4241 0.33422571420669556
4127 4242 0.28983861207962036
4130 4351 0.28607669472694397
4136 4549 0.3456995189189911
4140 4243 0.30180931091308594
4145 4352 0.2957892119884491
4149 4550 0.3481205999851227
4150 4532 0.35162538290023804
4152 4124 0.4913540482521057
4157 4519 0.3758363425731659
4160 4158 0.4225142002105713
4161 4159 0.3732353448867798
4163 4229 0.35608693957328796
4165 4409 0.852870762348175
4168 4160 0.4688085913658142
4173 4189 0.32751092314720154
4176 4427 0.49042803049087524
4178 4559 0.2869608998298645
4179 4156 0.46106964349746704
4180 4202 0.4306483268737793
4181 4315 0.47547605633735657
4182 4350 0.27129197120666504
4186 4384 0.3720863461494446
4190 4610 0.3076903522014618
4192 4199 0.4429287612438202
4195 4261 0.3907073438167572
4196 4445 0.3523719608783722
4204 4329 0.5043414831161499
4206 4406 0.33694571256637573
4208 4489 0.4607294499874115
4213 4587 0.38034167885780334
4214 4599 0.306378573179245
4216 4237 0.39620891213417053
4217 4238 0.2689793109893799
4226 4472 0.34687983989715576
4227 4528 0.25769785046577454
4230 4609 0.2850113809108734
4235 4253 0.2534465193748474
4236 4299 0.2569633424282074
4237 4313 0.6489863991737366
4240 4425 0.37436217069625854
4243 4490 0.4583200216293335
4244 4502 0.4045697748661041
4246 4503 0.4108181595802307
4247 4598 0.3135771155357361
4248 4197 0.2570412755012512
4250 4260 0.31087377667427063
4251 4188 0.3697834312915802
4252 4366 0.46016648411750793
4253 4314 0.3054414987564087
4254 4517 0.25769317150115967
4258 4282 0.30345410108566284
4259 4283 0.31867507100105286
4260 4458 0.27067455649375916
4263 4661 0.2858249843120575
4267 4340 0.3732698857784271
4268 4349 0.30248212814331055
4269 4516 0.2856990694999695
4274 4294 0.2727386951446533
4276 4296 0.2627531588077545
4277 4311 0.5015289187431335
4279 4367 0.4032612442970276
4280 4500 0.3083074688911438
4282 4545 0.26798558235168457
4283 4568 0.33123978972435
4284 4278 0.7712617516517639
4285 4328 0.32949087023735046
4295 4542 0.2540592551231384
4300 4375 0.5167577862739563
4307 4348 0.33029407262802124
4309 4421 0.2784770727157593
4326 4404 0.33907192945480347
4334 4617 0.2505621016025543
4335 4619 0.25715529918670654
4339 4420 0.37458574771881104
4340 4457 0.3203418254852295
4341 4557 0.41390088200569153
4342 4616 0.4702136516571045
4343 4644 0.28504836559295654
4350 4365 0.3177519142627716
4352 4578 0.3287021815776825
4353 4565 0.3068718910217285
4360 4347 0.29741424322128296
4361 4362 0.25990259647369385
4367 4455 0.2681620121002197
4369 4576 0.3348376452922821
4370 4577 0.32946762442588806
4371 4579 0.2710144817829132
4382 4324 0.3003945052623749
4384 4456 0.5136412382125854
4393 4397 0.30088335275650024
4394 4398 0.3365824818611145
4395 4399 0.4566638469696045
4399 4442 0.44600099325180054
4400 4515 0.27627044916152954
4401 4613 0.2641838490962982
4402 4642 0.2814830541610718
4406 4395 0.35435009002685547
4407 4396 0.2739495635032654
4410 4488 0.3367423713207245
4415 4648 0.25084447860717773
4416 4649 0.3538685441017151
4423 4485 0.33626773953437805
4425 4487 0.3806668221950531
4426 4526 0.26773932576179504
4427 4630 0.2880856990814209
4428 4656 0.36767110228538513
4436 4466 0.3988848030567169
4442 4667 0.2895703613758087
4448 4538 0.45673874020576477
4451 4537 0.25774085521698
4459 4417 0.26559144258499146
4460 4450 0.39825761318206787
4463 4552 0.45604321360588074
4473 4482 0.25548839569091797
4476 4562 0.395768940448761
4477 4573 0.2517417371273041
4480 4654 0.30424490571022034
4481 4677 0.2883424162864685
4483 4497 0.3054298460483551
4485 4591 0.2811758518218994
4486 4652 0.26852694153785706
4487 4714 0.33804553747177124
4488 4684 0.38551265001296997
4502 4682 0.25175589323043823
4503 4686 0.28871387243270874
4506 4464 0.30399924516677856
4509 4534 0.4638720452785492
4513 4694 0.3210345208644867
4515 4572 0.3358546197414398
4523 4759 0.29521602392196655
4524 4760 0.32937872409820557
4527 4715 0.36513426899909973
4531 4746 0.3828873932361603
4532 4747 0.439129114151001
4534 4755 0.30900096893310547
4535 4757 0.4679625630378723
4538 4588 0.2796803414821625
4539 4603 0.4361233413219452
4543 4602 0.2891310453414917
4545 4745 0.7180830240249634
4546 4758 0.2611212134361267
4549 4601 0.5717145800590515
4553 4756 0.3054310083389282
4555 4629 0.31991255283355713
4556 4726 0.5020802021026611
4557 4766 0.28117987513542175
4561 4769 0.440857470035553
4562 4775 0.29726481437683105
4565 4640 0.2705236077308655
4568 4647 0.3104361891746521
4570 4651 0.4510001838207245
4573 4784 0.29399609565734863
4577 4639 0.4054894745349884
4578 4665 0.31255513429641724
4585 4810 0.25761061906814575
4590 4664 0.3985441029071808
4592 4814 0.2815391719341278
4595 4811 0.2582526206970215
4601 4676 0.35238003730773926
4602 4681 0.3191145360469818
4609 4689 0.26863759756088257
4610 4680 0.25575119256973267
4633 4706 0.25346946716308594
4647 4707 0.34765613079071045
4650 4839 0.2622919976711273
4652 4832 0.29877769947052
4664 4725 0.25086575746536255
4675 4728 0.2534044682979584
4676 4739 0.3457885682582855
4682 4731 0.2766788601875305
4683 4743 0.2910296320915222
4692 4767 0.43889299035072327
4701 4883 0.2741994559764862
4704 4870 0.3278796970844269
4706 4771 0.4014301896095276
4709 4878 0.2620474696159363
4714 4891 0.299019992351532
4716 4783 0.3242248594760895
4723 4828 0.3025343418121338
4726 4908 0.45095890760421753
4727 4896 0.2853853702545166
4731 4890 0.3276840150356293
4732 4911 0.32714414596557617
4737 4903 0.4139644503593445
4741 4802 0.5747913718223572
4744 4904 0.46724992990493774
4746 4853 0.3016786575317383
4747 4924 0.29788631200790405
4748 4925 0.3786320388317108
4750 4797 0.285060316324234
4758 4838 0.331638365983963
4764 4936 0.3739539682865143
4766 4945 0.37601885199546814
4769 4855 0.26122307777404785
4774 4843 0.43746256828308105
4775 4827 0.29442453384399414
4776 4857 0.2954534590244293
4777 4922 0.2784319519996643
4778 4929 0.29087507724761963
4779 4959 0.2761545479297638
4780 4851 0.5129877328872681
4781 4826 0.2785828113555908
4783 4951 0.3202003836631775
4784 4958 0.3693073093891144
4785 4952 0.39006736874580383
4789 4948 0.5105785727500916
4790 4949 0.2809097170829773
4792 4866 0.303005576133728
4793 4947 0.2992216646671295
4794 4956 0.3003077208995819
4795 4852 0.33069908618927
4796 4946 0.26645147800445557
4799 4957 0.2844427824020386
4801 4861 0.6606489419937134
4802 4873 0.30666035413742065
4803 4969 0.30382099747657776
4807 4985 0.2680487334728241
4809 4963 0.2554243206977844
4810 4975 0.42561081051826477
4812 4973 0.2897178530693054
4814 4872 0.3689243197441101
4818 4983 0.4241868853569031
4819 4974 0.47596195340156555
4821 4868 0.35410720109939575
4824 4987 0.2925724387168884
4826 4881 0.407896488904953
4831 4886 0.2723631262779236
4832 4895 0.30957409739494324
4835 5007 0.26101115345954895
4836 5000 0.28806206583976746
4837 5001 0.32604748010635376
4838 4884 0.3508971333503723
4840 4894 0.46528273820877075
4843 5008 0.2742810547351837
4844 5009 0.2706577777862549
4845 5010 0.30100417137145996
4846 5002 0.33412981033325195
4848 4887 0.38381123542785645
4854 4898 0.3668413758277893
4855 4899 0.3406253755092621
4856 4900 0.37885740399360657
4857 5023 0.30908557772636414
4858 4892 0.29366233944892883
4859 4913 0.2612081468105316
4860 4906 0.4452819228172302
4867 4938 0.3372434079647064
4868 4921 0.44862109422683716
4870 5041 0.5705168843269348
4872 4927 0.3628833591938019
4876 4915 0.26154589653015137
4879 5056 0.25406360626220703
4880 4893 0.3776630163192749
4884 4920 0.2876450717449188
4885 4931 0.34823381900787354
4890 5063 0.2646801471710205
4891 4955 0.4578089118003845
4897 4967 0.3371270000934601
4902 4962 0.40137889981269836
4904 4977 0.3336193859577179
4905 4970 0.7490982413291931
4906 4980 0.3058271110057831
4909 5078 0.2565169930458069
4916 4978 0.2630101442337036
4917 4979 0.5098584294319153
4920 4984 0.2694149613380432
4921 4971 0.30269595980644226
4922 4991 0.3143804967403412
4930 5005 0.2768055498600006
4931 4988 0.29927587509155273
4934 5011 0.29253143072128296
4944 5020 0.3278021514415741
4945 5021 0.32246533036231995
4946 5022 0.31062039732933044
4953 5019 0.3577954173088074
4954 5044 0.44897207617759705
4956 5029 0.3488996624946594
4958 5030 0.2572597861289978
4959 5025 0.30822134017944336
4989 5064 0.25627467036247253
4990 5099 0.26406699419021606
4996 5073 0.3936023712158203
4999 5089 0.7272858619689941
5003 5080 0.35039517283439636
5004 5090 0.4547680914402008
5008 5110 0.6476385593414307
5010 5117 0.3671010434627533
5011 5101 0.47578495740890503
5015 5104 0.2629328966140747
5018 5129 0.2963949143886566
5020 5120 0.2615249454975128
5023 5115 0.28795328736305237
5025 5131 0.25629422068595886
5026 5132 0.25362592935562134
5027 5127 0.3127230107784271
5028 5118 0.29694944620132446
5032 5119 0.33294206857681274
5034 5134 0.33298400044441223
5044 5137 0.25717025995254517
5045 5138 0.5198014974594116
5047 5140 0.493417352437973
5048 5160 0.4949098527431488
5049 5142 0.258864164352417
5050 5143 0.35950833559036255
5053 5147 0.27764707803726196
5055 5148 0.5360767841339111
5056 5150 0.3748587667942047
5057 5149 0.61488938331604
5058 5151 0.2986375391483307
5060 5152 0.3072742521762848
5061 5155 0.26703399419784546
5063 5154 0.369621604681015
5065 5161 0.26109805703163147
