2734
4 30 0.2801002264022827
5 27 0.2736910581588745
6 28 0.2501108944416046
8 34 0.25173667073249817
19 47 0.2992553412914276
24 50 0.5534841418266296
27 54 0.3855130076408386
36 58 0.37481409311294556
37 59 0.7818280458450317
41 62 0.3532380163669586
45 66 0.39005547761917114
50 69 0.258624792098999
52 73 0.4329366385936737
55 83 0.30269595980644226
56 79 0.29139065742492676
58 80 0.3813924789428711
59 81 0.29702648520469666
65 85 0.30321139097213745
66 86 0.30043861269950867
68 88 0.2595243752002716
69 89 0.3321324288845062
70 93 0.3116188049316406
71 95 0.3010331690311432
72 96 0.28962060809135437
76 101 0.29612141847610474
78 104 0.33416038751602173
79 100 0.2841193675994873
81 102 0.31347307562828064
82 109 0.3311178684234619
83 105 0.2528012692928314
85 112 0.28413400053977966
87 107 0.3516639471054077
95 119 0.32610437273979187
101 106 0.4952247738838196
108 132 0.27817025780677795
113 141 0.40491369366645813
115 128 0.30730384588241577
118 151 0.33634665608406067
119 133 0.5509573221206665
120 134 0.37365809082984924
121 130 0.42817115783691406
124 153 0.35973745584487915
125 154 0.44855865836143494
131 149 0.25858286023139954
132 137 0.25845566391944885
143 176 0.2792262136936188
145 177 0.26006969809532166
149 182 0.30807265639305115
152 189 0.3028091490268707
164 199 0.2582937777042389
172 202 0.32453328371047974
176 209 0.4079964756965637
182 214 0.3694320023059845
185 222 0.29360857605934143
186 219 0.258179247379303
188 212 0.27942201495170593
189 229 0.3692809045314789
190 236 0.2950381338596344
197 235 0.4975149631500244
198 230 0.2574578523635864
215 238 0.2631875276565552
220 257 0.3480505645275116
223 260 0.27328911423683167
224 262 0.2863690257072449
228 266 0.3368043601512909
229 256 0.25495487451553345
236 258 0.25178614258766174
237 259 0.2791311740875244
238 265 0.275001585483551
240 270 0.29834887385368347
241 273 0.3708987832069397
243 254 0.30850982666015625
245 276 0.2712976336479187
250 287 0.264208048582077
253 271 0.2679038345813751
255 289 0.31121698021888733
256 290 0.26081758737564087
262 267 0.3325466811656952
263 279 0.3780907690525055
266 274 0.32815155386924744
268 321 0.2935551106929779
270 293 0.6417136788368225
275 275 0.2753290832042694
277 300 0.2694825530052185
278 322 0.33150649070739746
280 303 0.25389987230300903
282 311 0.29710298776626587
283 318 0.3581047058105469
286 280 0.3165167272090912
287 306 0.2935788929462433
290 317 0.2972744405269623
291 324 0.3878265917301178
292 335 0.4994407296180725
294 281 0.32981470227241516
295 282 0.3484726846218109
296 315 0.3186115622520447
297 316 0.322403222322464
299 323 0.32101646065711975
305 331 0.3366158902645111
306 326 0.38196760416030884
307 333 0.30963197350502014
309 365 0.5732164978981018
313 330 0.39204320311546326
314 332 0.42814746499061584
315 339 0.43458467721939087
316 327 0.28313910961151123
321 353 0.6312204003334045
325 338 0.3281800150871277
328 337 0.4644838273525238
329 341 0.34453344345092773
330 385 0.3919116258621216
334 336 0.33549386262893677
336 347 0.36440131068229675
337 355 0.3856082558631897
338 348 0.3164862394332886
340 374 0.4334617257118225
343 396 0.3063417375087738
346 354 0.2649882733821869
347 361 0.34908705949783325
348 362 0.39122113585472107
349 401 0.3425842821598053
350 411 0.2908570468425751
351 305 0.6465684771537781
353 409 0.7219991683959961
356 367 0.41673243045806885
357 382 0.27386361360549927
358 383 0.3084898293018341
359 390 0.45612412691116333
361 366 0.3891150951385498
362 373 0.2699967920780182
363 422 0.3452043831348419
364 389 0.3874099850654602
366 392 0.6032580733299255
368 424 0.2601689398288727
369 381 0.44826871156692505
374 359 0.39403656125068665
378 435 0.2953672409057617
391 351 0.8294403553009033
393 405 0.4111160337924957
395 400 0.2981005907058716
396 421 0.619484543800354
397 428 0.4934709966182709
400 534 0.26655542850494385
401 446 0.41000133752822876
402 433 0.6334866881370544
408 447 0.35956525802612305
410 535 0.3012925088405609
413 483 0.4578931927680969
414 476 0.7049708366394043
419 419 0.31021836400032043
426 495 0.31014886498451233
427 458 0.3383122384548187
428 463 0.33852332830429077
430 468 0.25867733359336853
434 480 0.3819166123867035
435 473 0.2777217626571655
436 469 0.3162807822227478
438 515 0.36752036213874817
439 498 0.49977952241897583
440 499 0.2935033142566681
441 507 0.29256099462509155
446 466 0.439976304769516
447 467 0.5607940554618835
448 509 0.36461856961250305
451 482 0.5384141206741333
454 474 0.3462848961353302
456 638 0.46112990379333496
457 639 0.4414469003677368
462 418 0.34982389211654663
463 441 0.5282203555107117
464 481 0.43746131658554077
466 516 0.48571157455444336
467 517 0.3432658314704895
472 465 0.27190089225769043
473 637 0.256584495306015
474 528 0.3761741518974304
475 462 0.588470995426178
476 489 0.2961428761482239
477 492 0.28955572843551636
478 592 0.2633698284626007
481 548 0.3930014967918396
482 529 0.49229586124420166
485 497 0.27703821659088135
488 541 0.3612422049045563
489 502 0.27646705508232117
490 513 0.3287723958492279
491 661 0.28163424134254456
493 613 0.29762962460517883
494 645 0.26603150367736816
496 544 0.26446717977523804
501 471 0.2552487552165985
502 488 0.8656375408172607
504 501 0.6497611403465271
506 520 0.3341960906982422
507 512 0.36087000370025635
511 542 0.317963182926178
523 554 0.6240586638450623
527 487 0.2757505774497986
528 500 0.26511213183403015
529 518 0.3721151053905487
530 531 0.5957848429679871
532 588 0.46864229440689087
533 557 0.41429343819618225
534 558 0.3390677273273468
538 485 0.6138827800750732
539 540 0.49718958139419556
541 723 0.300998717546463
543 719 0.4572451710700989
544 594 0.38028255105018616
547 358 0.3133071959018707
548 539 0.39654383063316345
549 685 0.306978702545166
550 587 0.3253662884235382
551 614 0.39056578278541565
553 545 0.4385850131511688
554 546 0.29655155539512634
556 597 0.46094170212745667
558 552 0.5078086853027344
560 731 0.30402618646621704
561 631 0.4375556409358978
562 622 0.33729615807533264
563 377 0.3148026466369629
566 551 0.44556480646133423
567 572 0.38345086574554443
569 746 0.30875179171562195
570 712 0.8467333316802979
572 655 0.6447390913963318
573 648 0.3789921998977661
575 399 0.2514607608318329
576 375 0.27317315340042114
578 530 0.31309273838996887
579 538 0.30392879247665405
581 604 0.40548714995384216
583 573 0.25159746408462524
585 740 0.43166229128837585
586 741 0.3256608843803406
588 676 0.3789437711238861
593 720 0.318583607673645
594 663 0.4208493232727051
595 674 0.4422694444656372
597 650 0.4076293110847473
598 583 0.26791122555732727
600 605 0.2713812291622162
602 784 0.5441460013389587
604 678 0.2986159026622772
605 657 0.3962406516075134
606 658 0.3786786198616028
609 386 0.2755276560783386
610 387 0.3376340866088867
611 571 0.27270618081092834
612 628 0.4413281977176666
613 601 0.4331910312175751
616 782 0.2744807004928589
617 783 0.3076011538505554
620 664 0.36881595849990845
624 403 0.3901801109313965
627 794 0.6159369945526123
628 732 0.31273195147514343
631 629 0.29280829429626465
633 672 0.2835836410522461
637 600 0.2753044068813324
638 673 0.3061927855014801
643 753 0.32200315594673157
644 675 0.346077561378479
645 478 0.3177976608276367
646 617 0.3063429296016693
647 635 0.29092639684677124
648 807 0.2842133939266205
649 692 0.2633507251739502
650 702 0.35253867506980896
652 688 0.340094655752182
654 644 0.5584319233894348
656 611 0.2538011074066162
657 686 0.4057455360889435
658 694 0.529495358467102
659 667 0.5019658207893372
660 668 0.5334503054618835
661 670 0.4127865135669708
662 809 0.527892529964447
663 785 0.3762085735797882
667 831 0.276483416557312
669 725 0.3961680829524994
670 456 0.2662310004234314
671 689 0.3004429340362549
673 733 0.363267719745636
675 726 0.7452006936073303
678 830 0.382398784160614
679 832 0.605340838432312
681 697 0.4055548310279846
682 690 0.6022819876670837
685 843 0.5806828737258911
687 819 0.41785869002342224
689 734 0.345295250415802
692 455 0.3649052083492279
694 680 0.2791873514652252
695 681 0.3831518590450287
696 682 0.48271921277046204
698 543 0.31753379106521606
700 755 0.501103401184082
701 460 0.27345937490463257
703 707 0.4307452440261841
704 700 0.2759997248649597
705 708 0.4257216453552246
707 833 0.3805038332939148
708 754 0.3658313751220703
712 716 0.4904046356678009
713 900 0.29346638917922974
714 874 0.28063443303108215
715 878 0.2630515396595001
716 770 0.31588587164878845
717 756 0.28419414162635803
723 620 0.31326448917388916
725 769 0.3905624449253082
726 570 0.31560012698173523
729 706 0.6070376038551331
730 721 0.2719016671180725
732 717 0.39003947377204895
733 840 0.34223031997680664
736 786 0.3020840287208557
737 787 0.3669061064720154
739 728 0.546062171459198
741 738 0.35846757888793945
745 901 0.2612355351448059
748 798 0.42227935791015625
750 737 0.612991213798523
751 743 0.4374663233757019
752 744 0.2897510230541229
754 895 0.6874138116836548
755 902 0.5828355550765991
756 863 0.31639179587364197
757 788 0.42121511697769165
759 903 0.7318570613861084
760 795 0.3794938623905182
761 811 0.31640657782554626
762 559 0.2868739068508148
766 582 0.2626882791519165
770 925 0.3663690388202667
771 796 0.3979656398296356
772 797 0.2869190275669098
773 799 0.3793867528438568
774 825 0.5496557950973511
777 766 0.5241296887397766
778 767 0.2902366518974304
779 924 0.38670089840888977
780 944 0.31802353262901306
781 890 0.3203601539134979
783 801 0.41988036036491394
784 790 0.33350899815559387
785 777 0.3082713186740875
786 778 0.308687299489975
788 779 0.2709294557571411
789 780 0.31044891476631165
790 945 0.3678229749202728
791 820 0.3075025975704193
795 977 0.2860889732837677
797 953 0.49960795044898987
798 823 0.3118723928928375
799 824 0.3408508896827698
800 984 0.2750469446182251
802 963 0.4041259288787842
803 914 0.28225454688072205
805 590 0.2702118754386902
809 985 0.3262667655944824
811 841 0.2762032449245453
812 834 0.43618157505989075
813 822 0.4036352038383484
814 1000 0.47158291935920715
816 844 0.33036118745803833
817 616 0.2571601867675781
818 817 0.29423198103904724
819 818 0.434784471988678
821 965 0.5679252743721008
824 932 0.29682233929634094
826 627 0.27419552206993103
827 815 0.4524562954902649
832 966 0.4139040410518646
833 867 0.3645118176937103
834 772 0.3376559913158417
837 839 0.47454649209976196
842 1030 0.4294953942298889
844 866 0.46643295884132385
852 1067 0.2910104990005493
853 1002 0.6324182748794556
855 865 0.5679691433906555
857 652 0.40052351355552673
858 764 0.42396363615989685
859 773 0.3584938943386078
860 858 0.30941176414489746
863 1008 0.33760252594947815
865 894 0.2866354286670685
867 1088 0.2512704133987427
868 1080 0.25168028473854065
869 1124 0.2639385759830475
870 1052 0.4758371412754059
871 1031 0.47765350341796875
872 986 0.5041232109069824
873 906 0.504002034664154
874 891 0.3808879554271698
879 987 0.33547690510749817
880 904 0.4664689898490906
882 881 0.26111945509910583
888 1038 0.4902288317680359
889 905 0.5278985500335693
890 926 0.3180101811885834
893 884 0.42803725600242615
898 1032 0.4167594611644745
907 1039 0.4437096416950226
914 1134 0.5064724087715149
915 955 0.3521129786968231
918 1174 0.26533597707748413
919 1156 0.5604475736618042
920 1132 0.3814466893672943
921 1113 0.4472920894622803
922 634 0.3107163906097412
923 659 0.35565218329429626
925 1081 0.6022228002548218
927 937 0.4214795231819153
928 838 0.6382817029953003
929 929 0.2724446952342987
932 923 0.30202236771583557
935 1158 0.3115590810775757
936 946 0.30104437470436096
938 933 0.6071643829345703
940 699 0.5621348023414612
942 930 0.27002406120300293
944 1159 0.3450773060321808
945 938 0.265270471572876
946 757 0.7193092107772827
949 968 0.37787774205207825
951 969 0.30092525482177734
952 956 0.278179794549942
953 936 0.49912029504776
959 1205 0.26097384095191956
960 978 0.272781640291214
961 990 0.3115314543247223
965 849 0.26294317841529846
967 880 0.32292017340660095
969 1217 0.35582420229911804
970 1054 0.3245484530925751
971 1021 0.3259026110172272
972 1022 0.4230831265449524
973 1043 0.280389666557312
976 1260 0.27894994616508484
977 1009 0.29785194993019104
978 1044 0.31260761618614197
979 991 0.2887026071548462
980 893 0.4268249571323395
981 896 0.25899553298950195
984 1034 0.3519434332847595
989 1259 0.34656503796577454
990 1249 0.35294100642204285
991 1240 0.6205127835273743
995 789 0.2673265337944031
997 907 0.2506299912929535
999 922 0.25861838459968567
1002 1070 0.5013883113861084
1003 1071 0.30279240012168884
1005 1072 0.27341243624687195
1006 1047 0.44829607009887695
1011 1269 0.3307981491088867
1013 1272 0.27766773104667664
1014 1261 0.5933636426925659
1015 1056 0.3739151060581207
1016 1045 0.33696499466896057
1017 1046 0.4189951419830322
1019 1258 0.2828786373138428
1020 1294 0.38847365975379944
1022 1058 0.7823591232299805
1029 1312 0.354630708694458
1030 1313 0.37455466389656067
1031 1295 0.5604983568191528
1032 1297 0.5169746279716492
1034 1105 0.38313722610473633
1035 1057 0.3015230596065521
1038 1103 0.32557517290115356
1041 1084 0.2711833119392395
1042 942 0.31603896617889404
1044 1257 0.2979940176010132
1047 1160 0.48368600010871887
1049 1139 0.32098156213760376
1050 1140 0.37651368975639343
1051 1125 0.38323262333869934
1052 1126 0.3333703577518463
1054 1115 0.4398013651371002
1055 1085 0.8295716643333435
1056 1092 0.27335870265960693
1058 803 0.27412232756614685
1059 935 0.2746585011482239
1061 1299 0.31537386775016785
1062 1273 0.279873251914978
1064 1161 0.42408618330955505
1065 1137 0.38342124223709106
1068 813 0.25400352478027344
1069 971 0.42284634709358215
1071 1333 0.4146645963191986
1072 1175 0.34938278794288635
1073 1176 0.35008490085601807
1074 826 0.28570806980133057
1076 1348 0.2807016372680664
1077 1366 0.29051995277404785
1078 1128 0.29939550161361694
1082 995 0.36429116129875183
1083 972 0.2573000192642212
1085 1332 0.39941465854644775
1086 1314 0.28265807032585144
1088 1220 0.31517452001571655
1089 868 0.3090864419937134
1091 837 0.2918548285961151
1092 1025 0.3211040198802948
1093 1026 0.41742533445358276
1101 846 0.29074668884277344
1103 1006 0.26036155223846436
1105 1005 0.43676725029945374
1109 1037 0.6363252401351929
1111 1389 0.32669922709465027
1112 1334 0.4731406569480896
1113 1350 0.36254438757896423
1114 1219 0.43110236525535583
1115 1177 0.32856208086013794
1121 1335 0.2694545388221741
1122 1218 0.6581530570983887
1123 1207 0.7298399806022644
1124 869 0.3545515835285187
1126 1077 0.25160443782806396
1134 1404 0.3384871482849121
1142 1418 0.3672957718372345
1143 1367 0.4193437397480011
1144 920 0.8117167353630066
1149 1439 0.39290332794189453
1150 1452 0.5547280311584473
1151 1419 0.595696210861206
1154 919 0.25067636370658875
1155 1075 0.26491525769233704
1156 981 0.377836674451828
1161 1451 0.4001745581626892
1162 1420 0.39854636788368225
1163 1421 0.3073519170284271
1164 1382 0.27531570196151733
1166 1252 0.3101370334625244
1168 917 0.3139212131500244
1170 1251 0.34784018993377686
1173 1122 0.26939159631729126
1175 1486 0.3730663061141968
1179 1093 0.4910523593425751
1181 1143 0.6104534864425659
1182 1086 0.30261629819869995
1183 1108 0.3680594563484192
1184 1459 0.2924979329109192
1185 1424 0.4978752136230469
1186 1390 0.5367223024368286
1187 1250 0.3828873932361603
1190 1253 0.3505268692970276
1195 1484 0.4472144544124603
1198 1305 0.31417280435562134
1199 1317 0.5156880021095276
1202 1194 0.28539544343948364
1205 1485 0.4223578870296478
1206 1339 0.3559657335281372
1207 1321 0.7362147569656372
1208 941 0.3454681634902954
1210 1120 0.2632834315299988
1211 1180 0.3909693956375122
1212 1181 0.5065975189208984
1213 1226 0.255747526884079
1214 1505 0.30257704854011536
1215 1467 0.4056882858276367
1217 1274 0.37584781646728516
1218 1318 0.3287746012210846
1219 1319 0.2945871651172638
1222 1179 0.2950884997844696
1226 1487 0.38375306129455566
1227 1516 0.3121553957462311
1228 1470 0.4035490155220032
1231 1370 0.2588488459587097
1232 1352 0.5881691575050354
1233 1320 0.3266422152519226
1237 1267 0.30313390493392944
1242 1468 0.37271958589553833
1243 1478 0.4960169494152069
1245 1351 0.3737015724182129
1250 1255 0.2650638520717621
1258 1524 0.4392606317996979
1259 1469 0.4486202597618103
1261 1471 0.4510518014431
1267 1265 0.313123494386673
1270 1195 0.26585853099823
1274 1383 0.5035619735717773
1275 1244 0.2769544720649719
1276 1224 0.27595341205596924
1279 1222 0.35552263259887695
1281 1270 0.2590123116970062
1284 1268 0.31454184651374817
1287 1546 0.556730329990387
1289 1460 0.27641695737838745
1290 1327 0.26042041182518005
1291 1341 0.3644051253795624
1294 1293 0.2547230124473572
1297 1280 0.3307117223739624
1298 1514 0.30613672733306885
1300 1429 0.42128702998161316
1303 1243 0.36867108941078186
1304 1310 0.33628347516059875
1307 1539 0.3816646337509155
1314 1277 0.32202649116516113
1318 1581 0.5417894124984741
1319 1569 0.39972713589668274
1320 1570 0.546456515789032
1321 1571 0.31372159719467163
1324 1371 0.3401394188404083
1326 1307 0.6883190870285034
1328 1311 0.3594973683357239
1329 1324 0.3053855895996094
1333 1580 0.4344943165779114
1336 1598 0.3774239420890808
1337 1515 0.7670323252677917
1345 1345 0.3064662218093872
1346 1346 0.28515249490737915
1348 1568 0.40871575474739075
1351 1525 0.39391255378723145
1356 1393 0.4081326723098755
1357 1328 0.5591417551040649
1361 1347 0.25257930159568787
1363 1427 0.37699225544929504
1365 1291 0.28765302896499634
1366 1292 0.2602875530719757
1368 1365 0.5339261889457703
1369 1596 0.25474295020103455
1370 1597 0.2567864656448364
1374 1560 0.7761485576629639
1375 1548 0.3618404269218445
1376 1549 0.3324756324291229
1383 1582 0.49394088983535767
1384 1583 0.40430980920791626
1385 1584 0.4635120928287506
1388 1498 0.2566513121128082
1390 1360 0.3329443037509918
1393 1385 0.30551257729530334
1394 1386 0.6528419256210327
1396 1387 0.5138073563575745
1401 1518 0.39314618706703186
1403 1499 0.40317970514297485
1406 1402 0.3871208131313324
1408 1585 0.45860859751701355
1409 1586 0.309966117143631
1410 1474 0.46525388956069946
1414 1364 0.34112048149108887
1415 1373 0.5025516152381897
1416 1634 0.3331281840801239
1417 1619 0.3796071410179138
1418 1587 0.5383750796318054
1420 1480 0.28285545110702515
1421 1481 0.2856459617614746
1422 1489 0.3413417637348175
1424 1541 0.39765191078186035
1425 1510 0.3000609278678894
1426 1434 0.30601295828819275
1429 1437 0.34932848811149597
1431 1449 0.3361571133136749
1432 1654 0.49892422556877136
1436 1519 0.26636406779289246
1439 1447 0.4144720733165741
1440 1450 0.5219026207923889
1441 1403 0.25787681341171265
1442 1655 0.36468255519866943
1443 1656 0.5623471736907959
1444 1612 0.5269483923912048
1447 1708 0.44555673003196716
1448 1671 0.29494839906692505
1451 1508 0.4212580919265747
1452 1551 0.2715730667114258
1453 1574 0.26037096977233887
1454 1535 0.29938578605651855
1455 1527 0.5965319275856018
1456 992 0.35446637868881226
1457 1444 0.4096292555332184
1459 1416 0.3177425265312195
1460 1417 0.3147161900997162
1462 1657 0.520727813243866
1465 1573 0.4678153097629547
1467 1463 0.3979242742061615
1468 1457 0.36780014634132385
1470 1700 0.555436909198761
1472 1684 0.415924072265625
1473 1672 0.4033192992210388
1477 1621 0.27532777190208435
1478 1552 0.563319206237793
1479 1553 0.5596592426300049
1480 1436 0.4530167281627655
1481 1477 0.422991544008255
1483 1446 0.4877204895019531
1485 1731 0.4597247838973999
1486 1732 0.3900316655635834
1487 1733 0.46122270822525024
1488 1709 0.2683899700641632
1491 1550 0.44619032740592957
1492 1589 0.2572600245475769
1494 1575 0.4286193251609802
1496 1491 0.29636862874031067
1498 1696 0.2869899272918701
1499 1734 0.4700576364994049
1501 1701 0.29555997252464294
1502 1646 0.6224835515022278
1503 1561 0.3118438422679901
1504 1600 0.35091185569763184
1505 1502 0.39289844036102295
1506 1521 0.35649704933166504
1507 1531 0.31176862120628357
1508 1503 0.30729445815086365
1509 1572 0.3891110122203827
1510 1588 0.35655656456947327
1511 1676 0.26575663685798645
1513 1483 0.37422439455986023
1514 1504 0.3783414661884308
1517 1493 0.3993651568889618
1518 1744 0.6894024014472961
1519 1745 0.6802999377250671
1523 1703 0.27461135387420654
1526 1511 0.4364449679851532
1527 1538 0.41587209701538086
1528 1492 0.38638755679130554
1529 1754 0.3309950530529022
1532 1599 0.2927960157394409
1533 1620 0.3309691548347473
1536 1544 0.38185688853263855
1538 1816 0.38778555393218994
1539 1606 0.3207346200942993
1541 1658 0.2782169282436371
1542 1608 0.46967270970344543
1543 1613 0.26858532428741455
1544 1677 0.3250012695789337
1545 1662 0.38815590739250183
1547 1530 0.36727824807167053
1550 1626 0.2555537223815918
1551 1712 0.28070271015167236
1552 1659 0.4382137656211853
1553 1660 0.5347349047660828
1554 1661 0.47504276037216187
1557 1542 0.3484208583831787
1560 1786 0.33575600385665894
1561 1757 0.3905784487724304
1562 1758 0.2825639843940735
1565 1356 0.3619605302810669
1566 1372 0.3032244145870209
1568 1595 0.4539300799369812
1570 1685 0.3597889244556427
1571 1635 0.3706682324409485
1573 1627 0.29848748445510864
1574 1675 0.28042176365852356
1576 1704 0.39888858795166016
1578 1648 0.2959650158882141
1579 1557 0.5384141206741333
1580 1566 0.33976659178733826
1583 1787 0.5855794548988342
1586 1737 0.25856757164001465
1589 1558 0.859359085559845
1591 1565 0.4543969929218292
1593 1673 0.31726017594337463
1595 1686 0.27638718485832214
1596 1687 0.3442844748497009
1597 1713 0.266352117061615
1599 1639 0.2878585755825043
1600 1564 0.5046932101249695
1602 1594 0.25810784101486206
1603 1512 0.32113832235336304
1606 1719 0.3337094485759735
1607 1690 0.43927404284477234
1610 1604 0.3645062744617462
1612 1842 0.4145847260951996
1613 1853 0.3824571371078491
1614 1738 0.3555487394332886
1616 1761 0.2592092752456665
1620 1380 0.47519364953041077
1625 1852 0.9658376574516296
1628 1740 0.3744503855705261
1631 1715 0.32049521803855896
1632 1680 0.3980191648006439
1634 1632 0.2608782649040222
1642 1746 0.3229309618473053
1643 1702 0.4016580283641815
1644 1741 0.27463021874427795
1645 1722 0.2936825156211853
1647 1609 0.48838281631469727
1648 1576 0.282003790140152
1651 1828 0.40992194414138794
1652 1770 0.32386451959609985
1653 1720 0.30723264813423157
1654 1747 0.33308181166648865
1655 1739 0.25430941581726074
1656 1762 0.30890965461730957
1657 1789 0.37104561924934387
1660 1631 0.9224730730056763
1662 1882 0.3647069036960602
1664 1818 0.5458611845970154
1665 1772 0.4602985978126526
1666 1773 0.5285277366638184
1668 1395 0.4739811420440674
1669 1642 0.7745108008384705
1674 1788 0.2978053689002991
1675 1819 0.4995079040527344
1677 1763 0.4569796919822693
1678 1764 0.402294397354126
1680 1742 0.325656533241272
1682 1394 0.8188003897666931
1684 1396 0.38521865010261536
1685 1629 0.5233909487724304
1688 1881 0.9503614902496338
1691 1797 0.30133792757987976
1694 1834 0.29498860239982605
1695 1884 0.45473772287368774
1697 1790 0.38488924503326416
1698 1397 0.37186887860298157
1699 1398 0.525425374507904
1700 1407 0.4504409730434418
1702 1651 0.567112386226654
1704 1845 0.2841131091117859
1706 1400 0.26186859607696533
1709 1411 0.27937406301498413
1711 1630 0.30720949172973633
1715 1765 0.47334420680999756
1717 1643 0.6317383050918579
1719 1830 0.39008262753486633
1720 1831 0.4026014506816864
1722 1846 0.3343162536621094
1723 1802 0.4257086515426636
1724 1781 0.34706446528434753
1727 1931 0.36727333068847656
1728 1901 0.30959415435791016
1729 1902 0.331691175699234
1730 1874 0.29323166608810425
1731 1835 0.3204481303691864
1734 1666 0.3828476071357727
1735 1667 0.33198899030685425
1738 1866 0.32722121477127075
1739 1900 0.3136393427848816
1743 1909 0.4540625810623169
1744 1854 0.3626619577407837
1745 1873 0.25464093685150146
1747 1885 0.3586310148239136
1749 1810 0.34791746735572815
1752 1693 0.304315984249115
1755 1954 0.3257603049278259
1756 1856 0.3686988651752472
1757 1868 0.4186975657939911
1758 1847 0.2959314286708832
1759 1858 0.31851404905319214
1761 1691 0.47831082344055176
1762 1706 0.3419327735900879
1763 1707 0.28835615515708923
1764 1727 0.2634308636188507
1765 1694 0.3185538351535797
1769 1938 0.27720576524734497
1772 1883 0.3526361882686615
1773 1894 0.4230480492115021
1775 1837 0.4975396394729614
1777 1705 0.2854354679584503
1780 1681 0.29563891887664795
1781 1937 0.4158383905887604
1792 1967 0.4363255202770233
1796 1876 0.461867094039917
1800 1775 0.9446614980697632
1803 1970 0.2807548940181732
1804 1971 0.29160332679748535
1806 1848 0.34298571944236755
1808 1784 0.9221793413162231
1812 1717 0.3695024847984314
1814 1944 0.34846171736717224
1817 1777 0.3189365267753601
1819 2034 0.4581880271434784
1820 1751 0.37571772933006287
1824 2026 0.3825559914112091
1825 2027 0.27778056263923645
1827 1990 0.29203248023986816
1828 2015 0.29171764850616455
1829 2000 0.45578843355178833
1830 1992 0.4087531864643097
1831 1993 0.5188010931015015
1832 1932 0.3600350022315979
1833 1859 0.2816328704357147
1838 1812 0.5000927448272705
1840 1814 0.2751293182373047
1842 1807 0.30813318490982056
1843 2340 0.2911795377731323
1847 2009 0.5210636258125305
1848 1973 0.4577333927154541
1850 1946 0.3793943524360657
1853 1815 0.29594045877456665
1856 2010 0.41773277521133423
1858 1904 0.7340162396430969
1859 1782 0.36626842617988586
1862 1792 0.38956326246261597
1863 1767 0.31243622303009033
1867 2038 0.38713371753692627
1868 2039 0.35324037075042725
1869 2040 0.36220604181289673
1870 1974 0.6088244318962097
1874 1783 0.2836507260799408
1877 2395 0.49152088165283203
1880 2016 0.3698437511920929
1881 2061 0.46956655383110046
1882 1975 0.3874838948249817
1883 1977 0.3439139723777771
1884 1905 0.6790023446083069
1886 1906 0.3103707730770111
1887 1821 0.4242435395717621
1888 1805 0.4714925289154053
1891 2036 0.3490654230117798
1892 2028 0.32184135913848877
1894 1976 0.7115123271942139
1897 1822 0.2937503159046173
1898 1823 0.26022326946258545
1900 1824 0.3783591389656067
1901 1793 0.305504709482193
1902 1827 0.3803623616695404
1903 1841 0.4769193232059479
1905 2048 0.39559346437454224
1907 2050 0.6248698234558105
1908 1849 0.2980639338493347
1910 1850 0.49202224612236023
1911 1839 0.5869845151901245
1912 1851 0.3963494896888733
1916 2062 0.4693615138530731
1917 2011 0.43772464990615845
1918 1860 0.49138402938842773
1919 1861 0.31259629130363464
1927 2059 0.377561092376709
1929 2047 0.3374972641468048
1930 2037 0.396116703748703
1931 2073 0.41354304552078247
1932 2074 0.3769300580024719
1933 2063 0.2606932520866394
1935 1978 0.402554988861084
1937 1949 0.3772616386413574
1938 1862 0.4308648109436035
1939 1795 0.294707715511322
1942 1880 0.3793914318084717
1943 2098 0.3477068543434143
1946 2156 0.29074805974960327
1950 2103 0.33762699365615845
1952 2106 0.5608518123626709
1953 2107 0.28041452169418335
1954 2099 0.2642276883125305
1955 2084 0.3091067969799042
1956 2042 0.5670490860939026
1957 1878 0.4240962862968445
1958 1826 0.3234694302082062
1959 2115 0.39983540773391724
1961 2105 0.3827829658985138
1962 1935 0.2853088974952698
1963 1926 0.26054608821868896
1964 1898 0.36822062730789185
1966 1929 0.26491931080818176
1969 2145 0.2738349139690399
1971 2134 0.4704738259315491
1972 2120 0.36234113574028015
1973 1896 0.5583115816116333
1975 1908 0.32022911310195923
1976 2498 0.2655544579029083
1978 2166 0.8526406288146973
1980 2133 0.2689644396305084
1982 2117 0.25526508688926697
1983 2118 0.3444893956184387
1984 2146 0.33083537220954895
1988 1907 0.43333935737609863
1990 1864 0.2783969044685364
1991 1916 0.38150888681411743
1992 2116 0.3873756229877472
1994 1915 0.5079404711723328
1996 1928 0.35742369294166565
1997 2180 0.3077901303768158
1999 2155 0.3932339549064636
2000 2157 0.5568046569824219
2001 2075 0.6360679864883423
2008 2519 0.2697244882583618
2010 2182 0.2759212851524353
2011 2183 0.3009074628353119
2012 2168 0.31791800260543823
2014 2169 0.4666576683521271
2016 2043 0.4836384952068329
2022 2219 0.540644109249115
2023 2220 0.4959658682346344
2024 2221 0.6906935572624207
2025 2076 0.3327627182006836
2026 2108 0.35875076055526733
2027 1939 0.3399795591831207
2030 2029 0.2943568825721741
2032 1934 0.33800941705703735
2033 1941 0.3138604462146759
2036 1984 0.3063274323940277
2037 1985 0.33911076188087463
2039 1987 0.2522379755973816
2040 2217 0.2739725708961487
2041 2199 0.6604347825050354
2042 2200 0.38908132910728455
2043 2201 0.4213263988494873
2046 2222 0.49997401237487793
2047 2184 0.4675931930541992
2048 2135 0.5059201121330261
2050 2054 0.2559732496738434
2051 1997 0.36901581287384033
2052 1952 0.2854885458946228
2056 2244 0.2653438448905945
2059 1994 0.3772504925727844
2061 1892 0.37601274251937866
2062 1888 0.34569886326789856
2063 1893 0.38340187072753906
2065 2003 0.3648262023925781
2066 2013 0.31381526589393616
2067 1988 0.43479111790657043
2069 2264 0.41120466589927673
2070 2187 0.4327871799468994
2074 1959 0.30295905470848083
2076 1891 0.29614174365997314
2077 1897 0.29455962777137756
2078 1925 0.3391450345516205
2084 2236 0.3809431791305542
2085 2224 0.35794150829315186
2086 2171 0.3367433547973633
2087 2077 0.39417073130607605
2089 2052 0.30408012866973877
2090 2087 0.2793210446834564
2091 1923 0.4991602897644043
2095 1989 0.3143511414527893
2096 1999 0.47268831729888916
2098 2242 0.42013150453567505
2102 2350 0.3113870918750763
2104 2276 0.37770840525627136
2105 2218 0.2806304395198822
2106 2245 0.4086475372314453
2107 2158 0.44096639752388
2109 2025 0.4173377752304077
2110 2032 0.4590483605861664
2114 2287 0.4112772047519684
2119 1981 0.3428826928138733
2124 2257 0.520975649356842
2125 2274 0.44103705883026123
2126 2275 0.4371543824672699
2127 2268 0.3185328543186188
2128 2288 0.6196216344833374
2129 2247 0.3763270080089569
2131 2136 0.3808843195438385
2134 2100 0.30941352248191833
2135 1955 0.6106048822402954
2136 1950 0.5342353582382202
2137 1980 0.31301212310791016
2138 1962 0.2958284318447113
2140 2024 0.47285422682762146
2141 2301 0.33922234177589417
2143 2269 0.4490482807159424
2145 2289 0.4523022770881653
2147 2290 0.9682446718215942
2149 1951 0.36773282289505005
2152 2598 0.3149305582046509
2153 2614 0.2914882302284241
2156 2327 0.47301432490348816
2160 2172 0.28316530585289
2162 2018 0.38621294498443604
2163 1960 0.35898175835609436
2165 2002 0.4377163052558899
2166 2067 0.342195063829422
2168 2079 0.5624125599861145
2169 2055 0.7295671701431274
2171 2599 0.2832266092300415
2173 2311 0.535600483417511
2175 2159 0.3713791072368622
2176 2123 0.41405802965164185
2178 2147 0.31750956177711487
2182 2046 0.4360048174858093
2183 2342 0.2991480529308319
2184 2303 0.42831122875213623
2185 2304 0.4192613661289215
2186 2305 0.3923850655555725
2188 2019 0.34878355264663696
2189 1982 0.3557196855545044
2190 2078 0.26225948333740234
2191 2095 0.41900554299354553
2192 2673 0.4098640978336334
2196 2324 0.33210107684135437
2197 2363 0.44614776968955994
2199 2291 0.4010333716869354
2200 2280 0.5477483868598938
2201 2237 0.4246883988380432
2206 2070 0.34826406836509705
2207 2081 0.2923858165740967
2208 2056 0.2995811402797699
2209 2708 0.4055173099040985
2210 2685 0.33339324593544006
2213 2364 0.3073718547821045
2214 2345 0.43800485134124756
2215 2329 0.5062541365623474
2218 2031 0.459852397441864
2220 2640 0.3180101811885834
2222 2375 0.3234071135520935
2225 2258 0.32167473435401917
2229 2656 0.2813086211681366
2232 2435 0.26292335987091064
2233 2376 0.31809207797050476
2235 2292 0.3784645199775696
2237 2174 0.4304545223712921
2238 2096 0.28482553362846375
2239 2097 0.31837373971939087
2242 2398 0.2632427513599396
2243 2378 0.46332690119743347
2244 2379 0.6762983798980713
2245 2387 0.6717569828033447
2248 2044 0.2921656370162964
2250 2111 0.3788852393627167
2251 2129 0.37319833040237427
2252 2112 0.48537677526474
2253 2686 0.26412466168403625
2256 2332 0.2863234281539917
2258 2064 0.39139020442962646
2259 2138 0.2770913243293762
2261 2128 0.42563962936401367
2263 2743 0.5938640832901001
2264 2695 0.2892976403236389
2266 2412 0.3405548930168152
2267 2396 0.40218585729599
2268 2422 0.2639879286289215
2269 2501 0.4316083788871765
2271 2377 0.37606653571128845
2273 2151 0.7076051235198975
2274 2131 0.26589176058769226
2275 2772 0.37006673216819763
2277 2388 0.42080798745155334
2279 2380 0.49776649475097656
2280 2238 0.40589338541030884
2283 2161 0.44476795196533203
2285 2066 0.47472575306892395
2287 2806 0.32967033982276917
2288 2765 0.44519105553627014
2289 2709 0.2868916690349579
2291 2434 0.31632542610168457
2292 2413 0.4241662621498108
2294 2437 0.6151064038276672
2295 2459 0.3951900005340576
2297 2400 0.2605836093425751
2300 2175 0.4070377051830292
2301 2176 0.28671881556510925
2303 2139 0.40033218264579773
2305 2469 0.31559500098228455
2306 2436 0.331257164478302
2307 2414 0.42931315302848816
2308 2415 0.38485071063041687
2309 2460 0.35621973872184753
2312 2402 0.7895351052284241
2313 2365 0.33813387155532837
2315 2091 0.33030983805656433
2317 2190 0.5357220768928528
2318 2191 0.4155418574810028
2319 2192 0.40531083941459656
2320 2456 0.8385127186775208
2321 2470 0.44144901633262634
2322 2471 0.4495179057121277
2323 2458 0.4391123652458191
2324 2270 0.31505462527275085
2326 2125 0.27317705750465393
2328 2126 0.43758735060691833
2329 2092 0.2526067793369293
2332 2193 0.2794787883758545
2333 2209 0.3019077479839325
2335 2791 0.28198227286338806
2337 2793 0.419459730386734
2339 2494 0.40492141246795654
2341 2366 0.28558602929115295
2342 2173 0.3970777690410614
2343 2208 0.35981154441833496
2344 2194 0.33889123797416687
2345 2186 0.33645540475845337
2346 2467 0.7000592947006226
2347 2492 0.40542489290237427
2349 2472 0.3321840763092041
2351 2438 0.32648247480392456
2353 2403 0.33417123556137085
2354 2188 0.4414064884185791
2355 2227 0.35487937927246094
2357 2836 0.42563396692276
2358 2837 0.37446966767311096
2359 2792 0.4442685544490814
2361 2502 0.5538970232009888
2365 2204 0.4383111596107483
2366 2162 0.37563031911849976
2368 2206 0.44864505529403687
2369 2838 0.3489841818809509
2371 2839 0.33618855476379395
2372 2820 0.5020017027854919
2374 2416 0.26955118775367737
2376 2352 0.4264473617076874
2377 2253 0.36844226717948914
2378 2254 0.27477115392684937
2381 2231 0.31302377581596375
2384 2500 0.45832788944244385
2387 2476 0.3889470398426056
2389 2150 0.30685898661613464
2392 2511 0.2981736660003662
2393 2486 0.2743956446647644
2394 2205 0.5118959546089172
2397 2520 0.7005748748779297
2401 2405 0.26863911747932434
2403 2381 0.3524149954319
2405 2248 0.31888270378112793
2406 2250 0.3953981101512909
2407 2189 0.34696388244628906
2411 2272 0.30509448051452637
2412 2163 0.30911651253700256
2414 2553 0.40388280153274536
2415 2521 0.4853050410747528
2416 2513 0.4232853353023529
2419 2463 0.3200361430644989
2420 2353 0.5015078783035278
2421 2203 0.322909414768219
2422 2294 0.4095296561717987
2424 2252 0.38780438899993896
2426 2299 0.5402688980102539
2427 2260 0.4336676299571991
2428 2541 0.34053149819374084
2429 2542 0.39161235094070435
2431 2533 0.5187600255012512
2432 2477 0.43014469742774963
2433 2367 0.3907994031906128
2435 2282 0.3538985848426819
2439 2545 0.35641273856163025
2440 2514 0.7057625651359558
2441 2474 0.538666844367981
2444 2281 0.3375645577907562
2445 2283 0.39167433977127075
2448 2284 0.3798106610774994
2450 2271 0.2648422420024872
2452 2273 0.4815940260887146
2454 2581 0.3692530691623688
2457 2583 0.2924410402774811
2458 2522 0.3422214984893799
2459 2523 0.47271984815597534
2461 2417 0.3742440342903137
2462 2312 0.4609733521938324
2463 2307 0.3913569748401642
2464 2259 0.4441283345222473
2466 2358 0.28367477655410767
2467 2579 0.3263815939426422
2469 2562 0.5702035427093506
2471 2441 0.47909560799598694
2472 2479 0.29992103576660156
2473 2407 0.4429587721824646
2474 2295 0.4938259720802307
2475 2297 0.3550916314125061
2477 2849 0.3544454276561737
2478 2850 0.2861645519733429
2480 2563 0.5167143940925598
2482 2442 0.4195573329925537
2484 2308 0.5236794948577881
2486 2318 0.4969535171985626
2487 2321 0.26364272832870483
2491 2554 0.3754143714904785
2493 2313 0.4055451452732086
2494 2314 0.46283185482025146
2495 2315 0.3603905737400055
2496 2296 0.3461511731147766
2498 2317 0.41217127442359924
2503 2616 0.5185473561286926
2505 2600 0.37370336055755615
2506 2495 0.3166637718677521
2507 2443 0.5457029938697815
2508 2503 0.36132869124412537
2509 2333 0.3260306715965271
2511 2372 0.42793112993240356
2514 2863 0.28836771845817566
2515 2601 0.45426225662231445
2516 2444 0.4743460416793823
2519 2634 0.252109557390213
2520 2582 0.31516191363334656
2523 2347 0.36856210231781006
2524 2335 0.306789368391037
2526 2382 0.3259405195713043
2530 2657 0.28754496574401855
2532 2617 0.4646286964416504
2534 2440 0.35650792717933655
2536 2334 0.26440539956092834
2537 2354 0.2890290319919586
2539 2356 0.5345533490180969
2544 2641 0.36016586422920227
2547 2370 0.3088642656803131
2549 2355 0.48715755343437195
2550 2428 0.3598390221595764
2551 2429 0.27290651202201843
2552 2957 0.25108978152275085
2554 2642 0.4557962715625763
2555 2658 0.33427831530570984
2558 2645 0.4462282061576843
2559 2619 0.5314329266548157
2560 2620 0.44738849997520447
2563 2487 0.28161194920539856
2564 2390 0.30196505784988403
2565 2371 0.42622700333595276
2567 2336 0.28780779242515564
2568 2451 0.3151029944419861
2574 2643 0.42932093143463135
2575 2699 0.6124273538589478
2577 2689 0.32770371437072754
2578 2690 0.8816472887992859
2579 2622 0.42534300684928894
2580 2409 0.39498427510261536
2582 2450 0.3208254873752594
2583 2484 0.2843082845211029
2589 2659 0.2853083610534668
2593 2425 0.3470393121242523
2596 2431 0.32509860396385193
2598 2978 0.25396960973739624
2599 2979 0.259199857711792
2601 2710 0.4635722041130066
2602 2700 0.527522087097168
2603 2701 0.379465252161026
2605 2663 0.3491709530353546
2606 2525 0.3437683880329132
2609 2449 0.4263806939125061
2612 2488 0.25994473695755005
2616 2432 0.31117483973503113
2618 2696 0.3968181014060974
2619 2687 0.26903393864631653
2620 2688 0.39815735816955566
2621 2757 0.25816965103149414
2622 2723 0.26773399114608765
2623 2664 0.3118206560611725
2624 2665 0.41299206018447876
2625 2564 0.3013126254081726
2626 2410 0.2655058205127716
2627 2447 0.4057772755622864
2628 2448 0.5869744420051575
2630 2697 0.3480495512485504
2631 2698 0.25859126448631287
2642 2756 0.5338574647903442
2643 2745 0.371217280626297
2644 2711 0.3982880115509033
2645 2593 0.48762282729148865
2646 2594 0.3232082426548004
2648 2408 0.43176892399787903
2650 2446 0.261751264333725
2653 2483 0.2985657751560211
2654 2496 0.5434468984603882
2658 2455 0.2679388225078583
2659 2721 0.39871668815612793
2661 2781 0.31722384691238403
2662 2736 0.3610999584197998
2663 2489 0.4800949692726135
2664 2732 0.3581603765487671
2665 2735 0.39524200558662415
2666 2712 0.35150736570358276
2667 2737 0.37729907035827637
2669 2508 0.38530388474464417
2671 3002 0.278219610452652
2672 2733 0.3915249705314636
2673 2744 0.47281545400619507
2674 2775 0.4691847264766693
2678 2445 0.5291525721549988
2679 2505 0.5943326354026794
2680 2481 0.26730790734291077
2686 2734 0.4847966730594635
2689 2526 0.3826311528682709
2690 2506 0.26952651143074036
2692 2796 0.418015718460083
2694 2509 0.5572381615638733
2696 2480 0.29371556639671326
2697 2536 0.3384242057800293
2698 2516 0.3129793107509613
2699 2530 0.31327882409095764
2701 2815 0.31303271651268005
2702 2823 0.3964061737060547
2703 2797 0.41913384199142456
2704 2766 0.4773174524307251
2705 2702 0.46233290433883667
2706 2556 0.40359750390052795
2707 2596 0.2918718159198761
2708 2560 0.45989930629730225
2709 2561 0.2795840799808502
2710 2824 0.31492483615875244
2711 2558 0.3934372663497925
2712 2573 0.4179579019546509
2713 3057 0.2898986041545868
2715 2774 0.38939499855041504
2716 2825 0.4512992203235626
2717 2844 0.2552911341190338
2719 2547 0.47268471121788025
2722 2574 0.3867112100124359
2724 3077 0.2582969665527344
2725 2780 0.3617417514324188
2726 2852 0.48567497730255127
2727 2853 0.43955397605895996
2728 2827 0.28770652413368225
2729 2724 0.3663194179534912
2730 2725 0.3208560645580292
2733 2568 0.3247047960758209
2734 2569 0.6230566501617432
2737 2822 0.47092899680137634
2738 2807 0.5461975932121277
2739 2585 0.3496057689189911
2740 2572 0.4252602756023407
2741 2609 0.3123328685760498
2742 3092 0.4522237777709961
2745 2843 0.3734753429889679
2747 2566 0.5063453912734985
2748 2625 0.4039841294288635
2749 2586 0.26142221689224243
2750 2570 0.27323830127716064
2752 2606 0.3865770101547241
2753 2587 0.6475070118904114
2758 2860 0.3827483057975769
2759 2857 0.3118480145931244
2762 2758 0.2544816732406616
2765 2571 0.3853946626186371
2766 2627 0.3760428726673126
2767 2607 0.41866961121559143
2768 3123 0.43167588114738464
2770 2639 0.37658873200416565
2771 2608 0.4060211479663849
2772 2683 0.36173346638679504
2773 2628 0.28528931736946106
2774 2611 0.27312368154525757
2775 2767 0.6036027669906616
2776 2603 0.4205082952976227
2778 2604 0.30096742510795593
2779 2610 0.36197641491889954
2781 2885 0.34308648109436035
2782 2886 0.49913647770881653
2783 2782 0.29033076763153076
2784 2783 0.39747747778892517
2785 2808 0.37255966663360596
2787 2637 0.3880707919597626
2789 3103 0.5352451205253601
2791 3104 0.3562965393066406
2792 2883 0.42003095149993896
2793 2884 0.36201992630958557
2794 2651 0.33315107226371765
2796 2680 0.35258036851882935
2797 2681 0.3972470760345459
2799 2669 0.3985205292701721
2801 3105 0.35266244411468506
2803 2649 0.3628162443637848
2804 2626 0.4275052547454834
2805 2629 0.40416908264160156
2808 3152 0.3090808391571045
2809 3114 0.46984878182411194
2810 2985 0.30394068360328674
2811 2912 0.5056967735290527
2813 2914 0.3161197304725647
2814 2897 0.3088224530220032
2815 2828 0.27338531613349915
2816 2739 0.3583240211009979
2817 2676 0.49375250935554504
2818 2740 0.27868378162384033
2820 2911 0.26463067531585693
2821 2930 0.3794800937175751
2824 2677 0.4716661274433136
2825 2694 0.3042852282524109
2826 2679 0.309434175491333
2827 2717 0.4184456765651703
2828 2705 0.39511576294898987
2829 2670 0.40326008200645447
2830 2684 0.3272184133529663
2831 2671 0.38784950971603394
2832 2653 0.34708863496780396
2834 2896 0.4669323265552521
2838 2713 0.5414004921913147
2839 2678 0.3586778938770294
2840 2730 0.33764246106147766
2842 2731 0.31689488887786865
2846 3175 0.2764064073562622
2848 3176 0.299550861120224
2849 3177 0.42496228218078613
2850 3188 0.2696751058101654
2851 3153 0.5817071795463562
2852 3023 0.26457592844963074
2854 3010 0.25292304158210754
2855 3011 0.3125622868537903
2856 3012 0.32731297612190247
2857 2941 0.4239203929901123
2858 2943 0.4846658408641815
2861 2654 0.298615038394928
2863 2910 0.2802709639072418
2865 2942 0.49885809421539307
2866 2861 0.29173851013183594
2867 2845 0.3327731788158417
2868 2666 0.2633921802043915
2869 2729 0.39105215668678284
2870 2747 0.4633573889732361
2872 2706 0.339925080537796
2876 2762 0.2578060030937195
2877 2749 0.26151472330093384
2880 3195 0.31947779655456543
2882 3025 0.27203941345214844
2884 3026 0.34093573689460754
2885 3048 0.26756781339645386
2886 2768 0.4126015305519104
2887 2759 0.34502696990966797
2888 2760 0.3907241225242615
2889 2769 0.348022997379303
2890 2751 0.40626052021980286
2891 2752 0.4662003815174103
2892 2753 0.4066089689731598
2893 2754 0.40162011981010437
2894 3215 0.33374062180519104
2896 2854 0.5623267889022827
2899 2727 0.28065934777259827
2900 2728 0.2995457351207733
2901 2761 0.3080473840236664
2906 2865 0.42221856117248535
2907 2809 0.4835914671421051
2909 2789 0.3120878040790558
2910 2750 0.3055545389652252
2911 2755 0.30153053998947144
2915 3053 0.29418063163757324
2917 2964 0.43123477697372437
2918 2872 0.25299492478370667
2919 2784 0.6088679432868958
2920 2801 0.45245715975761414
2921 2764 0.3546049892902374
2922 2770 0.36158376932144165
2924 2771 0.5561752319335938
2927 3003 0.5610443949699402
2929 2811 0.6006489396095276
2931 2800 0.5436267852783203
2932 2802 0.42936843633651733
2933 2776 0.28853580355644226
2935 3049 0.2584359347820282
2936 2915 0.3053337335586548
2938 2898 0.45719894766807556
2939 2891 0.33166050910949707
2940 2799 0.4153718948364258
2941 2785 0.3251274526119232
2942 2831 0.3508884310722351
2943 2778 0.5613601803779602
2946 3164 0.30912891030311584
2947 3165 0.2872793674468994
2949 2986 0.43416255712509155
2950 2931 0.2972676455974579
2953 3108 0.3424248993396759
2954 2798 0.27034100890159607
2956 2805 0.3168042302131653
2957 3082 0.25823020935058594
2958 2923 0.33646535873413086
2959 2810 0.6351890563964844
2960 2866 0.8073863387107849
2961 2817 0.4533771872520447
2962 2818 0.41423299908638
2963 2819 0.44014331698417664
2964 2832 0.5948384404182434
2965 2833 0.6122503876686096
2966 3342 0.25954145193099976
2972 3139 0.5839159488677979
2974 2829 0.25824055075645447
2977 3328 0.4147713780403137
2978 3329 0.3191610872745514
2979 3316 0.2856546640396118
2981 3304 0.31750714778900146
2982 3115 0.266696035861969
2983 2965 0.3644697666168213
2984 2950 0.46358636021614075
2985 2846 0.2930387556552887
2986 2868 0.5413395762443542
2989 2878 0.3551275134086609
2990 2835 0.35324475169181824
2992 3355 0.4484115242958069
2993 3343 0.3925778269767761
2994 3344 0.3180208206176758
2995 3256 0.2953827381134033
2997 3228 0.28375568985939026
2999 2951 0.36333492398262024
3000 2952 0.263295978307724
3001 2889 0.29927560687065125
3003 3369 0.4281258285045624
3006 3345 0.3392805755138397
3007 2949 0.4304918646812439
3009 2870 0.45158636569976807
3010 2862 0.6892255544662476
3012 3124 0.25661608576774597
3014 2989 0.27053186297416687
3017 2877 0.37701672315597534
3018 2879 0.32822510600090027
3019 2880 0.39161571860313416
3020 3382 0.2767181694507599
3021 3372 0.3734336495399475
3022 3356 0.3098434507846832
3023 3267 0.32939285039901733
3024 2876 0.34978118538856506
3025 2888 0.3048085868358612
3027 3383 0.3038928508758545
3028 3357 0.2553434669971466
3029 3346 0.26140424609184265
3036 3028 0.5002864003181458
3038 2902 0.33990660309791565
3039 3391 0.34807777404785156
3040 3358 0.3594425320625305
3042 3178 0.3308382034301758
3043 3148 0.2873051166534424
3044 3044 0.4255722463130951
3045 2988 0.3049449622631073
3046 3014 0.26983538269996643
3048 2928 0.413688987493515
3049 2903 0.26841631531715393
3051 3411 0.2764960527420044
3052 3398 0.456939160823822
3055 3198 0.5184029340744019
3057 3004 0.7681347131729126
3059 2874 0.28038913011550903
3060 2901 0.4109051525592804
3061 2904 0.3298986852169037
3063 2919 0.32724088430404663
3064 3412 0.41060900688171387
3065 3413 0.36076608300209045
3066 3384 0.2912823259830475
3067 3385 0.3265646696090698
3068 3229 0.46088677644729614
3069 2932 0.4111042618751526
3070 2927 0.4678884744644165
3073 2893 0.3813539147377014
3075 3430 0.40219083428382874
3077 3168 0.2738591730594635
3078 3032 0.4789174497127533
3079 2926 0.28487226366996765
3080 2954 0.5366624593734741
3081 2955 0.31229445338249207
3082 2946 0.38329440355300903
3083 2933 0.3216017186641693
3084 2947 0.46044743061065674
3085 3281 0.39346763491630554
3087 3231 0.3033881187438965
3088 3015 0.29550641775131226
3089 2924 0.28613343834877014
3091 2934 0.3039858937263489
3092 2918 0.5054113864898682
3093 2894 0.5944618582725525
3094 2935 0.26286619901657104
3096 3462 0.3902522921562195
3097 3454 0.2555995285511017
3101 2925 0.2931869328022003
3102 2956 0.43587052822113037
3104 3463 0.43626561760902405
3105 3330 0.34542766213417053
3108 3199 0.3302978575229645
3109 3241 0.4763965606689453
3110 3154 0.26571837067604065
3111 2967 0.3211306631565094
3112 2974 0.44022268056869507
3113 2969 0.4987805485725403
3114 2971 0.58005690574646
3115 3318 0.41094592213630676
3116 3268 0.6021401286125183
3119 2953 0.3385330140590668
3120 2972 0.29923737049102783
3121 2962 0.2914048433303833
3122 3200 0.2864897549152374
3124 2968 0.49035415053367615
3125 2945 0.5583382248878479
3126 2982 0.6184910535812378
3127 2970 0.3879057466983795
3128 2983 0.29645174741744995
3130 2920 0.3802209198474884
3135 3061 0.3286592364311218
3136 2966 0.279921293258667
3137 2992 0.3458855152130127
3138 3007 0.5213534235954285
3139 3386 0.26255178451538086
3140 3180 0.4072295129299164
3143 2996 0.31900709867477417
3144 3511 0.38253191113471985
3147 3033 0.28604260087013245
3148 2991 0.6199934482574463
3160 3269 0.2556726634502411
3161 3095 0.4240841567516327
3162 3064 0.2864916920661926
3163 2975 0.28615444898605347
3166 3017 0.6000494956970215
3170 3035 0.3293306529521942
3171 3006 0.32728707790374756
3172 2999 0.37764716148376465
3173 3000 0.6689128279685974
3174 3022 0.5431971549987793
3176 3481 0.3330138325691223
3178 3159 0.273178368806839
3179 3125 0.2714221179485321
3180 3110 0.414938360452652
3185 3447 0.2670457363128662
3186 3240 0.40785524249076843
3187 3024 0.2971945106983185
3188 3041 0.46191641688346863
3190 3055 0.4649021625518799
3191 3047 0.40605831146240234
3194 3191 0.35135388374328613
3196 3135 0.2966044545173645
3197 3062 0.44435203075408936
3199 3084 0.6819706559181213
3200 3051 0.46714210510253906
3203 3074 0.2939736545085907
3204 3042 0.415924072265625
3205 3567 0.3216710388660431
3207 3392 0.38122883439064026
3208 3387 0.27031058073043823
3212 3072 0.4957001209259033
3213 3056 0.3033672869205475
3214 3073 0.4437532424926758
3217 3513 0.34922224283218384
3218 3068 0.3866433799266815
3219 3085 0.3283115029335022
3220 3075 0.3245082199573517
3222 3155 0.25807708501815796
3223 3097 0.2555098533630371
3226 3069 0.47888684272766113
3228 3431 0.39438503980636597
3232 3065 0.2926265597343445
3234 3090 0.3871215581893921
3235 3606 0.29813727736473083
3238 3060 0.33025282621383667
3239 3181 0.4124697148799896
3242 3182 0.39662060141563416
3244 3113 0.36208033561706543
3245 3091 0.39384081959724426
3246 3639 0.27001866698265076
3253 3129 0.43735411763191223
3262 3120 0.3702644109725952
3263 3121 0.5402328372001648
3264 3640 0.3228561282157898
3272 3201 0.26587653160095215
3276 3246 0.25157108902931213
3277 3221 0.6807587742805481
3278 3223 0.3448272943496704
3279 3224 0.27573373913764954
3282 3112 0.2567634582519531
3285 3100 0.5390146970748901
3286 3101 0.4184552729129791
3290 3169 0.30291369557380676
3291 3271 0.34442469477653503
3292 3272 0.3148737847805023
3293 3259 0.4031016528606415
3296 3127 0.33891579508781433
3297 3119 0.2706180512905121
3299 3157 0.4742289185523987
3301 3671 0.27707308530807495
3303 3599 0.4020715653896332
3304 3319 0.4138420820236206
3305 3258 0.48434287309646606
3307 3137 0.25734591484069824
3309 3144 0.38694068789482117
3310 3711 0.3484700322151184
3312 3519 0.29276028275489807
3313 3495 0.2718648612499237
3314 3394 0.3981584906578064
3315 3242 0.2613060474395752
3317 3160 0.41760730743408203
3320 3263 0.49061328172683716
3321 3136 0.3282933533191681
3325 3335 0.3514939546585083
3326 3162 0.2646377384662628
3327 3150 0.36903128027915955
3328 3183 0.6649820804595947
3334 3145 0.4723435640335083
3335 3669 0.34370872378349304
3337 3721 0.2510342597961426
3338 3631 0.3692565858364105
3343 3298 0.3677713871002197
3345 3161 0.31560462713241577
3346 3173 0.2646251320838928
3348 3729 0.2682643234729767
3349 3569 0.33501651883125305
3351 3542 0.4081416130065918
3352 3543 0.34514743089675903
3353 3527 0.302914559841156
3354 3192 0.46186578273773193
3355 3333 0.25668802857398987
3356 3334 0.44215473532676697
3357 3226 0.6151562929153442
3358 3186 0.5082505941390991
3359 3151 0.3028114438056946
3360 3708 0.3534132242202759
3362 3748 0.2700789272785187
3364 3750 0.33140280842781067
3365 3737 0.29256880283355713
3366 3554 0.3175465166568756
3368 3376 0.3483065664768219
3370 3193 0.2940976023674011
3371 3172 0.42923086881637573
3374 3209 0.3032298982143402
3375 3185 0.476347953081131
3376 3194 0.584185004234314
3378 3163 0.2613391876220703
3381 3709 0.39136070013046265
3384 3586 0.3576071262359619
3385 3544 0.339853435754776
3386 3556 0.30568772554397583
3389 3320 0.4197854697704315
3391 3171 0.511060893535614
3393 3210 0.34391987323760986
3394 3211 0.3449661135673523
3395 3212 0.3726971745491028
3396 3174 0.26498499512672424
3399 3208 0.47726330161094666
3400 3237 0.4302833676338196
3401 3250 0.3639872968196869
3402 3227 0.6325141787528992
3404 3763 0.2789342403411865
3405 3406 0.3655764162540436
3408 3235 0.3081425726413727
3409 3251 0.2502535581588745
3410 3238 0.4785403311252594
3411 3265 0.4159018397331238
3414 3433 0.27427685260772705
3415 3205 0.5375736951828003
3417 3252 0.33283793926239014
3420 3685 0.4356241226196289
3422 3243 0.33551111817359924
3423 3236 0.38299402594566345
3424 3310 0.3202773630619049
3425 3797 0.36013492941856384
3427 3416 0.5284762978553772
3430 3247 0.2964242994785309
3432 3278 0.30011245608329773
3434 3339 0.5232492089271545
3435 3301 0.49623507261276245
3436 3291 0.36832281947135925
3438 3313 0.4255811870098114
3439 3810 0.376808226108551
3440 3781 0.4220808744430542
3442 3641 0.30431047081947327
3443 3587 0.46792060136795044
3444 3285 0.29246753454208374
3445 3273 0.6466054916381836
3446 3274 0.4463294744491577
3447 3307 0.4622914493083954
3450 3456 0.524330198764801
3451 3332 0.35459044575691223
3452 3457 0.9286598563194275
3456 3277 0.2986176013946533
3458 3280 0.5628761649131775
3460 3349 0.5899387001991272
3461 3288 0.2621914744377136
3462 3309 0.5089970827102661
3463 3275 0.3415240943431854
3465 3292 0.2820279896259308
3466 3673 0.41097256541252136
3467 3434 0.4569587707519531
3468 3418 0.5617532730102539
3469 3493 0.4052509367465973
3470 3842 0.47699663043022156
3471 3825 0.37879854440689087
3475 3321 0.28682848811149597
3479 3336 0.481146901845932
3480 3337 0.5344198346138
3481 3338 0.4676342010498047
3482 3351 0.4603438079357147
3483 3326 0.3606872856616974
3484 3826 0.522890031337738
3485 3829 0.4936154782772064
3486 3812 0.28417110443115234
3488 3570 0.3208141624927521
3489 3283 0.35433828830718994
3491 3539 0.3985106348991394
3492 3540 0.3780392110347748
3493 3550 0.45432940125465393
3494 3361 0.2702353298664093
3499 3419 0.6944656372070312
3500 3350 0.31298795342445374
3501 3548 0.2941848337650299
3502 3524 0.3659416139125824
3503 3365 0.30196043848991394
3504 3378 0.49225643277168274
3505 3366 0.4398294687271118
3506 3379 0.4643265902996063
3507 3892 0.313671350479126
3508 3830 0.3140643537044525
3509 3448 0.31597989797592163
3510 3579 0.2999207675457001
3511 3525 0.2792169153690338
3512 3362 0.4719603955745697
3513 3363 0.5861286520957947
3514 3395 0.3898118734359741
3515 3859 0.32389387488365173
3517 3571 0.41449302434921265
3518 3435 0.2767936587333679
3519 3580 0.6638472080230713
3520 3420 0.34488287568092346
3521 3377 0.3759991228580475
3522 3364 0.2887100279331207
3523 3368 0.3077390789985657
3524 3354 0.31309542059898376
3525 3893 0.25691530108451843
3526 3876 0.4627630114555359
3527 3894 0.49994349479675293
3528 3866 0.3532845079898834
3529 3843 0.3623504638671875
3534 3436 0.28457003831863403
3535 3437 0.5015820264816284
3537 3578 0.2559744715690613
3538 3407 0.49600228667259216
3539 3367 0.4596620798110962
3540 3353 0.45517030358314514
3542 3449 0.42655882239341736
3545 3593 0.4607865512371063
3547 3439 0.3819960057735443
3548 3427 0.44655898213386536
3551 3920 0.35060611367225647
3553 3813 0.2579939067363739
3554 3610 0.25704053044319153
3556 3615 0.398093581199646
3557 3530 0.3703587055206299
3559 3424 0.4657648801803589
3560 3440 0.26111945509910583
3563 3380 0.4313730001449585
3565 3895 0.3568256199359894
3566 3632 0.36594581604003906
3567 3522 0.4991064965724945
3568 3465 0.25067993998527527
3571 3409 0.3693597912788391
3574 3844 0.2663981020450592
3578 3594 0.390071839094162
3581 3470 0.3176761567592621
3582 3471 0.4203527271747589
3583 3408 0.30329930782318115
3585 3827 0.2586696743965149
3586 3643 0.2949455678462982
3589 3623 0.35630738735198975
3590 3560 0.2805948257446289
3591 3561 0.2951754629611969
3592 3515 0.3172317147254944
3593 3421 0.2700372040271759
3594 3468 0.29543089866638184
3596 3469 0.3565133810043335
3600 3657 0.42293184995651245
3602 3443 0.35107386112213135
3603 3444 0.41532790660858154
3605 3932 0.2665218710899353
3607 3546 0.38624975085258484
3609 3538 0.345552533864975
3610 3604 0.32076123356819153
3612 3458 0.5007604360580444
3613 3461 0.30585598945617676
3614 3472 0.47966980934143066
3616 3490 0.25715652108192444
3617 3491 0.3243906497955322
3618 3475 0.2905041575431824
3620 3984 0.25879010558128357
3624 3674 0.2970692813396454
3627 3647 0.37453609704971313
3628 3574 0.5088965892791748
3634 3650 0.5277560949325562
3635 3450 0.28615692257881165
3636 3486 0.518194854259491
3641 3474 0.3056349754333496
3642 3933 0.4804934859275818
3643 3901 0.5618067979812622
3644 3712 0.37391796708106995
3645 3628 0.2520357668399811
3646 3605 0.2644515633583069
3647 3466 0.5245672464370728
3649 3738 0.3133726418018341
3650 3545 0.4103713929653168
3652 3575 0.25848376750946045
3655 3698 0.350081205368042
3658 3660 0.34073519706726074
3659 3501 0.44639164209365845
3660 3467 0.4028944969177246
3661 3503 0.343825101852417
3662 3504 0.34469741582870483
3664 3506 0.48460251092910767
3665 3477 0.3520542085170746
3666 3480 0.3738555610179901
3667 4002 0.905646026134491
3671 3993 0.8181228637695312
3673 3622 0.39126068353652954
3675 3589 0.2894463837146759
3676 3603 0.26980939507484436
3680 3516 0.2788044810295105
3681 3488 0.4526030123233795
3685 3547 0.27964168787002563
3689 3507 0.299582302570343
3691 3590 0.36210036277770996
3694 3592 0.29330912232398987
3696 3659 0.31106773018836975
3698 3535 0.40183427929878235
3704 3654 0.40977343916893005
3711 4004 0.5812114477157593
3712 4005 0.5247724056243896
3713 3653 0.32430341839790344
3714 3648 0.36548855900764465
3716 3624 0.4396432638168335
3717 3576 0.2800871431827545
3719 3534 0.31809207797050476
3720 3552 0.4032819867134094
3722 3553 0.31869208812713623
3723 4072 0.35511261224746704
3724 3676 0.3160250782966614
3729 3602 0.35157978534698486
3731 3756 0.3732040226459503
3732 3771 0.408423513174057
3734 3533 0.5334518551826477
3735 3564 0.4325569272041321
3736 3508 0.2589555084705353
3739 3697 0.2969990074634552
3740 3655 0.45360639691352844
3741 3677 0.36179763078689575
3742 3687 0.3594120144844055
3749 3722 0.4194857180118561
3750 3713 0.35437241196632385
3751 3686 0.3204854428768158
3752 3688 0.34143194556236267
3753 3725 0.25280487537384033
3754 3726 0.36901333928108215
3755 3796 0.39479637145996094
3756 3563 0.42219841480255127
3757 3595 0.29435408115386963
3759 3536 0.2728870213031769
3761 3766 0.44281303882598877
3762 3788 0.4573332667350769
3763 3715 0.4744044244289398
3764 3689 0.8234865069389343
3765 3656 0.5311527252197266
3775 3583 0.6775985956192017
3776 3584 0.4311492443084717
3777 3585 0.30668288469314575
3778 4122 0.25005507469177246
3779 4082 0.2775006890296936
3780 3739 0.37293362617492676
3781 3723 0.34379133582115173
3782 3716 0.2620234787464142
3783 3718 0.3230908215045929
3785 3795 0.257394015789032
3787 3619 0.35408931970596313
3790 3621 0.4684063792228699
3791 3598 0.3494611084461212
3793 3565 0.2949402332305908
3794 3566 0.3780500292778015
3795 4137 0.35235315561294556
3797 3724 0.33301955461502075
3804 3790 0.3106594979763031
3805 3791 0.4272346496582031
3807 3691 0.3080717623233795
3809 4165 0.2556207478046417
3812 4073 0.37418943643569946
3816 3799 0.288696825504303
3818 3804 0.32628822326660156
3820 3742 0.2733154594898224
3823 3719 0.2675022482872009
3824 3820 0.31321460008621216
3825 3629 0.5168361067771912
3827 3630 0.40178945660591125
3829 3637 0.39630526304244995
3831 4176 0.343112975358963
3832 3845 0.2685197591781616
3833 3789 0.490990549325943
3834 3816 0.5002439618110657
3837 3767 0.3494604527950287
3838 3745 0.4607430696487427
3841 3831 0.275282084941864
3843 3817 0.35797494649887085
3844 3768 0.35500258207321167
3847 3662 0.4410593509674072
3848 4200 0.27655935287475586
3849 4201 0.27169302105903625
3854 3782 0.30741727352142334
3855 3769 0.3649984896183014
3857 3783 0.35974636673927307
3858 3770 0.4335514307022095
3859 3864 0.42719390988349915
3860 3853 0.3143906891345978
3861 3680 0.3023439943790436
3862 3652 0.28307780623435974
3863 3663 0.36127769947052
3865 3665 0.39761170744895935
3866 3666 0.3551884889602661
3867 3668 0.406368225812912
3868 3638 0.6258371472358704
3874 3846 0.25159844756126404
3876 3832 0.4608362317085266
3877 3754 0.3185805678367615
3881 3695 0.3938862681388855
3882 3696 0.3598952889442444
3883 3702 0.5247498750686646
3884 3667 0.44744864106178284
3885 4138 0.2717907130718231
3887 4126 0.2679710388183594
3889 4086 0.3649650514125824
3891 3868 0.3172193169593811
3896 3793 0.2752001881599426
3899 3699 0.5084551572799683
3900 4177 0.2622334659099579
3902 4127 0.26918306946754456
3905 3805 0.48568469285964966
3906 3819 0.40230706334114075
3907 3887 0.3355492055416107
3908 3693 0.39458444714546204
3909 3703 0.288216769695282
3910 3707 0.45793381333351135
3915 3818 0.34105607867240906
3917 3836 0.25821077823638916
3918 3806 0.3138209581375122
3919 3682 0.43111634254455566
3920 3733 0.2840689718723297
3924 4180 0.25814157724380493
3928 3902 0.38052526116371155
3929 3878 0.2963920831680298
3930 3903 0.33233901858329773
3931 3897 0.2838628590106964
3932 3898 0.3116060197353363
3933 3869 0.2655124068260193
3934 3834 0.5481758713722229
3936 3792 0.28387749195098877
3937 3852 0.40015891194343567
3938 4206 0.2699720561504364
3940 3922 0.34469282627105713
3942 3879 0.25328487157821655
3943 3835 0.5836966037750244
3944 3757 0.45765221118927
3945 3735 0.2648836672306061
3946 3684 0.34734097123146057
3947 4258 0.34233149886131287
3951 3905 0.3480575382709503
3953 3848 0.2559961974620819
3954 3863 0.3613652288913727
3955 3865 0.32061198353767395
3958 3758 0.4292145073413849
3961 4208 0.2769109010696411
3962 4035 0.4592677354812622
3963 3923 0.28575465083122253
3968 3935 0.26971060037612915
3970 3917 0.48894578218460083
3971 3882 0.28737500309944153
3975 3777 0.5010570883750916
3976 3778 0.28709450364112854
3977 3779 0.4108130633831024
3978 3746 0.3684503436088562
3982 4213 0.37926048040390015
3984 3949 0.4830632209777832
3986 3880 0.28139153122901917
3990 3899 0.3071801960468292
3991 3900 0.33751818537712097
3992 3776 0.3679671585559845
3993 3759 0.46713054180145264
3994 4298 0.26316845417022705
3995 4260 0.25893229246139526
3996 3956 0.26276418566703796
3997 3885 0.9456133246421814
3998 3998 0.37843528389930725
4000 3780 0.4175678789615631
4002 4259 0.575148344039917
4004 3994 0.6329746246337891
4005 3957 0.8494971394538879
4006 3916 0.3723955452442169
4011 3989 0.3290650546550751
4020 3807 0.4208148121833801
4021 3784 0.6643621325492859
4022 3747 0.2549052834510803
4025 4299 0.31106773018836975
4026 4286 0.3300018906593323
4027 4236 0.2526940107345581
4028 4202 0.3179267942905426
4029 3968 0.3311406075954437
4030 3906 0.33784088492393494
4031 3926 0.35063788294792175
4034 4010 0.2894861400127411
4035 3928 0.3054773211479187
4036 3910 0.34549421072006226
4037 3822 0.8521162867546082
4042 4025 0.3240993618965149
4046 4009 0.25115877389907837
4047 4022 0.4865400195121765
4048 3929 0.3478650748729706
4050 3856 0.45749029517173767
4053 4300 0.43457555770874023
4054 4268 0.2813107669353485
4056 4027 0.5755280256271362
4057 3925 0.2781140208244324
4058 4018 0.3485627770423889
4059 4019 0.3736801743507385
4060 4021 0.35217544436454773
4061 4008 0.360594779253006
4062 3999 0.3544464409351349
4065 3841 0.5040434002876282
4067 4355 0.3004956543445587
4068 4269 0.2630753517150879
4072 3909 0.3134405016899109
4073 4028 0.543725311756134
4074 4029 0.4588561952114105
4077 3821 0.41713839769363403
4078 3855 0.5429226756095886
4079 3824 0.2975938618183136
4081 4016 0.6111723184585571
4082 3950 0.4251641631126404
4083 3951 0.3670544922351837
4084 3958 0.2817680239677429
4086 3939 0.2681548297405243
4087 3940 0.3614596724510193
4088 3974 0.36847352981567383
4092 4038 0.3308921456336975
4094 3965 0.3050971031188965
4095 3943 0.40524592995643616
4097 3808 0.32813528180122375
4098 3809 0.29009220004081726
4099 4343 0.4313730001449585
4100 4332 0.43167051672935486
4102 3959 0.26530689001083374
4105 4048 0.26155462861061096
4106 4050 0.31239184737205505
4107 4040 0.297160804271698
4108 4041 0.2877383530139923
4109 4013 0.2853127121925354
4110 3823 0.46427345275878906
4114 4026 0.3993080258369446
4116 4056 0.4603174924850464
4117 3964 0.3947925865650177
4121 4045 0.5387541651725769
4122 4036 0.4909708797931671
4124 3969 0.30013763904571533
4125 3971 0.5144516229629517
4126 3972 0.4540708065032959
4127 3973 0.4132150411605835
4130 4065 0.41002127528190613
4132 4070 0.5486408472061157
4133 3979 0.2574077546596527
4136 3873 0.40583688020706177
4139 4044 0.44408005475997925
4140 3985 0.5306286811828613
4141 3975 0.33835580945014954
4142 4053 0.30712807178497314
4143 4055 0.39995133876800537
4144 4049 0.3185131251811981
4147 4000 0.3751545250415802
4148 3911 0.3067990243434906
4149 3874 0.34444308280944824
4150 3891 0.4504792094230652
4151 4402 0.5531189441680908
4152 4368 0.5376911163330078
4154 4071 0.4353475272655487
4155 4015 0.3937559425830841
4157 3913 0.4790220558643341
4158 3890 0.3402445316314697
4159 4373 0.2607332766056061
4160 4303 0.4110599756240845
4161 4304 0.3765057623386383
4163 4063 0.3072487413883209
4164 4078 0.41869956254959106
4165 4105 0.9471783638000488
4166 4014 0.3590053915977478
4167 3914 0.36510083079338074
4168 4305 0.4400077760219574
4169 4306 0.35877880454063416
4171 4317 0.25472545623779297
4172 4068 0.37286677956581116
4173 4046 0.442161500453949
4175 4064 0.5439104437828064
4176 4106 0.5178702473640442
4177 3930 0.2804741859436035
4178 3919 0.3073903024196625
4179 4383 0.37748298048973083
4180 4129 0.3283030390739441
4181 4052 0.4713967442512512
4182 4075 0.3550090193748474
4183 4077 0.387896865606308
4184 4047 0.26127639412879944
4186 4092 0.35556265711784363
4187 4108 0.38317012786865234
4189 3946 0.2771465480327606
4190 3875 0.47549691796302795
4191 4396 0.28336358070373535
4192 4344 0.42933568358421326
4195 4088 0.35626253485679626
4196 4144 0.4206719696521759
4199 4376 0.3371864855289459
4203 4102 0.412887305021286
4204 4069 0.436687707901001
4205 4117 0.28256264328956604
4206 4090 0.5825099349021912
4207 4091 0.4026932120323181
4208 4173 0.4854721426963806
4210 4057 0.3620820641517639
4212 4058 0.3820907473564148
4213 3955 0.6649148464202881
4214 3982 0.2645955979824066
4217 4148 0.32134419679641724
4219 4118 0.40059036016464233
4220 4142 0.52699214220047
4221 4143 0.3571286201477051
4223 4172 0.32681265473365784
4224 4158 0.4258633553981781
4226 4159 0.4537820518016815
4227 4145 0.43248435854911804
4229 3967 0.3777354061603546
4230 3981 0.3085730969905853
4232 4413 0.3075043857097626
4233 4319 0.35715043544769287
4234 4167 0.3171185851097107
4235 4151 0.30452239513397217
4236 4183 0.31511741876602173
4237 4152 0.778482973575592
4238 4170 0.4494990408420563
4239 4133 0.44282740354537964
4240 4134 0.5995810031890869
4241 4157 0.34028932452201843
4243 4185 0.5330455303192139
4244 4161 0.5570256114006042
4245 4162 0.41936972737312317
4246 4174 0.4794576168060303
4247 3980 0.3211827278137207
4248 4403 0.3172377645969391
4249 4404 0.3189487159252167
4250 4186 0.28946158289909363
4252 4103 0.41509944200515747
4253 4074 0.2965020537376404
4254 4136 0.31291303038597107
4258 4189 0.31737878918647766
4259 4190 0.5735428929328918
4260 4135 0.4815843999385834
4261 4109 0.5590329766273499
4262 4110 0.37024956941604614
4268 4132 0.29039889574050903
4270 4154 0.25553178787231445
4271 4155 0.32601824402809143
4272 4080 0.4178287982940674
4274 4421 0.312648743391037
4276 4435 0.41615697741508484
4278 4192 0.4018768072128296
4279 4131 0.34800177812576294
4280 4153 0.39743465185165405
4282 4212 0.4577748477458954
4283 4119 0.426230251789093
4284 4414 0.8237063884735107
4285 4216 0.2530842125415802
4289 4198 0.3993518352508545
4292 4397 0.2542279362678528
4293 4214 0.3654952049255371
4294 4171 0.35651475191116333
4295 4196 0.2797694504261017
4296 4224 0.3313279151916504
4298 4455 0.3408128619194031
4299 4442 0.30751845240592957
4300 4209 0.43233466148376465
4301 4194 0.32056185603141785
4302 4031 0.29923364520072937
4308 4210 0.35052353143692017
4309 4184 0.3806951344013214
4310 4141 0.3894886076450348
4311 4256 0.4310300350189209
4312 4248 0.3660973012447357
4313 4233 0.34084731340408325
4315 4234 0.3764267861843109
4316 4249 0.323388934135437
4317 4226 0.47043344378471375
4318 4227 0.35082584619522095
4319 4163 0.6006054282188416
4320 4059 0.29187822341918945
4321 4023 0.40547749400138855
4322 4051 0.27966728806495667
4325 4261 0.28051725029945374
4326 4223 0.26867958903312683
4327 4193 0.27368322014808655
4329 4221 0.4346485137939453
4330 4255 0.5253301858901978
4332 4250 0.2935968339443207
4333 4251 0.3562992513179779
4334 4225 0.4774034917354584
4335 4228 0.4033166170120239
4337 4478 0.31688612699508667
4338 4270 0.5664902329444885
4339 4230 0.39487919211387634
4341 4219 0.3719199597835541
4342 4266 0.4070943593978882
4344 4235 0.35550636053085327
4347 4479 0.4055211842060089
4350 4238 0.2865862250328064
4352 4244 0.4052930772304535
4353 4245 0.6073456406593323
4354 4265 0.303897500038147
4355 4247 0.35551518201828003
4357 4060 0.35816651582717896
4360 4444 0.31343719363212585
4361 4436 0.336509644985199
4365 4262 0.316428005695343
4366 4239 0.25248730182647705
4367 4253 0.3300081789493561
4368 4218 0.34796592593193054
4369 4243 0.5411258935928345
4371 4246 0.6680311560630798
4372 4285 0.2947200834751129
4373 4275 0.3279785215854645
4374 4257 0.37907174229621887
4375 4205 0.4130156934261322
4376 4199 0.3469744622707367
4378 4097 0.29241007566452026
4381 4519 0.35984519124031067
4383 4428 0.2819570004940033
4384 4254 0.5638362765312195
4385 4264 0.27510756254196167
4388 4113 0.2940406799316406
4391 4096 0.37493062019348145
4394 4437 0.3185049295425415
4395 4438 0.2815072238445282
4396 4415 0.31797441840171814
4399 4289 0.38255196809768677
4400 4232 0.29041552543640137
4401 4294 0.3087073266506195
4402 4295 0.4073483645915985
4404 4520 0.45555680990219116
4407 4427 0.2762030065059662
4410 4273 0.3451487421989441
4414 4267 0.2775583863258362
4415 4276 0.5150937438011169
4416 4277 0.4303559958934784
4418 4555 0.6129228472709656
4419 4521 0.32065296173095703
4420 4505 0.2989216148853302
4421 4522 0.4200601875782013
4423 4309 0.27690666913986206
4424 4310 0.29861077666282654
4425 4311 0.38681891560554504
4426 4283 0.3429582417011261
4427 4292 0.28549808263778687
4429 4296 0.29375505447387695
4431 4279 0.323278546333313
4433 4535 0.357860267162323
4434 4536 0.2734218239784241
4436 4463 0.488559365272522
4438 4345 0.30303794145584106
4442 4328 0.40972498059272766
4443 4485 0.27584394812583923
4444 4471 0.36116230487823486
4447 4346 0.254842072725296
4449 4313 0.4569544196128845
4451 4348 0.2814081609249115
4455 4278 0.3126263916492462
4456 4302 0.30985379219055176
4458 4543 0.3291498124599457
4459 4508 0.3437516689300537
4460 4499 0.3086296021938324
4461 4509 0.2896360754966736
4462 4486 0.2764541506767273
4463 4492 0.45189139246940613
4465 4333 0.41514140367507935
4466 4335 0.5603284239768982
4468 4326 0.32557952404022217
4469 4327 0.27974170446395874
4471 4523 0.3836425244808197
4472 4507 0.260379433631897
4474 4500 0.3397873342037201
4476 4321 0.4335671365261078
4477 4336 0.3490148186683655
4478 4322 0.28395816683769226
4480 4339 0.5601136088371277
4481 4349 0.4578499495983124
4483 4510 0.32776716351509094
4484 4338 0.30113309621810913
4486 4325 0.29717469215393066
4487 4365 0.38584625720977783
4490 4569 0.3233821392059326
4491 4552 0.5069875717163086
4493 4557 0.5063222050666809
4496 4525 0.29016634821891785
4497 4378 0.3048423230648041
4501 4390 0.25480368733406067
4504 4562 0.5393155217170715
4506 4544 0.34770452976226807
4507 4532 0.29108792543411255
4509 4493 0.49163246154785156
4510 4385 0.25122225284576416
4511 4386 0.30018487572669983
4514 4387 0.31587231159210205
4515 4388 0.3669340908527374
4516 4363 0.4732823669910431
4517 4380 0.3483630418777466
4519 4549 0.26898160576820374
4520 4546 0.3546963036060333
4521 4384 0.29238080978393555
4522 4391 0.2745773196220398
4524 4393 0.4570890963077545
4527 4375 0.47939175367355347
4529 4593 0.28629639744758606
4531 4392 0.3982014060020447
4532 4407 0.5114421844482422
4533 4408 0.6203405857086182
4534 4409 0.4144376814365387
4537 4601 0.25144636631011963
4539 4527 0.3775150179862976
4541 4366 0.4210544526576996
4543 4526 0.35406431555747986
4545 4431 0.8223249912261963
4546 4411 0.49051690101623535
4547 4616 0.2777731418609619
4548 4566 0.3950234651565552
4553 4410 0.5076731443405151
4554 4382 0.44468268752098083
4555 4558 0.38924315571784973
4561 4430 0.42160412669181824
4562 4424 0.3605603873729706
4563 4425 0.33592286705970764
4564 4572 0.2787579298019409
4568 4571 0.2948918640613556
4572 4416 0.2794966399669647
4573 4432 0.34350815415382385
4574 4441 0.3796806335449219
4576 4445 0.252501517534256
4578 4559 0.44916820526123047
4579 4447 0.2656838893890381
4580 4448 0.5159693956375122
4585 4467 0.42058491706848145
4591 4439 0.31034204363822937
4592 4473 0.36298200488090515
4593 4450 0.2852974832057953
4600 4591 0.3585469126701355
4601 4577 0.34529030323028564
4602 4573 0.38158929347991943
4603 4465 0.25756198167800903
4604 4481 0.2757863402366638
4606 4460 0.29644691944122314
4607 4475 0.25191009044647217
4609 4602 0.537594199180603
4610 4594 0.3646004796028137
4614 4454 0.38249942660331726
4615 4482 0.30825191736221313
4616 4489 0.26757240295410156
4617 4449 0.43625104427337646
4618 4468 0.26468318700790405
4619 4474 0.3085377812385559
4621 4484 0.3033774197101593
4623 4638 0.25271785259246826
4626 4586 0.4423103630542755
4642 4495 0.3345774710178375
4651 4529 0.475799024105072
4652 4530 0.38719576597213745
4653 4513 0.26052871346473694
4659 4504 0.34045031666755676
4660 4514 0.3656356930732727
4663 4639 0.30862313508987427
4666 4534 0.41617482900619507
4667 4515 0.32059669494628906
4668 4498 0.26301491260528564
4672 4625 0.3131130337715149
4676 4664 0.3313765823841095
4680 4641 0.3017514646053314
4681 4626 0.5523298978805542
4687 4633 0.3358152508735657
4689 4554 0.4332306981086731
4690 4668 0.2546151876449585
4692 4650 0.6536107063293457
4694 4679 0.29314330220222473
4695 4595 0.3444811999797821
4697 4550 0.40172815322875977
4702 4701 0.6668370366096497
4709 4581 0.30973827838897705
4711 4700 0.4119303822517395
4714 4574 0.35381826758384705
4718 4565 0.30839747190475464
4719 4588 0.3689981997013092
4720 4709 0.2747991979122162
4721 4680 0.6870166659355164
4723 4614 0.27584657073020935
4724 4564 0.31143489480018616
4725 4578 0.3950878977775574
4726 4589 0.6849572062492371
4730 4724 0.43568602204322815
4731 4597 0.4566660225391388
4732 4582 0.3988075852394104
4733 4708 0.32116925716400146
4735 4725 0.2550925314426422
4736 4607 0.484348863363266
4737 4608 0.6087274551391602
4740 4710 0.4105542004108429
4741 4681 0.5215981006622314
4743 4587 0.4472549557685852
4745 4738 0.3953573703765869
4746 4622 0.31304168701171875
4747 4598 0.4007038474082947
4748 4599 0.36991429328918457
4750 4727 0.4873889684677124
4754 4726 0.3999742269515991
4755 4618 0.3305814862251282
4756 4606 0.41952574253082275
4757 4609 0.3026769161224365
4758 4691 0.3586720824241638
4759 4620 0.3311687111854553
4761 4600 0.34421682357788086
4764 4590 0.4173182547092438
4765 4747 0.2960468828678131
4766 4612 0.42671099305152893
4768 4759 0.37349098920822144
4771 4636 0.36863628029823303
4773 4621 0.5242721438407898
4775 4753 0.587599515914917
4776 4711 0.352154940366745
4777 4619 0.33428311347961426
4778 4635 0.46862441301345825
4779 4628 0.385220468044281
4780 4765 0.4616134464740753
4781 4760 0.43072882294654846
4782 4661 0.3562754690647125
4783 4662 0.35449883341789246
4784 4643 0.45138487219810486
4785 4644 0.5937655568122864
4788 4652 0.44525134563446045
4789 4653 0.4213239848613739
4790 4660 0.33260852098464966
4791 4785 0.3040798306465149
4792 4732 0.40921810269355774
4793 4651 0.367042601108551
4794 4654 0.3123703896999359
4797 4642 0.2808869481086731
4799 4659 0.3014802038669586
4800 4783 0.43815818428993225
4801 4778 0.5206161141395569
4803 4669 0.34989863634109497
4807 4665 0.33633413910865784
4808 4666 0.28329765796661377
4810 4645 0.4202773869037628
4812 4670 0.2774485647678375
4813 4806 0.2815990447998047
4814 4807 0.3325022757053375
4815 4800 0.3211824297904968
4816 4748 0.29533568024635315
4818 4683 0.443817138671875
4820 4814 0.263205349445343
4821 4786 0.3652091324329376
4823 4677 0.29110679030418396
4824 4682 0.29126787185668945
4826 4787 0.471829891204834
4829 4713 0.32702717185020447
4832 4780 0.3335535228252411
4835 4714 0.35203877091407776
4836 4702 0.3761601448059082
4838 4818 0.39132562279701233
4839 4791 0.4623483419418335
4843 4715 0.36813002824783325
4844 4716 0.40618380904197693
4847 4817 0.49343615770339966
4850 4812 0.5272349119186401
4851 4802 0.43583813309669495
4854 4808 0.39362001419067383
4855 4809 0.38859444856643677
4856 4811 0.400016188621521
4857 4733 0.3251953721046448
4858 4823 0.37682223320007324
4859 4804 0.28362420201301575
4863 4826 0.3210678994655609
4864 4743 0.2712523639202118
4865 4744 0.27016162872314453
4868 4816 0.5779040455818176
4871 4829 0.2691175937652588
4872 4815 0.3567558825016022
4875 4831 0.286283016204834
4876 4821 0.32550936937332153
4879 4751 0.28665676712989807
4880 4832 0.5141083002090454
4883 4756 0.287749320268631
4884 4836 0.26635974645614624
4885 4819 0.4727059006690979
4886 4754 0.2758852541446686
4887 4827 0.30216237902641296
4888 4764 0.34566590189933777
4889 4769 0.2670604884624481
4890 4758 0.3292389512062073
4891 4820 0.3719412386417389
4892 4789 0.307135671377182
4893 4773 0.31093692779541016
4894 4776 0.3373678922653198
4895 4770 0.30689674615859985
4896 4837 0.2997114658355713
4897 4825 0.2912931442260742
4899 4772 0.3220473825931549
4900 4774 0.27230650186538696
4901 4775 0.35393670201301575
4902 4822 0.42037197947502136
4903 4788 0.47604048252105713
4904 4834 0.33220750093460083
4908 4794 0.2737860679626465
4909 4782 0.3853420913219452
4911 4796 0.2891227602958679
4912 4790 0.3113867938518524
4913 4842 0.3699217140674591
4914 4845 0.27144670486450195
4917 4840 0.34752848744392395
4918 4830 0.3941417932510376
4919 4849 0.27128833532333374
4921 4833 0.27745383977890015
4922 4864 0.33776742219924927
4925 4860 0.3823801875114441
4928 4843 0.2681691646575928
4935 4868 0.3888910412788391
4936 4863 0.2697574198246002
4940 4854 0.3298241198062897
4945 4852 0.4059208631515503
4946 4853 0.3770221173763275
4948 4859 0.3236178457736969
4953 4880 0.4567718505859375
4954 4862 0.44797298312187195
4955 4879 0.3158120810985565
4956 4884 0.5329362154006958
4957 4889 0.34951576590538025
4958 4885 0.3190211057662964
4959 4888 0.36680465936660767
4964 4867 0.2803051769733429
4965 4870 0.43557676672935486
4966 4892 0.43873730301856995
4967 4897 0.3712579905986786
4970 4900 0.32419857382774353
4971 4893 0.3407527506351471
4973 4878 0.25196847319602966
4975 4901 0.41057297587394714
4981 4891 0.27395060658454895
4983 4904 0.3533492088317871
4989 4903 0.360487163066864
4991 4881 0.3652878701686859
4992 4895 0.30020979046821594
4996 4912 0.4275158643722534
4998 4896 0.2706402540206909
4999 4910 0.48824870586395264
5000 4908 0.3674881160259247
5003 4911 0.3641195595264435
5004 4913 0.4882338047027588
5006 4909 0.27891695499420166
5007 4916 0.32506948709487915
5009 4929 0.25678253173828125
5011 4919 0.27263781428337097
5015 4922 0.31395506858825684
5018 4917 0.28000593185424805
5019 4927 0.26216045022010803
5020 4939 0.30722999572753906
5021 4915 0.29606860876083374
5022 4934 0.2592117190361023
5023 4935 0.33764180541038513
5024 4938 0.277072548866272
5025 4920 0.30670246481895447
5026 4924 0.2565355598926544
5027 4936 0.2695578634738922
5029 4940 0.32644665241241455
5031 4931 0.33963117003440857
5032 4937 0.28767332434654236
5034 4932 0.33379220962524414
5035 4930 0.7394917607307434
5040 4943 0.256057471036911
5041 4945 0.3961057662963867
5042 4946 0.26753565669059753
5045 4949 0.6952741146087646
5047 4948 0.31967681646347046
