890
3 25 0.3814157545566559
24 43 0.4287395179271698
36 57 0.5391134023666382
37 59 0.5767434239387512
41 65 0.2727949023246765
43 64 0.3532750904560089
46 66 0.3408447206020355
52 71 0.37691354751586914
71 95 0.2589624226093292
81 110 0.25553956627845764
101 178 0.35429906845092773
172 235 0.2507949471473694
278 331 0.25454938411712646
283 387 0.26281583309173584
321 480 0.2572197914123535
327 453 0.43898674845695496
343 497 0.32816123962402344
348 396 0.29740262031555176
353 498 0.36870554089546204
361 524 0.3091109097003937
364 415 0.2604330778121948
366 403 0.28580453991889954
396 471 0.35991281270980835
412 539 0.3644913136959076
413 568 0.31848061084747314
414 569 0.4463346004486084
423 499 0.27465614676475525
426 584 0.4541838467121124
439 614 0.3241766393184662
445 541 0.31847333908081055
448 617 0.2908914387226105
449 618 0.32457661628723145
457 671 0.39189329743385315
464 549 0.34502169489860535
466 624 0.34097281098365784
469 632 0.42229023575782776
482 651 0.53087317943573
488 644 0.4087722897529602
492 699 0.2737756371498108
507 606 0.2687067687511444
511 673 0.4727744162082672
514 672 0.27293410897254944
533 717 0.49784055352211
534 704 0.37704116106033325
539 646 0.32080528140068054
544 728 0.2510639429092407
556 705 0.25998440384864807
561 747 0.3790731728076935
566 688 0.39929965138435364
570 781 0.4863906502723694
571 761 0.25647222995758057
585 810 0.3088551461696625
586 811 0.33334779739379883
587 784 0.3353502154350281
594 799 0.2608805000782013
596 785 0.29558083415031433
597 748 0.352774441242218
603 798 0.2516958713531494
604 848 0.3064633011817932
605 800 0.5119057297706604
612 719 0.2523611783981323
613 720 0.3497354984283447
618 845 0.2955402433872223
619 813 0.2754822075366974
627 778 0.40956246852874756
629 812 0.3572028875350952
635 786 0.2677418887615204
644 846 0.3521035611629486
650 847 0.3659646511077881
652 819 0.35321274399757385
654 814 0.4437236189842224
659 803 0.3932219445705414
660 804 0.42774587869644165
662 878 0.6456707119941711
665 916 0.26905548572540283
668 877 0.28050172328948975
672 876 0.28264567255973816
678 917 0.43476954102516174
679 907 0.6510451436042786
685 919 0.3468262553215027
686 890 0.4656423032283783
689 902 0.286130428314209
690 920 0.3959830105304718
696 852 0.257639616727829
700 933 0.3888046145439148
705 860 0.2507074177265167
708 932 0.3679811954498291
719 866 0.27063971757888794
721 985 0.2702317237854004
725 930 0.4087270498275757
729 895 0.5022061467170715
738 923 0.2622179687023163
745 988 0.27993252873420715
747 999 0.3057915270328522
750 922 0.43941566348075867
753 897 0.2566278278827667
754 997 0.3934173583984375
755 998 0.32364746928215027
757 966 0.3308057188987732
759 1009 0.5282581448554993
770 1020 0.2633622884750366
773 1023 0.40689989924430847
774 1024 0.4984115660190582
777 911 0.2662101686000824
783 968 0.26053789258003235
791 1025 0.2755936086177826
797 996 0.36942142248153687
802 1060 0.2945604622364044
804 1000 0.2752293050289154
812 1050 0.28077471256256104
815 1048 0.49733802676200867
816 1049 0.25707411766052246
821 1061 0.5596656203269958
822 1062 0.31817492842674255
832 1039 0.2686578333377838
837 1055 0.2671445608139038
842 1114 0.33608242869377136
844 1115 0.283189058303833
853 1138 0.31161850690841675
855 1123 0.400484174489975
863 1137 0.309419721364975
870 1149 0.27331751585006714
872 1175 0.4625304937362671
873 1116 0.2977360785007477
878 1164 0.3839902877807617
880 1165 0.37531915307044983
888 1174 0.4536643624305725
890 1153 0.3155643045902252
891 1166 0.7437835335731506
895 1232 0.3855225741863251
898 1204 0.341755747795105
906 1202 0.26832956075668335
914 1201 0.36439990997314453
915 1176 0.28470170497894287
919 1199 0.3534921109676361
920 1200 0.3216648995876312
925 1210 0.4607768952846527
937 1214 0.4922301471233368
949 1234 0.564435601234436
952 1222 0.3703887164592743
966 1233 0.40255191922187805
969 1249 0.2559932768344879
970 1191 0.3500548303127289
973 1236 0.2565402090549469
976 1254 0.3017382323741913
977 1235 0.28893423080444336
985 1285 0.3965926170349121
989 1270 0.2756364643573761
990 1271 0.2714027166366577
991 1272 0.3930603563785553
1002 1260 0.26264142990112305
1006 1278 0.27358952164649963
1011 1299 0.2747727334499359
1014 1284 0.5448293685913086
1016 1286 0.2825394868850708
1017 1276 0.26630106568336487
1020 1283 0.33991923928260803
1022 1277 0.3074762225151062
1031 1296 0.2757692337036133
1032 1298 0.5078774690628052
1035 1325 0.3430328369140625
1037 1300 0.25043046474456787
1041 1308 0.29237160086631775
1047 1335 0.35475584864616394
1048 1321 0.28282955288887024
1049 1322 0.2688128650188446
1052 1323 0.30695149302482605
1053 1324 0.34309303760528564
1054 1332 0.3889080882072449
1055 1309 0.5981206893920898
1065 1320 0.2540379464626312
1078 1342 0.43120434880256653
1085 1338 0.3035942018032074
1088 1341 0.28725606203079224
1089 1344 0.27002742886543274
1115 1379 0.45776262879371643
1124 1389 0.2547706365585327
1144 1422 0.37262043356895447
1150 1403 0.3294512927532196
1151 1388 0.34904810786247253
1161 1402 0.2605975270271301
1162 1404 0.25406020879745483
1163 1417 0.28907838463783264
1164 1411 0.327921599149704
1166 1428 0.27749115228652954
1184 1451 0.2911379039287567
1185 1419 0.40138232707977295
1186 1420 0.3491426408290863
1190 1429 0.3980901539325714
1207 1486 0.4887993633747101
1215 1418 0.37053215503692627
1216 1452 0.3843841552734375
1226 1481 0.25544601678848267
1228 1498 0.29708513617515564
1229 1482 0.256653755903244
1233 1505 0.2712257206439972
1261 1513 0.4088023006916046
1287 1524 0.44431474804878235
1289 1526 0.28101903200149536
1291 1530 0.37397003173828125
1318 1545 0.4191913902759552
1319 1546 0.3812088370323181
1320 1525 0.4075290262699127
1323 1550 0.25483211874961853
1324 1567 0.5230780839920044
1325 1568 0.2945115864276886
1333 1543 0.27969688177108765
1336 1562 0.3009728789329529
1341 1569 0.38761213421821594
1349 1555 0.2687549591064453
1351 1563 0.2946436405181885
1357 1624 0.26150622963905334
1364 1607 0.4641897976398468
1370 1601 0.3057020306587219
1374 1602 0.4398760199546814
1376 1620 0.27323049306869507
1385 1613 0.3902266025543213
1402 1590 0.25137707591056824
1403 1653 0.2812565863132477
1407 1636 0.2984797954559326
1408 1618 0.2665315270423889
1411 1589 0.3238762617111206
1415 1704 0.2961578667163849
1433 1651 0.3475775420665741
1437 1678 0.38892069458961487
1444 1661 0.34685733914375305
1450 1639 0.26532915234565735
1455 1679 0.6242009401321411
1462 1650 0.4385758340358734
1464 1672 0.26023244857788086
1470 1685 0.43221962451934814
1472 1686 0.34456464648246765
1473 1687 0.33509477972984314
1474 1663 0.3659786283969879
1475 1726 0.3419282138347626
1478 1813 0.46836617588996887
1479 1728 0.4120965898036957
1486 1698 0.32736948132514954
1487 1683 0.3077161908149719
1494 1735 0.33796170353889465
1495 1739 0.25205570459365845
1498 1697 0.39126405119895935
1499 1699 0.5279287695884705
1500 1722 0.2511183023452759
1502 1688 0.3176176846027374
1503 1725 0.3372305631637573
1509 1737 0.2856045365333557
1514 1790 0.2675943374633789
1518 1710 0.7712845206260681
1526 1832 0.29856547713279724
1529 1734 0.32836097478866577
1536 1822 0.26885080337524414
1538 1828 0.3080943822860718
1546 1819 0.3136444091796875
1553 1773 0.3435179889202118
1554 1783 0.32031431794166565
1555 1799 0.3199949562549591
1557 1896 0.3975317180156708
1560 1770 0.3690876066684723
1561 1751 0.26041194796562195
1568 1861 0.2807977497577667
1577 1800 0.3199043273925781
1579 1869 0.3693978190422058
1580 1884 0.2752287983894348
1583 1794 0.2604380249977112
1589 1880 0.3338510990142822
1600 1870 0.5266770720481873
1607 1858 0.3145589530467987
1612 1808 0.559649646282196
1613 1809 0.477335661649704
1626 1839 0.3900134265422821
1628 1878 0.3068452477455139
1630 1866 0.30223214626312256
1631 1902 0.33677032589912415
1632 1903 0.3354586660861969
1641 1875 0.30727335810661316
1645 1895 0.32797664403915405
1647 1933 0.45281198620796204
1657 1891 0.2660129964351654
1666 1892 0.3245527744293213
1667 1930 0.35845938324928284
1669 1960 0.25998589396476746
1685 2016 0.3181946277618408
1688 1874 0.5442046523094177
1689 1888 0.2859891355037689
1697 1856 0.34842950105667114
1713 1942 0.25391319394111633
1723 1929 0.3485361635684967
1731 1968 0.2885971665382385
1734 2043 0.2505214810371399
1740 1969 0.2888791263103485
1769 1909 0.2538011074066162
1775 2081 0.3845425248146057
1777 2104 0.25759291648864746
1780 2029 0.25602036714553833
1781 1937 0.286670982837677
1782 1951 0.3833978474140167
1783 1938 0.2665671110153198
1784 2013 0.37714654207229614
1804 2010 0.3805902302265167
1805 2028 0.29907673597335815
1808 2136 0.29554277658462524
1819 1986 0.4267846643924713
1820 2141 0.2635321319103241
1832 2061 0.25257980823516846
1844 1975 0.32768309116363525
1847 2038 0.3617272675037384
1855 2009 0.2891809642314911
1858 2074 0.4119759500026703
1862 2142 0.25627565383911133
1870 2101 0.28276562690734863
1876 1974 0.2967173159122467
1884 2130 0.5289103984832764
1885 2131 0.2737393379211426
1887 2174 0.3122604787349701
1894 2117 0.40186455845832825
1895 2128 0.3176688849925995
1906 2154 0.3301107883453369
1908 2197 0.25443556904792786
1909 2198 0.2994489073753357
1910 2199 0.3717426657676697
1911 2183 0.2695416808128357
1917 2102 0.3321695029735565
1918 2247 0.25500911474227905
1924 2098 0.2626068592071533
1925 2099 0.4134925603866577
1936 2170 0.42907124757766724
1938 2239 0.27850550413131714
1942 2306 0.2786237299442291
1950 2114 0.25117218494415283
1956 2210 0.3305653929710388
1957 2238 0.251325786113739
1968 2089 0.27340513467788696
1971 2150 0.30714651942253113
1973 2351 0.2552524209022522
1978 2146 0.4701167941093445
1993 2244 0.27472713589668274
1994 2370 0.28679072856903076
1997 2164 0.6649300456047058
2001 2243 0.3357534408569336
2010 2166 0.253763347864151
2016 2284 0.34149348735809326
2022 2168 0.4539439380168915
2023 2222 0.4169260263442993
2024 2223 0.4865734279155731
2042 2234 0.2734416425228119
2055 2232 0.26552000641822815
2067 2470 0.3623349070549011
2069 2209 0.3197978734970093
2086 2335 0.25654780864715576
2098 2219 0.38249140977859497
2111 2190 0.25349920988082886
2118 2322 0.45284825563430786
2119 2468 0.25612661242485046
2124 2264 0.3861827254295349
2125 2231 0.39968788623809814
2126 2279 0.3907080888748169
2129 2334 0.2635974884033203
2130 2379 0.30724290013313293
2141 2298 0.2773400843143463
2144 2318 0.43781691789627075
2147 2364 0.3845924139022827
2156 2280 0.40661168098449707
2169 2532 0.41401973366737366
2176 2427 0.3634669780731201
2181 2556 0.2547793984413147
2191 2548 0.25968655943870544
2199 2393 0.27478188276290894
2201 2426 0.25175613164901733
2217 2409 0.32074227929115295
2219 2566 0.3350622057914734
2221 2345 0.3047051429748535
2245 2407 0.30651387572288513
2246 2465 0.2938413619995117
2251 2597 0.28161758184432983
2252 2598 0.3172426223754883
2254 2405 0.3242155909538269
2261 2607 0.407439261674881
2269 2423 0.5442487597465515
2273 2573 0.34644344449043274
2279 2476 0.27836185693740845
2292 2422 0.30370134115219116
2294 2462 0.37556764483451843
2304 2458 0.2649804353713989
2312 2509 0.7381220459938049
2313 2510 0.33338722586631775
2317 2595 0.3227665424346924
2320 2459 0.36256858706474304
2321 2473 0.29960885643959045
2323 2474 0.359264999628067
2337 2356 0.287983238697052
2339 2484 0.25501373410224915
2343 2629 0.2748214602470398
2345 2673 0.29148656129837036
2350 2507 0.2795392870903015
2351 2508 0.2860824167728424
2352 2486 0.47766125202178955
2355 2651 0.3079986274242401
2361 2514 0.37694552540779114
2378 2663 0.25160154700279236
2387 2587 0.25827085971832275
2393 2553 0.26034417748451233
2414 2536 0.2611229419708252
2416 2525 0.27598288655281067
2420 2622 0.380000501871109
2423 2704 0.26918715238571167
2426 2745 0.25082939863204956
2428 2538 0.31180340051651
2433 2627 0.31881245970726013
2440 2586 0.8254608511924744
2441 2578 0.3288542330265045
2444 2703 0.29373854398727417
2445 2718 0.31848791241645813
2448 2746 0.3958342373371124
2454 2583 0.3556399643421173
2456 2568 0.25184112787246704
2457 2552 0.32125961780548096
2458 2577 0.2639373242855072
2469 2584 0.3712572753429413
2470 2576 0.4003356397151947
2472 2655 0.31260672211647034
2473 2656 0.3276349604129791
2480 2563 0.4615606367588043
2484 2742 0.41510576009750366
2491 2611 0.2937183678150177
2495 2743 0.305725634098053
2503 2537 0.2873240113258362
2505 2582 0.3393326699733734
2507 2648 0.30384039878845215
2508 2727 0.31677401065826416
2510 2765 0.27316534519195557
2522 2716 0.2500760555267334
2532 2600 0.27525871992111206
2539 2810 0.27405983209609985
2556 2631 0.36240264773368835
2562 2691 0.38449814915657043
2578 2646 0.745858371257782
2601 2625 0.2547135353088379
2602 2652 0.34125256538391113
2606 2757 0.25736701488494873
2607 2729 0.38659507036209106
2609 2855 0.25974947214126587
2645 2763 0.27039438486099243
2648 2852 0.30684933066368103
2650 2978 0.3124752640724182
2654 2927 0.3582669496536255
2663 2968 0.29007893800735474
2669 2979 0.30242156982421875
2678 2977 0.26881030201911926
2688 2750 0.374244749546051
2694 2981 0.3427404761314392
2696 3010 0.25098156929016113
2701 2749 0.2910757064819336
2708 3013 0.3855196237564087
2712 3050 0.28970569372177124
2718 3008 0.32237738370895386
2719 3009 0.28293800354003906
2722 3098 0.28081515431404114
2727 2785 0.3296448886394501
2731 2837 0.32168087363243103
2733 3033 0.37104350328445435
2734 3034 0.478179931640625
2737 2786 0.45074906945228577
2738 2874 0.33100008964538574
2740 3026 0.3152761459350586
2747 3007 0.36724987626075745
2748 3032 0.44941073656082153
2753 3079 0.33612123131752014
2754 3099 0.2596823275089264
2761 2894 0.2729872167110443
2762 2884 0.3050205707550049
2765 3076 0.2942982017993927
2777 3066 0.2947068512439728
2783 2895 0.3031492233276367
2784 2896 0.5125085115432739
2785 3006 0.32697975635528564
2787 3067 0.26465287804603577
2789 2738 0.29154160618782043
2790 2739 0.308069109916687
2791 2761 0.36144864559173584
2795 3088 0.3038575053215027
2796 3103 0.3564453721046448
2800 3126 0.25426772236824036
2815 2944 0.3481053411960602
2817 3121 0.258145272731781
2818 3146 0.2649756371974945
2823 2963 0.339557021856308
2825 3157 0.25764477252960205
2826 3123 0.25981611013412476
2828 3115 0.2674785256385803
2836 3031 0.30524757504463196
2866 2992 0.29087868332862854
2886 3194 0.294875830411911
2887 3181 0.25024497509002686
2892 3221 0.25635141134262085
2895 3044 0.637712836265564
2896 2945 0.38633856177330017
2900 3231 0.2565397322177887
2904 3030 0.2599814236164093
2906 3023 0.25080788135528564
2917 2976 0.2833068370819092
2918 3065 0.2687918543815613
2919 3258 0.45442214608192444
2920 3193 0.25365495681762695
2921 3260 0.2834738492965698
2922 3266 0.2718544900417328
2924 3261 0.37946417927742004
2932 3233 0.3515985608100891
2936 3070 0.2895040810108185
2938 3063 0.25745269656181335
2939 3064 0.2552972137928009
2940 3229 0.28415051102638245
2941 3232 0.5273566246032715
2942 3234 0.277492493391037
2945 2843 0.26737701892852783
2951 3086 0.2901010513305664
2958 3085 0.26849621534347534
2959 3272 0.4445156455039978
2960 3273 0.3292904496192932
2963 3274 0.41812536120414734
2965 3275 0.4785083830356598
2969 3320 0.4316466450691223
2973 3111 0.5465967655181885
2977 2881 0.2814696431159973
2978 2889 0.26912426948547363
2981 2891 0.27755388617515564
2983 3084 0.3381722569465637
2984 3110 0.4453362822532654
2986 3302 0.41616013646125793
2988 3303 0.27878373861312866
2989 3321 0.46358945965766907
2993 2880 0.2829746901988983
3000 3112 0.30842599272727966
3009 3340 0.2609710991382599
3013 3083 0.47468817234039307
3015 3142 0.25511807203292847
3018 3371 0.2645554840564728
3024 3319 0.4120958149433136
3036 3155 0.4791426658630371
3037 3301 0.2798294723033905
3039 2911 0.2804206907749176
3048 3331 0.32876142859458923
3049 3356 0.2846427857875824
3063 3388 0.25230294466018677
3069 3191 0.303386390209198
3071 3355 0.43107113242149353
3078 3218 0.33181995153427124
3083 3378 0.3047115206718445
3086 3060 0.2533189356327057
3089 3228 0.2548678517341614
3092 3379 0.25170212984085083
3093 3380 0.2842353582382202
3099 3227 0.30990728735923767
3104 2988 0.2589404582977295
3109 3095 0.44894081354141235
3115 3018 0.3835342526435852
3118 3292 0.3136393427848816
3119 3249 0.25270628929138184
3126 3377 0.3113820552825928
3127 3416 0.26425012946128845
3135 3239 0.37673419713974
3137 3417 0.2832006812095642
3138 3431 0.2855165898799896
3145 3056 0.29145070910453796
3162 3317 0.2657226622104645
3175 3093 0.2819768786430359
3178 3256 0.27440375089645386
3179 3270 0.3496091067790985
3186 3141 0.34558582305908203
3188 3456 0.42790499329566956
3194 3281 0.25474441051483154
3197 3398 0.37745633721351624
3199 3518 0.26626425981521606
3200 3467 0.31116238236427307
3207 3178 0.3677223026752472
3212 3543 0.278249591588974
3213 3492 0.2506481409072876
3217 3167 0.3388689458370209
3226 3480 0.3568671643733978
3248 3309 0.2596805989742279
3262 3510 0.3823094367980957
3270 3349 0.44421476125717163
3272 3369 0.29546359181404114
3273 3411 0.34587496519088745
3285 3554 0.3354896903038025
3286 3592 0.2785665988922119
3303 3202 0.3403763175010681
3304 3327 0.261366605758667
3305 3410 0.3143100440502167
3316 3443 0.40437883138656616
3320 3477 0.26408207416534424
3327 3581 0.3704395890235901
3328 3553 0.3133086860179901
3331 3624 0.3379065990447998
3340 3344 0.2847568094730377
3343 3453 0.2852022647857666
3357 3591 0.5309025645256042
3371 3615 0.37702426314353943
3375 3657 0.326250284910202
3376 3643 0.27369025349617004
3381 3254 0.2640584111213684
3387 3390 0.28824424743652344
3389 3451 0.3294990360736847
3391 3653 0.2626649737358093
3399 3667 0.3451908826828003
3410 3698 0.28003478050231934
3421 3452 0.44993820786476135
3423 3654 0.2732023298740387
3426 3288 0.4697645306587219
3427 3405 0.5921854972839355
3434 3767 0.3830239772796631
3435 3782 0.2618156671524048
3438 3798 0.3124767541885376
3445 3695 0.3305225372314453
3448 3287 0.254856675863266
3450 3435 0.455121248960495
3452 3491 0.32169222831726074
3455 3718 0.4188764989376068
3462 3731 0.5082980990409851
3466 3373 0.3069031834602356
3478 3765 0.32231560349464417
3479 3766 0.3457951545715332
3480 3749 0.3154616951942444
3481 3750 0.3353387117385864
3485 3312 0.25848153233528137
3489 3504 0.25337448716163635
3499 3575 0.49200063943862915
3502 3579 0.26621297001838684
3505 3828 0.27852410078048706
3506 3829 0.3209298253059387
3512 3779 0.25429850816726685
3513 3795 0.2783079743385315
3514 3825 0.3302609920501709
3517 3475 0.2883443534374237
3521 3844 0.29088783264160156
3524 3979 0.252393901348114
3532 3612 0.38251951336860657
3539 3916 0.3521472215652466
3552 3347 0.2554355263710022
3556 3450 0.5724396705627441
3557 3574 0.3329325318336487
3559 3898 0.30052947998046875
3571 3970 0.2659881114959717
3574 3409 0.3271687924861908
3582 3969 0.33533167839050293
3586 3483 0.30570903420448303
3590 3610 0.28339627385139465
3591 3611 0.34580206871032715
3603 4013 0.2970154583454132
3618 4000 0.32888028025627136
3625 3535 0.27081501483917236
3626 3536 0.3561694622039795
3629 3641 0.2591363489627838
3637 3935 0.3733104467391968
3642 3419 0.5020888447761536
3643 3420 0.5493261814117432
3647 3947 0.33552584052085876
3650 3649 0.3571068346500397
3660 4069 0.25394201278686523
3664 4077 0.3260132670402527
3665 4056 0.285653293132782
3672 3514 0.2677324414253235
3674 3601 0.3208885192871094
3678 3968 0.38036632537841797
3683 3441 0.29501816630363464
3703 3546 0.30661240220069885
3711 3440 0.3214956223964691
3712 3446 0.28607505559921265
3716 3793 0.3310149312019348
3720 4023 0.2559742331504822
3731 3777 0.35113009810447693
3732 3806 0.35054928064346313
3734 3995 0.2904515266418457
3742 3775 0.2651943266391754
3749 3688 0.33626294136047363
3751 3702 0.2690744996070862
3756 4076 0.4681446850299835
3762 3573 0.3878103196620941
3764 3837 0.3174242079257965
3775 4178 0.48833438754081726
3783 3821 0.3284035623073578
3796 3640 0.3535531461238861
3804 3740 0.2970823049545288
3805 3723 0.2858917713165283
3812 3487 0.28273165225982666
3817 3804 0.26602059602737427
3821 3866 0.254982590675354
3822 3852 0.30764809250831604
3827 4126 0.2904307544231415
3832 3681 0.34602177143096924
3833 3700 0.37685278058052063
3834 3757 0.2644450068473816
3835 3803 0.253756582736969
3847 4168 0.5047144293785095
3856 3934 0.2536994516849518
3875 3739 0.27463439106941223
3883 4246 0.3188571631908417
3884 4249 0.3653808832168579
3899 4202 0.6090421676635742
3905 3877 0.2867324948310852
3910 4250 0.29075804352760315
3915 3908 0.27597472071647644
3916 3864 0.28063952922821045
3919 4177 0.28141218423843384
3934 3907 0.2998635470867157
3944 4283 0.4608023762702942
3954 3990 0.27410009503364563
3956 4260 0.25178685784339905
3958 4284 0.42182213068008423
3970 4008 0.4189431965351105
3971 3987 0.3161088824272156
3974 4355 0.3660910129547119
3975 4324 0.26221898198127747
3978 4372 0.32815560698509216
3982 3628 0.2849021553993225
3984 3872 0.2500944435596466
3988 3991 0.2815740704536438
3992 4322 0.36026307940483093
3996 3818 0.32489529252052307
3997 4022 0.4352055490016937
4005 3905 0.5544715523719788
4006 3967 0.2657211422920227
4009 3988 0.31397750973701477
4020 4321 0.26105770468711853
4021 4414 0.3060821294784546
4027 3659 0.2754383385181427
4031 4052 0.3071438670158386
4038 4371 0.2934109568595886
4054 3677 0.26865220069885254
4070 3894 0.3151074945926666
4078 4379 0.45350950956344604
4081 3942 0.43467336893081665
4082 4006 0.37253549695014954
4086 4085 0.2601237893104553
4096 4386 0.3537079393863678
4100 3636 0.4279715120792389
4110 4408 0.5413808822631836
4114 3955 0.3545464873313904
4122 3918 0.2584477663040161
4125 4093 0.4106736183166504
4135 4424 0.3091147541999817
4149 4484 0.41147884726524353
4152 3686 0.4069131016731262
4157 4439 0.381404846906662
4160 3785 0.3389742970466614
4165 4190 0.6964261531829834
4168 3772 0.31364771723747253
4173 4083 0.35541585087776184
4180 3973 0.33494240045547485
4181 4117 0.587108850479126
4186 4189 0.2876146137714386
4190 4520 0.30979737639427185
4192 3784 0.34911102056503296
4194 4082 0.26172930002212524
4195 4131 0.2917443513870239
4196 4200 0.31747564673423767
4208 4241 0.39528271555900574
4213 4490 0.25627171993255615
4214 4509 0.2618243992328644
4215 3771 0.2612300515174866
4216 4021 0.31840014457702637
4217 4005 0.2764064073562622
4226 4232 0.28936854004859924
4234 4033 0.2567458152770996
4237 4174 0.26261889934539795
4240 4231 0.25810638070106506
4243 4242 0.4673938751220703
4245 4269 0.4281899333000183
4251 4081 0.6234584450721741
4253 4153 0.37836670875549316
4259 4050 0.2879447937011719
4267 4116 0.3321441411972046
4268 4175 0.3570142090320587
4277 3953 0.25313419103622437
4283 4360 0.32455775141716003
4284 3863 0.7477079033851624
4317 4353 0.26892852783203125
4326 4173 0.2836025655269623
4333 4344 0.2783079743385315
4340 4239 0.25779837369918823
4341 4309 0.3012606203556061
4342 4368 0.4612693190574646
4343 4384 0.30335426330566406
4350 4162 0.29080018401145935
4352 4330 0.34347179532051086
4367 4216 0.2607581317424774
4393 4016 0.27871939539909363
4394 4017 0.2741706967353821
4399 4163 0.2544872462749481
4401 4343 0.29307788610458374
4406 4014 0.3042971193790436
4407 4015 0.261364609003067
4410 4258 0.2962442934513092
4416 4392 0.2927209138870239
4423 4186 0.34763556718826294
4427 4365 0.2998749911785126
4428 4419 0.2633090317249298
4436 4032 0.36161136627197266
4437 4065 0.26490843296051025
4449 4453 0.2526428997516632
4451 4307 0.30818018317222595
4463 4113 0.47625482082366943
4474 4063 0.2576543390750885
4476 4326 0.2641989588737488
4481 4454 0.28679266571998596
4487 4482 0.27353551983833313
4488 4469 0.3097577691078186
4502 4436 0.2851799726486206
4506 4029 0.2762330174446106
4509 4130 0.4580989181995392
4513 4483 0.2956896722316742
4515 4291 0.2507394850254059
4524 4516 0.3302685618400574
4527 4496 0.27381375432014465
4532 4503 0.390185683965683
4535 4526 0.35370558500289917
4538 4148 0.2864113748073578
4543 4147 0.35278284549713135
4545 4502 0.5166281461715698
4553 4539 0.3019987642765045
4556 4480 0.43953344225883484
4565 4197 0.27512407302856445
4568 4161 0.29362791776657104
4570 4254 0.3195704221725464
4573 4559 0.26537320017814636
4590 4287 0.2789188325405121
4609 4236 0.3652854263782501
4610 4273 0.2513490319252014
4633 4271 0.2620859742164612
4647 4318 0.2674548029899597
4675 4337 0.2543945610523224
4702 4362 0.3505399227142334
4706 4335 0.3096975088119507
4723 4555 0.25404229760169983
4726 4726 0.3939952254295349
4731 4699 0.31932002305984497
4736 4700 0.30497172474861145
4741 4467 0.431820809841156
4746 4572 0.29648539423942566
4748 4755 0.28012052178382874
4764 4777 0.2911914885044098
4766 4776 0.3122613728046417
4774 4464 0.3319915235042572
4780 4463 0.363145112991333
4785 4765 0.26876571774482727
4789 4759 0.29008030891418457
4792 4548 0.26023444533348083
4793 4780 0.34762662649154663
4801 4500 0.5311334729194641
4802 4568 0.306508332490921
4810 4803 0.35249027609825134
4814 4531 0.3621711730957031
4818 4802 0.4239717423915863
4819 4799 0.42196977138519287
4826 4590 0.4602305591106415
4836 4824 0.2833435833454132
4837 4828 0.32050803303718567
4846 4829 0.3016188144683838
4851 4612 0.37303251028060913
4855 4620 0.2636203467845917
4856 4621 0.3085116147994995
4863 4567 0.3025655150413513
4870 4859 0.40391555428504944
4902 4676 0.47392597794532776
4904 4687 0.3188392221927643
4905 4675 0.7446309328079224
4916 4693 0.26985108852386475
4921 4697 0.32862505316734314
4922 4691 0.2679802179336548
4931 4685 0.28078705072402954
4946 4736 0.2581334412097931
4954 4793 0.35528063774108887
4959 4710 0.275593101978302
4974 4813 0.28316259384155273
4996 4789 0.38496267795562744
4999 4792 0.33166366815567017
5002 4787 0.3657999634742737
5003 4788 0.34036171436309814
5008 4868 0.43517234921455383
5010 4854 0.3505415916442871
5011 4817 0.4049237370491028
5025 4879 0.263152152299881
5043 4891 0.29498299956321716
5047 4892 0.25005507469177246
5049 4894 0.2990216910839081
5050 4897 0.31394219398498535
5053 4901 0.2524627447128296
5055 4902 0.46327829360961914
5056 4904 0.31223398447036743
5060 4905 0.2835119664669037
