1806
23 25 0.25903430581092834
47 26 0.348654180765152
50 29 0.5136888027191162
54 35 0.4300852119922638
59 45 0.6710097789764404
62 52 0.26053839921951294
63 49 0.4245636761188507
66 53 0.5454282760620117
73 58 0.34831520915031433
79 68 0.277965784072876
80 69 0.30953630805015564
93 81 0.25444939732551575
94 82 0.3113288879394531
104 93 0.2533293068408966
106 192 0.6730151176452637
133 152 0.3094176650047302
265 268 0.26168161630630493
271 260 0.26582252979278564
273 263 0.2547128200531006
276 269 0.29433947801589966
278 239 0.2583765387535095
279 304 0.25058791041374207
295 283 0.3705035448074341
296 253 0.2776065766811371
300 280 0.2621782124042511
302 292 0.2530863881111145
303 284 0.2630901634693146
323 324 0.25574949383735657
335 386 0.448860764503479
339 297 0.3105489909648895
343 401 0.3929535448551178
346 367 0.26605409383773804
347 323 0.27179408073425293
351 322 0.48054251074790955
359 384 0.26570138335227966
361 334 0.35777223110198975
366 415 0.508038341999054
367 347 0.28098177909851074
370 303 0.2950190007686615
374 350 0.3015483617782593
378 649 0.27838334441185
380 396 0.2520506680011749
385 432 0.3220590353012085
389 326 0.2668919563293457
390 335 0.25527238845825195
392 318 0.4385938048362732
403 675 0.2748474180698395
409 433 0.7282151579856873
411 440 0.2522714138031006
417 692 0.29043877124786377
420 376 0.26546406745910645
421 377 0.36387762427330017
423 371 0.40521305799484253
425 709 0.3014172613620758
426 389 0.2558446228504181
428 362 0.2665673494338989
431 424 0.2590288519859314
433 382 0.3231900632381439
435 454 0.30208948254585266
441 437 0.3502705693244934
442 420 0.2723046839237213
446 390 0.3043696880340576
460 732 0.2997872233390808
462 455 0.3442424237728119
466 427 0.7354239225387573
470 731 0.3424209654331207
476 479 0.6913638114929199
478 779 0.5458101630210876
480 428 0.4381606876850128
481 429 0.4291608929634094
488 471 0.4754175841808319
494 500 0.31753742694854736
495 501 0.3368162512779236
498 519 0.27980974316596985
499 489 0.25202372670173645
501 472 0.45820507407188416
502 446 0.2527884840965271
503 426 0.3365510404109955
509 522 0.3934113681316376
512 447 0.2601470947265625
515 539 0.5230815410614014
516 530 0.4477423429489136
517 531 0.3510166108608246
518 482 0.25032684206962585
521 443 0.3200361430644989
531 491 0.5613424777984619
532 456 0.2725909948348999
533 439 0.3287341594696045
540 487 0.4461333155632019
541 551 0.35122087597846985
542 556 0.48506489396095276
545 524 0.34732043743133545
546 457 0.28196048736572266
551 533 0.3363931477069855
552 513 0.4402990937232971
557 581 0.3569042384624481
558 582 0.29145291447639465
565 594 0.3443724811077118
570 901 0.3223690986633301
574 469 0.29218122363090515
575 488 0.2554275095462799
589 609 0.29391592741012573
594 630 0.2838902175426483
597 610 0.4354749917984009
601 547 0.3465878665447235
603 542 0.47841164469718933
604 526 0.3021039068698883
614 621 0.33178672194480896
622 550 0.2692236304283142
625 644 0.37768569588661194
627 943 0.262371301651001
628 562 0.32681983709335327
631 642 0.3490903675556183
632 654 0.29921194911003113
638 564 0.5293862819671631
639 578 0.5112046599388123
640 652 0.34643054008483887
644 595 0.49070921540260315
650 643 0.35547584295272827
657 686 0.3499336838722229
658 691 0.3282491862773895
659 1007 0.25532665848731995
661 619 0.2950012683868408
663 683 0.43552443385124207
664 685 0.3079933226108551
667 631 0.5188787579536438
668 597 0.43061792850494385
669 589 0.4220893085002899
674 690 0.5392892956733704
675 684 0.33281761407852173
676 669 0.47639745473861694
678 718 0.3116060197353363
679 704 0.32505396008491516
682 661 0.2626289129257202
683 617 0.25501397252082825
684 618 0.25305041670799255
686 717 0.4997633099555969
690 598 0.29717326164245605
694 719 0.3909563422203064
697 637 0.25864624977111816
699 1044 0.5211272239685059
702 729 0.40278464555740356
705 678 0.40474188327789307
706 694 0.40213868021965027
707 656 0.25575438141822815
708 626 0.35065391659736633
712 689 0.9155126214027405
716 662 0.3240230083465576
717 659 0.3669649064540863
719 716 0.8613019585609436
724 666 0.8098795413970947
726 750 0.5116841197013855
728 695 0.5489679574966431
729 600 0.28287434577941895
731 682 0.27985483407974243
733 752 0.25675976276397705
734 764 0.26840174198150635
737 721 0.5740283131599426
740 700 0.4385432004928589
741 701 0.40964487195014954
743 733 0.29034268856048584
744 688 0.30582594871520996
752 742 0.2566574513912201
755 755 0.37136316299438477
757 1036 0.475046843290329
761 781 0.25474587082862854
766 712 0.43141207098960876
767 713 0.29435575008392334
769 782 0.5441615581512451
771 800 0.39401549100875854
777 714 0.35836195945739746
781 738 0.25899970531463623
782 734 0.2820053994655609
783 735 0.3091215491294861
784 748 0.5688647031784058
787 794 0.2964630424976349
788 844 0.5047933459281921
791 722 0.2935458719730377
793 736 0.5561184883117676
795 792 0.2829658091068268
798 807 0.439209520816803
803 1146 0.30586153268814087
807 760 0.25951051712036133
809 763 0.46489816904067993
811 822 0.260971337556839
818 783 0.31077060103416443
825 842 0.39788177609443665
826 1184 0.2930096983909607
830 774 0.2960810363292694
833 834 0.2540284991264343
837 1191 0.2698322832584381
839 785 0.3151363432407379
841 881 0.36829084157943726
842 1204 0.36243581771850586
843 791 0.4270501136779785
864 911 0.3620057702064514
865 922 0.5415481925010681
868 1234 0.3173651695251465
870 1236 0.30558979511260986
874 819 0.2641357481479645
880 980 0.31644731760025024
889 821 0.37574782967567444
890 888 0.2600935101509094
895 850 0.3931739330291748
900 818 0.27447310090065
901 848 0.25318634510040283
902 851 0.4000585377216339
904 992 0.35118168592453003
905 1003 0.3161158263683319
906 940 0.41481491923332214
917 1279 0.31527674198150635
919 1294 0.35556095838546753
920 1246 0.8211448192596436
925 880 0.2959579527378082
936 993 0.3229284882545471
944 886 0.3196694850921631
945 887 0.25152695178985596
946 1004 0.29413995146751404
947 1005 0.250421404838562
952 910 0.5353609919548035
965 909 0.5414836406707764
966 860 0.4284816086292267
967 1052 0.36127665638923645
969 1033 0.2726801931858063
970 1337 0.30700212717056274
976 877 0.32294759154319763
978 1031 0.26969286799430847
980 1406 0.30720362067222595
985 916 0.3253023624420166
986 977 0.3927399814128876
989 1030 0.39771637320518494
1000 917 0.669120192527771
1001 938 0.3745996654033661
1002 956 0.3986976742744446
1003 1047 0.28332439064979553
1008 962 0.33632707595825195
1009 1055 0.2894386649131775
1020 1053 0.2814280390739441
1021 1054 0.29205894470214844
1022 1048 0.37138086557388306
1024 1061 0.840600848197937
1025 1085 0.3317307233810425
1026 1086 0.316447913646698
1030 975 0.5169771313667297
1031 976 0.46491724252700806
1032 1002 0.35840263962745667
1034 1073 0.25093874335289
1037 1087 0.5313589572906494
1038 991 0.4353151321411133
1042 1070 0.42476779222488403
1043 1075 0.3076704144477844
1045 1066 0.2713776230812073
1046 1096 0.2892424762248993
1047 1077 0.2547840178012848
1052 949 0.2838831841945648
1056 1074 0.3945358991622925
1058 1097 0.4543454349040985
1069 1027 0.42488569021224976
1070 1101 0.2785094976425171
1073 1098 0.8244985938072205
1081 1029 0.3683965802192688
1085 1122 0.35481777787208557
1086 1134 0.34845343232154846
1089 987 0.28652748465538025
1093 1209 0.2769808769226074
1099 1015 0.33739912509918213
1106 1129 0.35555145144462585
1108 1217 0.268812358379364
1113 1046 0.5025194883346558
1115 1144 0.3681240677833557
1124 1039 0.2808113992214203
1125 1143 0.26904651522636414
1127 1112 0.2537093758583069
1128 1119 0.2856680154800415
1133 1024 0.2913448214530945
1134 1019 0.4380909204483032
1136 1165 0.3518175780773163
1137 1138 0.39044660329818726
1139 1140 0.29841774702072144
1140 1141 0.320058137178421
1141 1142 0.29143959283828735
1143 1176 0.5903061628341675
1156 1040 0.28004705905914307
1158 1064 0.3407527506351471
1161 1153 0.4432063698768616
1175 1167 0.3491852581501007
1176 1168 0.3276793360710144
1177 1169 0.30543363094329834
1180 1192 0.3412034511566162
1205 1084 0.3209763467311859
1206 1154 0.3350912630558014
1209 1211 0.2530274987220764
1217 1083 0.29828372597694397
1218 1166 0.3551630973815918
1221 1190 0.28497034311294556
1224 1196 0.3070027232170105
1240 1110 0.55659019947052
1244 1238 0.340116411447525
1249 1109 0.32181158661842346
1250 1314 0.2560323178768158
1251 1230 0.38718247413635254
1252 1216 0.2767947316169739
1259 1118 0.3087073266506195
1261 1128 0.5989009141921997
1272 1137 0.2530113458633423
1273 1182 0.3373839855194092
1274 1346 0.31966492533683777
1283 1127 0.28489264845848083
1291 1297 0.2894171178340912
1296 1151 0.4136653244495392
1298 1152 0.2876044809818268
1299 1181 0.29033714532852173
1307 1295 0.47217512130737305
1312 1149 0.3155146539211273
1313 1150 0.3596578538417816
1320 1305 0.27889859676361084
1328 1320 0.3562842905521393
1331 1179 0.2580128610134125
1334 1199 0.38440319895744324
1339 1315 0.3192916810512543
1341 1278 0.3656911253929138
1348 1198 0.2711861729621887
1351 1331 0.30464237928390503
1355 1404 0.5271725654602051
1371 1347 0.31377846002578735
1373 1349 0.3257783055305481
1377 1244 0.35319051146507263
1385 1310 0.2605306804180145
1386 1298 0.36518964171409607
1387 1324 0.2610079348087311
1389 1242 0.3134201765060425
1390 1276 0.47258463501930237
1393 1454 0.3165152370929718
1394 1852 0.45602235198020935
1395 1854 0.3680429756641388
1396 1808 0.27996963262557983
1398 1856 0.4897984266281128
1402 1353 0.28259390592575073
1404 1243 0.3226892948150635
1418 1251 0.27887600660324097
1419 1252 0.6382604241371155
1421 1271 0.31674984097480774
1422 1301 0.4767560660839081
1424 1260 0.3648979067802429
1425 1302 0.2722005546092987
1428 1402 0.4941307604312897
1429 1367 0.47971418499946594
1439 1258 0.3107071816921234
1441 1389 0.26747316122055054
1444 1422 0.39935487508773804
1445 1409 0.33361780643463135
1446 1460 0.3407234847545624
1449 1365 0.28347304463386536
1450 1366 0.30244001746177673
1451 1270 0.3116886615753174
1452 1259 0.44840168952941895
1459 1300 0.32299596071243286
1463 1432 0.2960115969181061
1468 1342 0.3102932274341583
1469 1357 0.29834887385368347
1470 1386 0.3607650399208069
1471 1358 0.4031120538711548
1478 1343 0.47305405139923096
1479 1359 0.36203062534332275
1482 1485 0.26621752977371216
1484 1299 0.3998243510723114
1485 1312 0.38507869839668274
1486 1329 0.3949108421802521
1487 1335 0.3525020480155945
1491 1473 0.26879724860191345
1496 1385 0.2960014343261719
1498 1523 0.29552164673805237
1501 1513 0.32309669256210327
1502 1499 0.26247090101242065
1507 1568 0.25782862305641174
1510 1512 0.30346307158470154
1511 1486 0.31889456510543823
1515 1376 0.5749163627624512
1517 1429 0.3956689238548279
1521 1442 0.31980153918266296
1523 1504 0.31111815571784973
1527 1528 0.5089733004570007
1533 1419 0.2803236246109009
1534 1478 0.55025315284729
1536 1554 0.26790305972099304
1540 1507 0.2859116792678833
1541 1527 0.4053723216056824
1542 1579 0.2897302806377411
1544 1487 0.42521849274635315
1545 1450 0.2811316251754761
1546 1381 0.4136471748352051
1547 1427 0.34009695053100586
1548 1477 0.253597617149353
1549 1469 0.3428552448749542
1552 1551 0.4029187262058258
1553 1552 0.4687071144580841
1557 1587 0.3273301422595978
1560 1468 0.5838875770568848
1564 1616 0.28625380992889404
1565 1557 0.3606298565864563
1568 1451 0.43570971488952637
1569 1418 0.4466058313846588
1570 1426 0.6208614110946655
1571 1452 0.3277405798435211
1573 1570 0.2940359115600586
1575 1571 0.4241553246974945
1579 1631 0.31503477692604065
1580 1519 0.25282490253448486
1581 1417 0.4433332085609436
1583 1494 0.4279033839702606
1584 1495 0.5427938103675842
1585 1496 0.2996462881565094
1586 1508 0.3447181284427643
1593 1642 0.3583817780017853
1597 1466 0.27822941541671753
1598 1467 0.3413918912410736
1600 1664 0.40358248353004456
1609 1679 0.30825191736221313
1612 1533 0.348993182182312
1619 1532 0.27627888321876526
1621 1602 0.2623758018016815
1629 1723 0.3316250741481781
1631 1628 0.4536924958229065
1633 1541 0.330166220664978
1634 1531 0.33670833706855774
1638 1650 0.2584337294101715
1642 1630 0.5044314861297607
1643 1682 0.26005682349205017
1645 1543 0.7465657591819763
1646 1566 0.2691158056259155
1650 1644 0.37251952290534973
1651 1659 0.36787697672843933
1652 1604 0.2722916901111603
1655 1563 0.37207144498825073
1656 1564 0.42913058400154114
1657 1542 0.3183360695838928
1659 1647 0.38832807540893555
1660 1648 0.4128805994987488
1661 1649 0.3260922431945801
1662 1685 0.35421663522720337
1668 1825 0.3038467764854431
1672 1544 0.36916083097457886
1676 1641 0.2647748291492462
1684 1584 0.37591198086738586
1689 1733 0.5357920527458191
1690 1734 0.38768163323402405
1691 1823 0.3643867075443268
1693 1705 0.30544179677963257
1698 1562 0.324628621339798
1699 1599 0.32910460233688354
1700 1583 0.44416648149490356
1701 1600 0.4127294421195984
1703 1640 0.2761181890964508
1704 1716 0.30386966466903687
1707 1824 0.25392481684684753
1708 1637 0.29740121960639954
1709 1581 0.4065926969051361
1712 1677 0.2517472505569458
1715 1732 0.33271923661231995
1717 1811 0.25955358147621155
1718 1740 0.26694387197494507
1732 1623 0.30904844403266907
1733 1607 0.3028452396392822
1734 1636 0.257851243019104
1735 1638 0.33054742217063904
1742 1791 0.29782411456108093
1745 1622 0.4329403340816498
1749 1717 0.29214808344841003
1756 1663 0.5196498036384583
1757 1673 0.44159048795700073
1758 1674 0.3587161898612976
1762 1761 0.2667224705219269
1767 1872 0.27485135197639465
1770 1757 0.3601459264755249
1773 1714 0.3052481412887573
1775 1864 0.34071895480155945
1777 1810 0.2927868068218231
1781 1802 0.25713813304901123
1782 1940 0.3268890380859375
1784 1841 0.4571078419685364
1787 1711 0.44633588194847107
1789 1796 0.2563367486000061
1790 1818 0.2576737701892853
1792 1915 0.28633707761764526
1796 1776 0.5239382982254028
1802 1790 0.34658223390579224
1803 1820 0.2671450674533844
1805 1941 0.2580884099006653
1809 1698 0.2665020227432251
1810 1849 0.30170485377311707
1815 1875 0.29686421155929565
1816 1672 0.2810278832912445
1819 1760 0.3716253340244293
1821 1928 0.2660457193851471
1822 1914 0.29271671175956726
1827 1931 0.3455040752887726
1828 1710 0.4886604845523834
1829 1800 0.47691431641578674
1835 1819 0.39419516921043396
1839 1952 0.41168099641799927
1846 1847 0.31307750940322876
1847 1833 0.41003650426864624
1848 1878 0.2732680141925812
1849 1969 0.2940605878829956
1850 1970 0.44060277938842773
1856 1831 0.3846045136451721
1857 1832 0.28422749042510986
1858 1848 0.36374160647392273
1860 1982 0.31857267022132874
1862 2013 0.277362585067749
1863 2031 0.25635361671447754
1868 1868 0.30692923069000244
1876 1898 0.42568957805633545
1877 1869 0.2582962214946747
1879 2011 0.2999459207057953
1881 1827 0.7885441184043884
1882 1785 0.5756416320800781
1884 1886 0.6113227009773254
1891 2112 0.2507198750972748
1896 2069 0.27167800068855286
1898 1993 0.38458654284477234
1900 1828 0.3612311780452728
1904 1981 0.6803226470947266
1905 2008 0.4448527991771698
1907 2152 0.2920611500740051
1909 1893 0.39386409521102905
1916 2036 0.4093312919139862
1917 2017 0.3629114031791687
1924 2098 0.2620827257633209
1929 2035 0.26642683148384094
1930 2016 0.2635791301727295
1931 1896 0.3895610272884369
1932 1965 0.3509289026260376
1933 2099 0.3238080143928528
1937 1922 0.27790534496307373
1939 2110 0.3732495903968811
1943 1799 0.2778926491737366
1948 2007 0.3751441538333893
1949 2047 0.26008832454681396
1952 2074 0.39941734075546265
1953 2060 0.2880881726741791
1954 1936 0.30601966381073
1956 2235 0.2511661946773529
1961 2285 0.2663307785987854
1971 1963 0.26965272426605225
1973 1977 0.43504953384399414
1975 2003 0.31951650977134705
1976 2004 0.47236159443855286
1978 2046 0.2793990969657898
1985 2085 0.2590775489807129
1988 2093 0.32522109150886536
1989 2100 0.3283894658088684
1992 1923 0.26756754517555237
1993 1925 0.27747052907943726
1999 2117 0.48176124691963196
2000 1939 0.31905364990234375
2002 2209 0.2619193196296692
2005 1976 0.39624783396720886
2008 1935 0.2513507008552551
2009 1997 0.3659772276878357
2010 1998 0.4373549520969391
2011 2045 0.299172580242157
2013 2144 0.26964709162712097
2014 2128 0.3643880784511566
2019 2206 0.26095840334892273
2025 2145 0.3196188807487488
2028 1964 0.33330392837524414
2032 2146 0.40523895621299744
2034 2022 0.5183831453323364
2038 1980 0.346227765083313
2039 1986 0.3629055321216583
2040 2000 0.3518820106983185
2041 1987 0.2886323928833008
2042 2079 0.3609618842601776
2043 2109 0.3953826427459717
2046 2212 0.7869064211845398
2047 2066 0.2771822214126587
2048 2001 0.3850122392177582
2049 2002 0.3196341395378113
2050 2029 0.40494227409362793
2052 2205 0.2773861289024353
2053 2175 0.26158830523490906
2055 2176 0.43182122707366943
2058 2039 0.26765507459640503
2059 2053 0.2922233045101166
2061 1979 0.3018729090690613
2062 2027 0.4593251049518585
2065 2359 0.40019896626472473
2066 2435 0.5497485399246216
2070 2186 0.2868361473083496
2071 2188 0.4191386103630066
2072 2189 0.32933881878852844
2073 2026 0.3406565487384796
2074 2040 0.31551194190979004
2075 2133 0.4097527265548706
2076 2123 0.3891006410121918
2077 2249 0.25287431478500366
2079 2168 0.26048770546913147
2080 2187 0.25304681062698364
2085 2202 0.27658599615097046
2086 2203 0.2729039192199707
2087 2223 0.2745005786418915
2091 2436 0.35072416067123413
2095 2226 0.4304081201553345
2098 2102 0.3542119264602661
2100 2300 0.27982789278030396
2103 2094 0.3851392865180969
2106 2067 0.515021562576294
2107 2068 0.27433937788009644
2108 2151 0.36957576870918274
2109 2298 0.3145829439163208
2110 2299 0.271668404340744
2115 2105 0.36353665590286255
2116 2106 0.26227325201034546
2118 2138 0.2824432849884033
2119 2025 0.25020894408226013
2121 2248 0.25903379917144775
2123 2272 0.45062097907066345
2125 2488 0.31015297770500183
2127 2454 0.2702507972717285
2129 2275 0.3413199484348297
2133 2103 0.2674277424812317
2134 2104 0.36302250623703003
2135 2165 0.517667829990387
2138 2322 0.28582170605659485
2139 2254 0.43087178468704224
2145 2095 0.2919542193412781
2146 2107 0.3286181688308716
2147 2345 0.30099326372146606
2148 2504 0.5319907069206238
2149 2505 0.3000243306159973
2150 2476 0.25072920322418213
2151 2303 0.7587948441505432
2155 2088 0.3184044063091278
2157 2076 0.4609355628490448
2158 2246 0.29567837715148926
2159 2335 0.2534242868423462
2160 2519 0.28181424736976624
2166 2148 0.6854701638221741
2167 2120 0.32025352120399475
2169 2122 0.4859168231487274
2171 2201 0.33454111218452454
2173 2403 0.3234046697616577
2181 2171 0.2749166190624237
2182 2130 0.3322531282901764
2184 2164 0.312987357378006
2185 2323 0.4744206964969635
2186 2391 0.55506831407547
2187 2149 0.2959703803062439
2188 2452 0.31794074177742004
2189 2474 0.2992233633995056
2190 2324 0.30115175247192383
2195 2390 0.4221199154853821
2199 2172 0.4549541771411896
2200 2173 0.3297797739505768
2201 2174 0.36033865809440613
2202 2297 0.3413713872432709
2203 2578 0.3750486373901367
2205 2453 0.387452095746994
2207 2463 0.2735024094581604
2208 2364 0.40904292464256287
2213 2161 0.30073389410972595
2214 2178 0.3016372323036194
2216 2162 0.3880844712257385
2220 2132 0.4406498372554779
2221 2140 0.47122055292129517
2222 2150 0.5252590775489807
2224 2199 0.2703670561313629
2225 2483 0.4473279118537903
2228 2389 0.300664484500885
2229 2366 0.2866969406604767
2231 2456 0.32459983229637146
2236 2220 0.2878440320491791
2238 2417 0.3482026159763336
2239 2405 0.5298337936401367
2242 2193 0.33659499883651733
2243 2264 0.2517215609550476
2244 2194 0.34653231501579285
2245 2221 0.3806363046169281
2246 2196 0.39748090505599976
2247 2200 0.2516164481639862
2249 2489 0.30783945322036743
2250 2513 0.3449309170246124
2252 2501 0.4602094888687134
2253 2406 0.2854643166065216
2254 2407 0.26320937275886536
2255 2464 0.3406435549259186
2257 2192 0.3349487781524658
2258 2317 0.30898478627204895
2259 2503 0.2874215841293335
2264 2263 0.2943088710308075
2265 2290 0.44869768619537354
2269 2240 0.30122700333595276
2271 2465 0.31052887439727783
2273 2508 0.7136223316192627
2274 2279 0.39430418610572815
2276 2239 0.3539370596408844
2278 2269 0.29559126496315
2280 2295 0.31452953815460205
2281 2544 0.2984066605567932
2283 2568 0.27125030755996704
2287 2230 0.4604966342449188
2288 2241 0.5316742062568665
2289 2197 0.5145894885063171
2290 2222 0.5955326557159424
2292 2342 0.37098512053489685
2295 2529 0.29821062088012695
2296 2530 0.30346915125846863
2297 2531 0.27980226278305054
2303 2291 0.370937705039978
2305 2270 0.28135448694229126
2306 2292 0.38223469257354736
2307 2595 0.36899855732917786
2311 2314 0.41875866055488586
2312 2679 0.4067358076572418
2314 2500 0.4908599257469177
2315 2586 0.2697962820529938
2316 2628 0.3385601341724396
2318 2515 0.2932685613632202
2319 2549 0.27044233679771423
2320 2516 0.2936716079711914
2326 2311 0.3327157497406006
2327 2312 0.41443806886672974
2329 2334 0.38222450017929077
2330 2242 0.47510257363319397
2331 2450 0.39533135294914246
2332 2432 0.2583248019218445
2337 2535 0.26542583107948303
2341 2355 0.3388631045818329
2344 2340 0.3116122782230377
2345 2333 0.3411578834056854
2346 2293 0.27190065383911133
2347 2615 0.28929460048675537
2350 2217 0.27444222569465637
2352 2498 0.4656320810317993
2353 2557 0.42520755529403687
2355 2627 0.412002295255661
2356 2606 0.4393511116504669
2360 2534 0.2720521092414856
2363 2354 0.30861783027648926
2364 2313 0.27444353699684143
2365 2481 0.34528371691703796
2370 2625 0.34290364384651184
2371 2616 0.3386870324611664
2372 2546 0.33037662506103516
2373 2550 0.2864946722984314
2374 2353 0.3288545608520508
2375 2397 0.2602677047252655
2378 2373 0.27662530541419983
2379 2374 0.4545387327671051
2380 2357 0.44506198167800903
2387 2375 0.46877506375312805
2388 2356 0.35528504848480225
2392 2599 0.255300372838974
2393 2618 0.2529618740081787
2395 1921 0.6309080719947815
2396 2423 0.41498029232025146
2397 2385 0.2761690318584442
2401 2294 0.2655438184738159
2402 2431 0.5730388164520264
2403 2511 0.31005775928497314
2407 2585 0.36679553985595703
2413 2424 0.39785560965538025
2415 2387 0.27056875824928284
2417 2592 0.2906707227230072
2429 2631 0.300178587436676
2431 2641 0.5368057489395142
2432 2655 0.47838473320007324
2434 2479 0.2916531264781952
2435 2457 0.2848554253578186
2437 2398 0.4415323734283447
2438 2458 0.30663666129112244
2440 2589 0.3605349361896515
2441 2584 0.30948111414909363
2442 2590 0.34167200326919556
2443 2604 0.37744590640068054
2444 2605 0.5915082097053528
2445 2710 0.48062318563461304
2447 2688 0.30823397636413574
2448 2689 0.3909045159816742
2454 2667 0.26507192850112915
2455 2642 0.48704373836517334
2456 2480 0.6818984746932983
2458 2399 0.4612288475036621
2459 2412 0.5145953893661499
2460 2413 0.3648575246334076
2461 2459 0.3342100977897644
2463 2527 0.2996877431869507
2468 2486 0.36379536986351013
2469 2518 0.2544088661670685
2471 2428 0.3586118817329407
2473 2553 0.30773788690567017
2474 2555 0.3057752251625061
2476 2541 0.27172204852104187
2477 2542 0.2952503561973572
2478 2543 0.3227333128452301
2481 2726 0.3045613169670105
2482 2737 0.3015265166759491
2484 2664 0.34056299924850464
2485 2429 0.3554551899433136
2490 2681 0.2886943221092224
2492 2470 0.3618214428424835
2493 2446 0.46405965089797974
2496 2654 0.9408843517303467
2501 2442 0.5185656547546387
2502 2445 0.2938702404499054
2503 2623 0.3748287558555603
2504 2624 0.2529676556587219
2508 2699 0.30205896496772766
2509 2715 0.46645742654800415
2510 2747 0.34055066108703613
2512 2493 0.28993621468544006
2514 2540 0.5027150511741638
2521 2636 0.44215938448905945
2522 2510 0.2668178975582123
2525 2662 0.3075612783432007
2527 2760 0.29146766662597656
2530 2776 0.2556343972682953
2536 2794 0.3816726505756378
2538 2739 0.25002574920654297
2541 2523 0.2577747702598572
2543 2495 0.3558812141418457
2545 2538 0.26082104444503784
2547 2809 0.5053809881210327
2550 2789 0.6200153231620789
2553 2581 0.2537684440612793
2560 2762 0.35781726241111755
2561 2840 0.25904443860054016
2562 2563 0.42600107192993164
2564 2721 0.26038315892219543
2567 2820 0.2901536226272583
2568 2834 0.264739990234375
2569 2835 0.5079666376113892
2571 2773 0.3486771285533905
2573 2701 0.25100886821746826
2574 2801 0.389796644449234
2579 2560 0.25827035307884216
2580 2574 0.3275081217288971
2582 2576 0.279283732175827
2585 2836 0.4667159616947174
2587 2884 0.40407082438468933
2590 2582 0.4786708652973175
2593 2717 0.25265711545944214
2601 2564 0.5662115216255188
2602 2853 0.2839590013027191
2605 2822 0.3773098587989807
2606 2798 0.4103056490421295
2608 2799 0.3940996825695038
2609 2775 0.383610337972641
2610 2870 0.33879363536834717
2611 2810 0.4041895270347595
2614 2214 0.2700789272785187
2616 2694 0.34067249298095703
2617 2559 0.2741738259792328
2622 2649 0.3227991759777069
2627 2788 0.37102967500686646
2637 2855 0.2573314309120178
2638 2823 0.3975370228290558
2639 2824 0.33181044459342957
2641 2670 0.2589883506298065
2642 2683 0.2781126797199249
2643 2671 0.4648214876651764
2644 2621 0.3525407016277313
2645 2622 0.39731717109680176
2649 2926 0.27995574474334717
2650 2893 0.3613449037075043
2651 2854 0.2711502015590668
2652 2825 0.25648224353790283
2653 2896 0.252007395029068
2658 2684 0.32171982526779175
2659 2706 0.3574318587779999
2667 2866 0.4082619249820709
2668 2839 0.324425607919693
2669 2856 0.35177966952323914
2670 2895 0.3172474503517151
2673 2258 0.3729492723941803
2676 2927 0.3161429464817047
2677 2941 0.3663903474807739
2680 2883 0.29850512742996216
2681 2867 0.3138335049152374
2682 2869 0.4257139265537262
2684 2885 0.26793015003204346
2687 2705 0.26069149374961853
2688 2716 0.2617315351963043
2689 2658 0.32183215022087097
2690 2637 0.920214056968689
2697 2730 0.3326887786388397
2699 2646 0.5093792676925659
2700 2660 0.5191302299499512
2704 2868 0.29859796166419983
2706 2934 0.25732579827308655
2707 3021 0.3311876654624939
2708 2257 0.40960580110549927
2710 2685 0.37924203276634216
2721 2748 0.3101429343223572
2729 2959 0.3154677152633667
2731 2894 0.25630325078964233
2732 2754 0.2850964665412903
2733 2755 0.28138187527656555
2734 2749 0.31777888536453247
2735 2756 0.27300751209259033
2741 2945 0.3080914616584778
2743 2327 0.345203697681427
2744 2767 0.3324030339717865
2745 2711 0.338302880525589
2747 2943 0.382478266954422
2750 2933 0.37480515241622925
2752 2948 0.34442371129989624
2753 2949 0.4655699133872986
2756 2741 0.5022181272506714
2757 2707 0.2959957718849182
2759 2942 0.2654222846031189
2761 2946 0.28961068391799927
2763 2988 0.3243272304534912
2764 2989 0.2833792567253113
2767 2916 0.32255667448043823
2768 2961 0.30264198780059814
2770 2999 0.2538245916366577
2771 3000 0.467660516500473
2773 2339 0.2939007878303528
2774 2813 0.29769235849380493
2775 2743 0.49861645698547363
2777 2977 0.30340084433555603
2778 3001 0.252301961183548
2780 2829 0.3985725939273834
2781 2744 0.3091607391834259
2782 2892 0.35603463649749756
2783 2879 0.42192432284355164
2784 3044 0.556413471698761
2785 3016 0.45878225564956665
2788 2986 0.30137184262275696
2790 3027 0.25845614075660706
2791 2409 0.3863672912120819
2792 2384 0.34083205461502075
2793 2369 0.3237413167953491
2796 2733 0.39993953704833984
2800 3045 0.49433955550193787
2801 3057 0.5131227970123291
2802 3017 0.46899059414863586
2806 2350 0.2526467740535736
2807 2878 0.33526453375816345
2810 3077 0.3780287504196167
2811 3065 0.5102933645248413
2812 3015 0.42916497588157654
2813 3020 0.2941758632659912
2815 2769 0.32561245560646057
2816 2915 0.34604784846305847
2819 3033 0.5258429646492004
2820 2383 0.3610992729663849
2822 2792 0.4067997932434082
2823 2770 0.2899934649467468
2824 2771 0.2742781639099121
2828 2956 0.34357598423957825
2831 3078 0.2823525369167328
2833 3046 0.3075193166732788
2834 3035 0.48072540760040283
2835 3067 0.2888413965702057
2836 2392 0.2845410108566284
2837 2393 0.27665776014328003
2838 2394 0.2643605172634125
2839 2395 0.316813588142395
2840 2815 0.34132710099220276
2841 2806 0.48056772351264954
2842 2782 0.3844699263572693
2843 2734 0.36685922741889954
2847 3104 0.3856586515903473
2848 3068 0.32301998138427734
2852 2849 0.39574554562568665
2853 2805 0.42023009061813354
2854 2957 0.4446856677532196
2855 3047 0.373513787984848
2860 2850 0.3649563491344452
2862 3099 0.5967458486557007
2865 3026 0.32513365149497986
2866 3097 0.43956026434898376
2867 3105 0.5943484902381897
2868 3089 0.4802364706993103
2869 3079 0.2898085117340088
2871 2831 0.46685662865638733
2876 3106 0.4192529618740082
2877 3091 0.390009343624115
2878 3080 0.374019593000412
2879 3092 0.2771729826927185
2880 3101 0.2532297968864441
2883 2912 0.28550922870635986
2884 2875 0.4250826835632324
2885 2863 0.28401777148246765
2886 2864 0.3974778652191162
2887 3013 0.29936522245407104
2889 3108 0.42114922404289246
2890 3100 0.34009143710136414
2891 3055 0.2608086168766022
2893 3110 0.3133137822151184
2896 2952 0.28745174407958984
2897 2905 0.2900753319263458
2898 3087 0.3234228491783142
2900 3170 0.2653374969959259
2902 3150 0.26684892177581787
2904 3151 0.2873667776584625
2911 2953 0.2731702923774719
2912 2913 0.39297378063201904
2913 2914 0.2631511390209198
2914 2904 0.2569410502910614
2915 3042 0.4040731191635132
2916 3138 0.3377877175807953
2917 3139 0.30536898970603943
2918 3140 0.4355817437171936
2919 3129 0.26532384753227234
2926 3209 0.2601543068885803
2928 3159 0.33057329058647156
2931 3041 0.34532982110977173
2933 3172 0.3321644365787506
2935 3160 0.2761300504207611
2940 3008 0.5217577815055847
2942 2939 0.28530943393707275
2943 2955 0.26295897364616394
2946 3178 0.2557694911956787
2949 3086 0.28508397936820984
2954 3176 0.25454527139663696
2956 3191 0.395453542470932
2960 3075 0.3345679044723511
2961 3179 0.37447288632392883
2964 3053 0.46092456579208374
2965 3127 0.35682904720306396
2967 3262 0.27484846115112305
2968 3226 0.49792981147766113
2971 3173 0.46514564752578735
2974 3202 0.33338117599487305
2975 3192 0.32646283507347107
2976 3180 0.2555164396762848
2982 3201 0.5445114374160767
2989 3157 0.34697777032852173
2991 3242 0.3830024302005768
2992 3210 0.29889026284217834
2993 3211 0.36616960167884827
2996 3195 0.3042266070842743
2999 3297 0.2593165636062622
3003 3085 0.41647499799728394
3004 3168 0.3944275677204132
3012 2910 0.25532057881355286
3014 3175 0.3365940451622009
3017 3274 0.47429358959198
3019 3185 0.3856615722179413
3022 3214 0.5747157335281372
3023 2887 0.25113242864608765
3026 2925 0.2606189250946045
3028 3174 0.3323453664779663
3032 3199 0.5680114030838013
3037 3231 0.3625675439834595
3042 3268 0.26181691884994507
3046 3330 0.36503782868385315
3051 3289 0.3843885362148285
3055 3286 0.4670151472091675
3056 3264 0.2706012725830078
3059 3145 0.35572680830955505
3060 3167 0.5651994347572327
3061 3198 0.2633838951587677
3064 3235 0.3423337936401367
3071 3304 0.30336612462997437
3072 3343 0.29474425315856934
3073 3266 0.2708640992641449
3074 3267 0.4054349362850189
3075 3363 0.33134782314300537
3083 3368 0.2610968053340912
3089 3362 0.3879297971725464
3090 3345 0.41659456491470337
3091 3331 0.3056422770023346
3092 2727 0.27029484510421753
3099 3359 0.3872600197792053
3100 3344 0.4047947824001312
3101 3346 0.3630533218383789
3102 2729 0.2775017321109772
3103 2765 0.35979267954826355
3104 2766 0.30419325828552246
3105 2777 0.2525511384010315
3108 3007 0.2972721755504608
3110 3251 0.309314101934433
3111 3322 0.4446733593940735
3113 3369 0.3362542688846588
3119 3393 0.32908138632774353
3120 3360 0.2923704981803894
3121 3342 0.4880145490169525
3125 3241 0.2648480534553528
3131 2804 0.2526841163635254
3134 3260 0.9130145907402039
3143 3437 0.25212565064430237
3144 3394 0.30679404735565186
3146 3365 0.3713185489177704
3149 3259 0.3267051577568054
3151 3377 0.3266359865665436
3152 2763 0.2809925079345703
3159 3258 0.37172386050224304
3162 3438 0.26062214374542236
3163 3398 0.3649967312812805
3164 2860 0.30093327164649963
3171 3461 0.2708325982093811
3172 3439 0.34703800082206726
3173 3395 0.34993234276771545
3176 2802 0.33141735196113586
3185 3407 0.421596497297287
3188 2843 0.43405821919441223
3191 3291 0.390835165977478
3193 3473 0.3127399981021881
3194 3442 0.5025156736373901
3195 2848 0.3410368859767914
3198 3094 0.2956194579601288
3199 3136 0.4468870162963867
3205 3493 0.29289570450782776
3208 3428 0.33005350828170776
3211 3440 0.3716792166233063
3214 2842 0.2893914580345154
3228 2936 0.26911118626594543
3233 3320 0.3737899661064148
3237 3454 0.3516904413700104
3238 3441 0.4238949120044708
3240 3208 0.31504619121551514
3241 3143 0.5506636500358582
3250 3464 0.30961039662361145
3252 3447 0.29547119140625
3255 2859 0.341022253036499
3267 2981 0.32372620701789856
3268 3156 0.7642744183540344
3273 3511 0.4345349371433258
3274 3499 0.31911635398864746
3279 3483 0.412052184343338
3280 3504 0.8435271978378296
3281 3093 0.2638205587863922
3283 3487 0.48836231231689453
3284 3488 0.5587787628173828
3302 3495 0.342510461807251
3307 3552 0.49493250250816345
3308 3553 0.40408816933631897
3309 3519 0.44804859161376953
3310 3529 0.4847407341003418
3311 3501 0.48299089074134827
3313 3513 0.38001537322998047
3318 3125 0.2532394528388977
3319 3372 0.3676156997680664
3320 3436 0.331792414188385
3322 3601 0.30322787165641785
3325 3559 0.302188903093338
3326 3586 0.2918832302093506
3328 2969 0.46042415499687195
3331 3485 0.4985099732875824
3336 3540 0.36454659700393677
3338 3528 0.41564610600471497
3341 3605 0.29098162055015564
3342 2978 0.32442405819892883
3343 2968 0.4037684202194214
3349 3548 0.30823808908462524
3351 3554 0.3088781237602234
3353 3560 0.2735561430454254
3355 2967 0.4073013663291931
3358 3006 0.2758902311325073
3359 3401 0.26994606852531433
3360 3402 0.26748207211494446
3363 3623 0.2890017628669739
3364 3555 0.25647538900375366
3365 3564 0.28560754656791687
3366 3543 0.251618355512619
3367 3584 0.3398706316947937
3368 3614 0.33345842361450195
3369 2992 0.29753878712654114
3377 3569 0.29089727997779846
3378 3557 0.28603604435920715
3380 3604 0.4197946786880493
3382 3012 0.25640130043029785
3384 3038 0.31911301612854004
3385 3039 0.33196839690208435
3394 3435 0.43600067496299744
3395 3581 0.3182741701602936
3396 3630 0.2753101885318756
3397 3662 0.30490046739578247
3398 3028 0.2724587321281433
3399 3037 0.2548559308052063
3405 3599 0.3959365487098694
3407 3583 0.2588925361633301
3408 3627 0.27691856026649475
3409 3629 0.41920018196105957
3410 3663 0.31829267740249634
3416 3452 0.4118824601173401
3418 3713 0.384869784116745
3419 3595 0.949067234992981
3422 3719 0.3942733705043793
3423 3643 0.3389953076839447
3424 3644 0.2889257073402405
3425 3722 0.302420973777771
3427 3612 0.2538550794124603
3428 3661 0.29709646105766296
3429 3628 0.31199347972869873
3431 3230 0.4301438629627228
3433 3457 0.3706905245780945
3435 3597 0.33582228422164917
3436 3598 0.30271413922309875
3437 3641 0.4166469871997833
3442 3677 0.2794705033302307
3443 3613 0.284528523683548
3444 3679 0.26596808433532715
3449 3640 0.2988246977329254
3452 3729 0.3362177312374115
3453 3069 0.28967753052711487
3456 3476 0.412348210811615
3457 3423 0.3966909646987915
3458 3739 0.4825088679790497
3461 3671 0.26334846019744873
3462 3071 0.2685287296772003
3463 3060 0.4250498414039612
3466 3763 0.39238134026527405
3471 3672 0.28464359045028687
3472 3724 0.2954432964324951
3476 3727 0.35097944736480713
3480 3743 0.2597824037075043
3481 3154 0.2835655212402344
3484 3690 0.28703728318214417
3485 3861 0.37050142884254456
3486 3721 0.5072429180145264
3488 3811 0.3145328462123871
3490 3674 0.2665747404098511
3494 3742 0.290351539850235
3497 3637 0.2886745035648346
3498 3689 0.2659977674484253
3501 3753 0.3108873963356018
3502 3725 0.33554407954216003
3503 3740 0.312399297952652
3504 3754 0.2562656104564667
3505 3775 0.39252543449401855
3507 3766 0.30416741967201233
3508 3776 0.2693183720111847
3515 3666 0.31953418254852295
3516 3788 0.2802068293094635
3518 3755 0.27669522166252136
3519 3308 0.3595978319644928
3520 3334 0.2561380863189697
3525 3609 0.33239543437957764
3526 3796 0.29653090238571167
3527 3333 0.3032287359237671
3530 3665 0.27669045329093933
3532 3491 0.35250675678253174
3533 3795 0.36843839287757874
3534 3825 0.31412097811698914
3535 3826 0.35231754183769226
3539 3479 0.2554747760295868
3540 3490 0.2764633595943451
3541 3810 0.2713695764541626
3542 3353 0.29903680086135864
3543 3354 0.2758720815181732
3545 3772 0.3775423765182495
3546 3752 0.3247326612472534
3550 3508 0.2999791204929352
3552 3827 0.41962817311286926
3557 3704 0.5779580473899841
3560 3711 0.2601872980594635
3564 3862 0.4086288511753082
3567 3196 0.2820513844490051
3568 3535 0.3255205452442169
3571 3594 0.3955983817577362
3572 3562 0.3744814395904541
3580 3517 0.4329040050506592
3581 3915 0.31128376722335815
3582 3840 0.5148575305938721
3583 3866 0.5013314485549927
3585 3841 0.27113083004951477
3590 3784 0.31993451714515686
3593 3526 0.29677703976631165
3595 3838 0.4385599195957184
3596 3839 0.369376003742218
3598 3876 0.29147711396217346
3599 3240 0.3281897306442261
3610 3685 0.28160360455513
3616 3703 0.3722403943538666
3618 3550 0.27011266350746155
3619 3863 0.3276855945587158
3620 3865 0.37792494893074036
3624 3808 0.6641923189163208
3625 3822 0.3157798647880554
3629 3929 0.3481767177581787
3630 3931 0.35067933797836304
3631 3290 0.3377748429775238
3633 3688 0.3795669674873352
3636 3933 0.40122082829475403
3637 3934 0.2878538966178894
3638 3902 0.46203935146331787
3639 3197 0.38774117827415466
3645 3687 0.2729838192462921
3653 3804 0.3315823972225189
3655 3821 0.3540734350681305
3656 3899 0.5580848455429077
3657 3600 0.3016766607761383
3662 3943 0.5450668334960938
3663 3932 0.5056172013282776
3665 3961 0.27833080291748047
3667 3917 0.2559307813644409
3668 3944 0.3867344558238983
3670 3222 0.25837209820747375
3671 3223 0.3381170928478241
3673 3451 0.2762090563774109
3675 3735 0.26611143350601196
3677 3884 0.3053972125053406
3681 3968 0.27244025468826294
3682 3982 0.4648973047733307
3687 3847 0.3309754729270935
3688 3860 0.2805568277835846
3689 3897 0.5744757056236267
3690 3900 0.9102612137794495
3691 3926 0.2929800748825073
3693 3992 0.30484551191329956
3694 3950 0.2641352415084839
3695 3960 0.5318725109100342
3698 3618 0.3103494644165039
3699 3969 0.5014858841896057
3701 3949 0.2554228603839874
3702 3951 0.39592522382736206
3706 3952 0.3633498251438141
3707 3970 0.4785480797290802
3708 3306 0.35661810636520386
3709 3317 0.3935348093509674
3710 3239 0.26189082860946655
3712 3759 0.4141334593296051
3715 3858 0.4996694326400757
3717 3898 0.2847723066806793
3718 3912 0.33742645382881165
3724 3895 0.2973972260951996
3728 4023 0.3601507544517517
3730 3896 0.25339117646217346
3734 4022 0.258028119802475
3736 3257 0.26533043384552
3737 3248 0.29093417525291443
3738 3792 0.37404564023017883
3739 3872 0.25532349944114685
3741 3925 0.2625562846660614
3742 3941 0.3547433316707611
3743 3911 0.3095236122608185
3748 3271 0.27368712425231934
3749 3272 0.3030220568180084
3750 3273 0.37034809589385986
3751 3938 0.3577418625354767
3756 3667 0.33421680331230164
3757 4006 0.5340152978897095
3758 4007 0.5827910900115967
3759 4065 0.38087669014930725
3767 3939 0.4258544147014618
3769 3940 0.33145907521247864
3770 3956 0.35995468497276306
3771 3715 0.2703149616718292
3772 3716 0.30611279606819153
3776 4064 0.3043699860572815
3777 4032 0.3680696487426758
3778 4033 0.31290021538734436
3780 4082 0.2808288037776947
3781 3379 0.3735690116882324
3783 4005 0.2512579560279846
3784 4131 0.32770276069641113
3785 3388 0.468254953622818
3787 3380 0.2777363061904907
3788 3781 0.35972097516059875
3791 3856 0.29934781789779663
3792 3976 0.3369595408439636
3798 3700 0.2565920948982239
3799 3870 0.3105389475822449
3807 4071 0.44362884759902954
3811 3414 0.2503702938556671
3812 3415 0.3246825039386749
3813 3484 0.3189021646976471
3814 3831 0.2735083997249603
3815 3893 0.5893954634666443
3816 3883 0.3650475740432739
3818 3977 0.3134452700614929
3819 3978 0.33965644240379333
3821 4109 0.4922921061515808
3822 4081 0.7471034526824951
3824 4130 0.2760547399520874
3825 3410 0.4443630576133728
3829 3412 0.47763165831565857
3830 3413 0.26968565583229065
3832 3948 0.2934132218360901
3833 3966 0.2926081418991089
3834 4002 0.4412490725517273
3835 4003 0.5970162153244019
3836 3979 0.3269825875759125
3839 4176 0.41299915313720703
3840 4177 0.36262840032577515
3841 4144 0.41116347908973694
3843 3445 0.3492705225944519
3846 3907 0.267906129360199
3849 4017 0.2886624038219452
3850 4018 0.25139912962913513
3855 4145 0.39641186594963074
3856 4129 0.5513672828674316
3858 3443 0.25233566761016846
3859 3450 0.2952706217765808
3863 4043 0.4028564691543579
3868 3936 0.2992013990879059
3870 4041 0.25162073969841003
3873 4220 0.5154726505279541
3874 4221 0.4768679141998291
3875 4197 0.341820627450943
3876 3470 0.26985469460487366
3880 4077 0.4621966779232025
3881 4054 0.3277921676635742
3882 4055 0.29117509722709656
3888 4178 0.43607303500175476
3890 4179 0.2842196226119995
3891 4196 0.43351835012435913
3892 3468 0.2666413486003876
3894 3448 0.4178212285041809
3897 3964 0.2812686562538147
3898 4000 0.36162620782852173
3901 3545 0.8744142651557922
3902 3963 0.31221792101860046
3903 3947 0.4152300953865051
3905 4015 0.3730638325214386
3907 4102 0.2769816815853119
3911 4279 0.3260086178779602
3912 4200 0.41667798161506653
3913 4218 0.4493820071220398
3919 4219 0.3024619519710541
3922 3923 0.6400213241577148
3924 4100 0.2728027105331421
3926 4087 0.31240883469581604
3936 4086 0.5752893090248108
3940 4103 0.3766246438026428
3945 4301 0.27355092763900757
3946 4264 0.30677589774131775
3949 3998 0.4102770686149597
3950 4085 0.31895753741264343
3951 4116 0.37458038330078125
3952 4125 0.2814484238624573
3955 4281 0.4044482409954071
3957 4076 0.6079941391944885
3960 4151 0.341764897108078
3961 4152 0.34821024537086487
3971 4153 0.36866721510887146
3972 4154 0.3713737726211548
3973 4156 0.4099794328212738
3981 4321 0.4045211672782898
3984 3523 0.3076803684234619
3985 4167 0.4382062554359436
3990 4394 0.2946484088897705
3992 3533 0.3050074875354767
3994 4074 0.3969918191432953
3996 4188 0.35715723037719727
3999 3989 0.2734452784061432
4002 3532 0.863740861415863
4003 3534 0.28635263442993164
4004 3590 0.5789477229118347
4005 3572 0.45828285813331604
4016 4083 0.5832475423812866
4023 4400 0.4231739342212677
4026 4099 0.5158296227455139
4027 4084 0.5546196103096008
4033 3565 0.2927379310131073
4046 4165 0.41008228063583374
4052 4257 0.3705056607723236
4063 4246 0.3189213275909424
4064 4141 0.3413153886795044
4065 4058 0.308093786239624
4068 4013 0.3245945870876312
4069 4231 0.3717316687107086
4070 4059 0.45522674918174744
4072 3589 0.26832929253578186
4073 3695 0.34844544529914856
4074 4276 0.3277599811553955
4075 4232 0.2688177525997162
4082 3632 0.254984050989151
4086 3791 0.3890327215194702
4091 4193 0.28256022930145264
4093 4509 0.32035982608795166
4096 4491 0.2713193893432617
4097 4512 0.3879612386226654
4103 4275 0.4627488851547241
4105 4088 0.8329607248306274
4106 4106 0.32583269476890564
4112 4544 0.39768186211586
4126 3790 0.2718438506126404
4129 4227 0.36041462421417236
4133 4234 0.3333439826965332
4134 4211 0.383237361907959
4138 3778 0.3382183611392975
4144 4120 0.33638256788253784
4146 3779 0.2620784640312195
4151 4274 0.27156245708465576
4152 4247 0.9237443208694458
4159 4171 0.30841687321662903
4160 4194 0.32566431164741516
4161 4158 0.3480459153652191
4162 4159 0.3158133029937744
4167 4228 0.2853195071220398
4170 4307 0.33769237995147705
4171 4258 0.2658344507217407
4173 4172 0.3370884358882904
4180 3798 0.35737836360931396
4183 4306 0.3705671429634094
4184 4384 0.3452478349208832
4185 4157 0.3958410322666168
4186 4251 0.29560422897338867
4190 4273 0.3167652487754822
4192 4326 0.4290205240249634
4193 4410 0.2904301881790161
4197 4198 0.265286386013031
4202 3922 0.35108357667922974
4209 4345 0.40659114718437195
4210 4346 0.40810543298721313
4213 3880 0.29842430353164673
4221 4353 0.36141830682754517
4222 3974 0.2938864827156067
4224 4277 0.3004071116447449
4225 4314 0.3607884347438812
4226 4298 0.3017390966415405
4227 4315 0.2582085430622101
4228 4328 0.2580888867378235
4230 4352 0.3182823657989502
4231 4383 0.2894403040409088
4232 4454 0.3197048604488373
4236 3920 0.27681663632392883
4238 4382 0.2523929476737976
4240 4436 0.28414157032966614
4242 4385 0.282199889421463
4244 4387 0.3651729226112366
4245 4371 0.34938645362854004
4248 4295 0.25110679864883423
4249 4297 0.2524788975715637
4251 4311 0.2823428511619568
4255 4327 0.4627929925918579
4256 4310 0.31392720341682434
4257 4374 0.2505797743797302
4259 3946 0.3226298987865448
4260 3854 0.28973251581192017
4262 4417 0.4261518120765686
4263 4435 0.34070464968681335
4266 4312 0.46005547046661377
4267 4389 0.2787345349788666
4269 3955 0.2869332730770111
4270 4114 0.32463762164115906
4271 4408 0.28691521286964417
4276 4390 0.32308804988861084
4277 4391 0.25081002712249756
4282 4453 0.33012402057647705
4284 4437 0.2851008176803589
4285 4355 0.3239253759384155
4289 4451 0.31903114914894104
4295 4388 0.41162094473838806
4299 3853 0.26058486104011536
4302 4467 0.2955520749092102
4303 3984 0.3971368670463562
4304 4025 0.3770465552806854
4305 4037 0.45895904302597046
4306 4012 0.2910715341567993
4309 4433 0.33368685841560364
4311 4452 0.3193471133708954
4313 4423 0.3412535488605499
4318 4039 0.2819010615348816
4321 4505 0.43639376759529114
4322 4519 0.29541540145874023
4325 4488 0.25123757123947144
4326 4476 0.2624538838863373
4327 4398 0.2779626250267029
4328 4439 0.4223268926143646
4330 3843 0.2555510401725769
4332 3904 0.44710612297058105
4333 4515 0.5051367282867432
4335 4397 0.44693559408187866
4336 4516 0.36307063698768616
4338 4517 0.36256927251815796
4343 3903 0.4000299274921417
4348 4485 0.27231350541114807
4349 4458 0.38905128836631775
4355 3918 0.29926446080207825
4357 4067 0.2519216239452362
4363 4520 0.3469628691673279
4365 4478 0.38485071063041687
4371 4438 0.2785564959049225
4372 4526 0.4794310927391052
4373 3953 0.2919258177280426
4375 4489 0.35959887504577637
4378 4514 0.3450608551502228
4379 4522 0.43473348021507263
4380 4523 0.3448776304721832
4383 3972 0.2801036834716797
4384 4528 0.25973162055015564
4391 4477 0.31734156608581543
4398 4551 0.44689640402793884
4399 4552 0.36475247144699097
4400 4553 0.46192479133605957
4404 3973 0.2907685935497284
4407 4530 0.36205580830574036
4408 4543 0.4744134545326233
4410 4557 0.2823888957500458
4411 4524 0.4551837742328644
4413 4009 0.4885752201080322
4414 4113 0.9603424072265625
4415 4225 0.27003103494644165
4418 4224 0.3426450490951538
4424 4566 0.3256835639476776
4425 4583 0.28984856605529785
4427 4267 0.29408666491508484
4428 4325 0.28414779901504517
4431 4560 0.7997299432754517
4433 4579 0.3117067813873291
4435 4135 0.3531864881515503
4437 4269 0.340103417634964
4438 4270 0.501663327217102
4441 4594 0.33710193634033203
4442 4096 0.3148918151855469
4445 4589 0.3102831542491913
4449 4593 0.30171921849250793
4450 4588 0.2707701027393341
4453 4342 0.35814568400382996
4455 4072 0.2675938308238983
4457 4223 0.35116225481033325
4459 4540 0.28940415382385254
4463 4341 0.39661455154418945
4464 4606 0.25464603304862976
4471 4303 0.2768169045448303
4473 4609 0.25306105613708496
4478 4111 0.3416632115840912
4479 4183 0.35001444816589355
4492 4380 0.2982308268547058
4493 4406 0.37225672602653503
4499 4338 0.29447537660598755
4500 4324 0.285569965839386
4505 4163 0.3403821587562561
4508 4337 0.28120964765548706
4509 4339 0.29523488879203796
4510 4351 0.26029476523399353
4511 4642 0.32656124234199524
4512 4648 0.2572067975997925
4514 4654 0.25560927391052246
4520 4181 0.465676486492157
4521 4182 0.330183207988739
4523 4335 0.2546193301677704
4526 4414 0.2671542465686798
4527 4430 0.3833364248275757
4528 4539 0.3531009256839752
4534 4693 0.367685467004776
4535 4203 0.3158825635910034
4546 4396 0.26247090101242065
4547 4449 0.2758144736289978
4551 4333 0.27301299571990967
4554 4679 0.2736978232860565
4557 4266 0.4220072031021118
4558 4548 0.3147324025630951
4559 4565 0.2794356048107147
4562 4323 0.324374258518219
4563 4564 0.38231199979782104
4564 4711 0.3186720311641693
4565 4712 0.33277446031570435
4566 4446 0.33367919921875
4567 4502 0.31500595808029175
4568 4685 0.2722737789154053
4570 4447 0.45024770498275757
4571 4466 0.2621014714241028
4574 4686 0.258721262216568
4576 4444 0.30535295605659485
4584 4537 0.265398234128952
4588 4694 0.3566674292087555
4589 4700 0.39147642254829407
4591 4571 0.39225971698760986
4594 4563 0.31540152430534363
4595 4689 0.3968854546546936
4596 4692 0.2631154954433441
4598 4720 0.3156386613845825
4599 4721 0.39067381620407104
4602 4567 0.4690465033054352
4603 4562 0.27121564745903015
4606 4753 0.2537650465965271
4607 4697 0.38445526361465454
4608 4698 0.40499362349510193
4611 4668 0.5451323390007019
4612 4734 0.2892319858074188
4613 4547 0.3276049494743347
4619 4756 0.36843839287757874
4621 4738 0.3326561152935028
4622 4726 0.3164880573749542
4625 4623 0.40230515599250793
4626 4614 0.4112999737262726
4627 4775 0.2890011966228485
4631 4581 0.3576900064945221
4634 4691 0.6306061148643494
4635 4757 0.39425793290138245
4639 4574 0.4622191786766052
4640 4601 0.2950645685195923
4641 4602 0.3209485113620758
4643 4745 0.3760676085948944
4644 4746 0.402721643447876
4647 4598 0.373431533575058
4648 4599 0.280684232711792
4649 4600 0.31676796078681946
4650 4629 0.42829570174217224
4651 4778 0.3219469487667084
4652 4758 0.34908971190452576
4653 4759 0.3303019404411316
4655 4744 0.30757272243499756
4662 4742 0.3053247034549713
4663 4590 0.3317968547344208
4665 4787 0.2900471091270447
4666 4788 0.25029057264328003
4669 4777 0.33749598264694214
4670 4782 0.2672865092754364
4676 4613 0.2702273428440094
4679 4622 0.4064682424068451
4680 4662 0.3617362380027771
4681 4675 0.36551645398139954
4682 4795 0.33891060948371887
4683 4792 0.37592849135398865
4684 4804 0.28901663422584534
4690 4647 0.33516925573349
4697 4797 0.3219107389450073
4701 4627 0.43778812885284424
4702 4796 0.32625246047973633
4709 4658 0.2596283555030823
4710 4661 0.3247831463813782
4711 4688 0.33571019768714905
4714 4807 0.32307326793670654
4715 4809 0.33820804953575134
4716 4810 0.41122308373451233
4727 4664 0.3115445077419281
4732 4704 0.3834797739982605
4740 4670 0.25812262296676636
4741 4716 0.31508225202560425
4747 4676 0.28397417068481445
4748 4733 0.30075711011886597
4753 4678 0.3879838287830353
4757 4674 0.31876352429389954
4761 4741 0.3142869770526886
4763 4820 0.5063429474830627
4765 4672 0.375024676322937
4766 4669 0.3109419643878937
4769 4859 0.2784515917301178
4776 4860 0.27641695737838745
4778 4690 0.5883795022964478
4782 4868 0.3021332919597626
4783 4687 0.3631852865219116
4786 4732 0.2900072932243347
4787 4740 0.49224984645843506
4788 4872 0.2517950236797333
4792 4752 0.40021997690200806
4793 4830 0.4292067289352417
4796 4877 0.25999554991722107
4797 4875 0.25601524114608765
4799 4703 0.2635321319103241
4802 4755 0.5008478164672852
4804 4786 0.26453453302383423
4805 4702 0.2694794535636902
4807 4714 0.291940301656723
4808 4764 0.4671153724193573
4809 4765 0.3661723732948303
4811 4766 0.41605299711227417
4812 4767 0.46456488966941833
4816 4800 0.5202969312667847
4817 4731 0.40716037154197693
4818 4725 0.31487858295440674
4820 4823 0.29750362038612366
4822 4816 0.39117488265037537
4823 4739 0.29368194937705994
4824 4819 0.26827555894851685
4828 4828 0.322091281414032
4830 4840 0.26193130016326904
4832 4770 0.29423338174819946
4833 4839 0.3535763919353485
4840 4818 0.26742419600486755
4841 4851 0.3239019215106964
4843 4845 0.36720365285873413
4852 4864 0.4175364077091217
4853 4865 0.3606250286102295
4854 4858 0.3386615216732025
4859 4863 0.3301542401313782
4860 4826 0.3704749345779419
4862 4889 0.33437013626098633
4864 4844 0.3941444158554077
4870 4901 0.3824731707572937
4879 4886 0.31754499673843384
4880 4855 0.45074865221977234
4885 4869 0.3277924656867981
4887 4890 0.29261234402656555
4888 4870 0.3315125107765198
4889 4857 0.2872878611087799
4891 4898 0.29882726073265076
4892 4891 0.3337189853191376
4896 4922 0.3791346549987793
4900 4893 0.400275319814682
4901 4900 0.2627050578594208
4903 4903 0.4230847656726837
4910 4910 0.5690209865570068
4911 4913 0.3720451891422272
4912 4904 0.29346245527267456
4913 4911 0.5479652285575867
4914 4912 0.4086436629295349
4915 4936 0.3013037145137787
4916 4916 0.30932000279426575
4917 4934 0.2801784873008728
4919 4919 0.33100074529647827
4920 4933 0.2696259915828705
4922 4926 0.26864781975746155
4923 4920 0.2986520528793335
4926 4923 0.29068511724472046
4928 4924 0.2764604687690735
4932 4941 0.26614874601364136
4933 4925 0.3290722668170929
4935 4927 0.2753766179084778
4937 4929 0.26472383737564087
4938 4931 0.27538684010505676
4939 4932 0.31844690442085266
4940 4930 0.2891572415828705
4946 4947 0.32757964730262756
4948 4952 0.2815316319465637
4949 4949 0.6708933115005493
