1570
47 34 0.27405408024787903
50 38 0.46461719274520874
58 49 0.3891974985599518
59 53 0.639927327632904
62 55 0.2916828691959381
63 58 0.3707994222640991
66 60 0.367929607629776
73 65 0.42873257398605347
80 77 0.28133973479270935
89 93 0.2572747468948364
95 101 0.28090810775756836
102 111 0.27075642347335815
106 173 0.6981311440467834
208 220 0.2516361176967621
276 283 0.2503165900707245
295 291 0.3087131977081299
318 344 0.2933773994445801
323 348 0.3522442877292633
335 361 0.4312405288219452
339 325 0.2892270088195801
351 357 0.48447591066360474
353 381 0.5235511660575867
359 393 0.2944239675998688
361 359 0.3079698383808136
366 404 0.6095471382141113
369 352 0.28208932280540466
378 555 0.2683897018432617
379 567 0.2596043348312378
380 405 0.3281668722629547
385 400 0.4748344123363495
386 584 0.31259748339653015
389 386 0.3115572929382324
392 374 0.35643619298934937
409 423 0.568450927734375
421 414 0.32380247116088867
423 402 0.2691763937473297
424 430 0.3813117444515228
433 426 0.3003231883049011
435 444 0.280474454164505
441 447 0.2950361669063568
442 448 0.27730995416641235
443 454 0.30912330746650696
446 429 0.2960626780986786
455 624 0.37008294463157654
462 462 0.27034643292427063
466 455 0.4950273931026459
467 456 0.47494810819625854
476 472 0.8792567849159241
478 672 0.3125822842121124
480 471 0.46616214513778687
481 464 0.3804914951324463
483 499 0.37868764996528625
485 493 0.27563199400901794
488 514 0.5106915831565857
495 491 0.3364204168319702
498 500 0.4088054299354553
501 525 0.458059161901474
506 531 0.44222012162208557
509 502 0.3116821050643921
516 533 0.5315667390823364
517 522 0.3424418568611145
518 544 0.3117823004722595
521 520 0.30441147089004517
528 560 0.33583125472068787
529 561 0.32387658953666687
531 556 0.5205932259559631
539 569 0.33011144399642944
540 557 0.4128526449203491
542 577 0.44503653049468994
545 599 0.257187157869339
551 600 0.3057868778705597
552 585 0.3484610617160797
554 576 0.6259947419166565
556 580 0.3208536207675934
557 581 0.35212910175323486
558 582 0.27818483114242554
564 607 0.304737389087677
565 590 0.2574983537197113
570 797 0.40696394443511963
589 618 0.29758986830711365
594 650 0.33861371874809265
597 651 0.31016749143600464
601 642 0.41994163393974304
610 867 0.26127341389656067
622 638 0.4186672270298004
623 664 0.30367007851600647
624 665 0.25082582235336304
625 671 0.2866753339767456
628 666 0.43313899636268616
631 662 0.4070664048194885
632 669 0.46431419253349304
638 589 0.3797418475151062
640 668 0.2746357023715973
643 865 0.6480630040168762
644 705 0.5332626104354858
651 689 0.28831133246421814
655 685 0.3586433529853821
656 680 0.26437339186668396
657 690 0.41213905811309814
658 670 0.2653782367706299
659 932 0.32127493619918823
661 616 0.28805822134017944
663 686 0.3343280553817749
664 679 0.35017237067222595
668 706 0.7026169300079346
669 695 0.3333433270454407
674 688 0.46321338415145874
676 681 0.34842216968536377
678 743 0.27207934856414795
684 654 0.2652345299720764
686 741 0.38578665256500244
688 708 0.4291498363018036
689 728 0.3190764784812927
690 729 0.36523663997650146
693 721 0.3997995853424072
697 746 0.27144956588745117
702 742 0.44661518931388855
706 767 0.30714330077171326
707 760 0.25893327593803406
708 752 0.3700794279575348
712 701 0.6414151191711426
716 768 0.2874739468097687
719 716 0.4824007451534271
723 698 0.28305190801620483
726 757 0.5287021398544312
728 790 0.3296637535095215
731 699 0.34521061182022095
734 785 0.2867852747440338
737 800 0.3997591733932495
738 780 0.2823234498500824
740 714 0.38318875432014465
741 715 0.2834587097167969
744 798 0.26544103026390076
755 806 0.26207098364830017
756 807 0.2532442808151245
757 973 0.6240342855453491
766 816 0.3611912429332733
768 749 0.3407953083515167
769 803 0.5488480925559998
771 809 0.4040415287017822
772 863 0.25010231137275696
781 747 0.2591625452041626
783 755 0.2863359749317169
784 771 0.6521300673484802
787 848 0.28808844089508057
789 1088 0.3105318248271942
793 756 0.5656431913375854
795 847 0.2604087293148041
798 836 0.4158352315425873
809 795 0.4348948001861572
811 862 0.26700955629348755
813 1105 0.254330039024353
820 872 0.2534267008304596
825 861 0.3554524779319763
826 1122 0.30062806606292725
832 815 0.575832188129425
834 891 0.2833316922187805
838 995 0.33790725469589233
841 896 0.2795664668083191
842 1104 0.5307076573371887
843 814 0.37245842814445496
847 1150 0.3470161557197571
862 835 0.25782543420791626
864 929 0.3110140264034271
865 956 0.7232451438903809
868 1207 0.3858506679534912
870 1181 0.25838565826416016
873 832 0.27348074316978455
874 833 0.2600319981575012
876 834 0.26400628685951233
880 1030 0.285890132188797
889 857 0.4228411018848419
895 878 0.5937995314598083
900 855 0.39415794610977173
901 877 0.2774234116077423
902 886 0.43015003204345703
903 887 0.5559573173522949
904 1008 0.2827189862728119
917 1190 0.28827860951423645
920 1224 0.44076627492904663
925 901 0.3049606680870056
933 1028 0.4046589136123657
936 1036 0.4267740845680237
937 1037 0.4693812131881714
939 1244 0.25327882170677185
944 938 0.3116755783557892
945 939 0.3115617632865906
952 953 0.46892932057380676
955 1048 0.27589288353919983
958 1022 0.31483176350593567
963 946 0.2885514795780182
965 952 0.42470216751098633
969 1049 0.2510735094547272
976 936 0.2667158842086792
980 1303 0.29588091373443604
985 971 0.2752169966697693
992 1328 0.2643963396549225
993 1329 0.29194390773773193
1000 972 0.4175073504447937
1001 985 0.3663026690483093
1002 1026 0.32916077971458435
1007 998 0.38251620531082153
1008 999 0.3283810019493103
1011 1086 0.271342933177948
1021 1079 0.3459627330303192
1024 1110 0.6502905488014221
1025 1167 0.32563915848731995
1026 1169 0.3464682102203369
1030 1020 0.4240182340145111
1031 1021 0.4167507290840149
1032 1035 0.333893746137619
1035 1193 0.3306054472923279
1037 1195 0.5143569111824036
1038 1025 0.4020543098449707
1042 1113 0.48204711079597473
1043 1102 0.4328020513057709
1045 1117 0.2586928904056549
1046 1121 0.3401491641998291
1052 1018 0.40568673610687256
1058 1130 0.457805871963501
1069 1044 0.3805510103702545
1070 1114 0.2711959779262543
1073 1131 0.8011490106582642
1075 1225 0.262789249420166
1081 1072 0.38247135281562805
1084 1139 0.2881983518600464
1085 1153 0.5945650935173035
1100 1055 0.28657448291778564
1106 1136 0.316089004278183
1108 1247 0.31583648920059204
1113 1085 0.4488898813724518
1115 1165 0.48670709133148193
1117 1304 0.303801566362381
1123 1273 0.26668256521224976
1125 1163 0.3023298680782318
1126 1164 0.3255205452442169
1127 1189 0.2883869707584381
1132 1069 0.33416613936424255
1133 1070 0.3545454740524292
1134 1071 0.4914163649082184
1138 1177 0.3278406262397766
1139 1178 0.3101266622543335
1140 1179 0.32684198021888733
1143 1272 0.6327778697013855
1155 1094 0.26843348145484924
1156 1068 0.4234185516834259
1158 1101 0.3088589906692505
1160 1204 0.2623550295829773
1175 1205 0.31482964754104614
1176 1206 0.340577632188797
1177 1231 0.25785765051841736
1180 1318 0.2966850697994232
1193 1514 0.7614784836769104
1205 1120 0.3231087028980255
1217 1119 0.3265649676322937
1238 1108 0.2548510730266571
1240 1144 0.435642808675766
1243 1386 0.258409321308136
1244 1377 0.29426342248916626
1249 1143 0.3039896786212921
1251 1266 0.45912933349609375
1254 1388 0.28880447149276733
1259 1142 0.2821024954319
1260 1129 0.4358726143836975
1261 1160 0.6224188208580017
1269 1159 0.2779591679573059
1288 1316 0.2619680166244507
1291 1446 0.3085983991622925
1295 1186 0.34631791710853577
1296 1200 0.4257175922393799
1297 1201 0.34451600909233093
1298 1187 0.2801159918308258
1317 1331 0.2557375431060791
1318 1324 0.25271856784820557
1328 1431 0.32308220863342285
1331 1212 0.30324840545654297
1332 1263 0.27098503708839417
1334 1251 0.40199029445648193
1350 1265 0.2955368459224701
1351 1372 0.26008063554763794
1359 1483 0.3712410032749176
1367 1300 0.2669728994369507
1370 1384 0.25063666701316833
1371 1456 0.28134992718696594
1373 1494 0.3063686192035675
1374 1532 0.25209081172943115
1377 1264 0.311119943857193
1383 1405 0.40571653842926025
1385 1520 0.2676321268081665
1386 1507 0.4466386139392853
1387 1522 0.32885172963142395
1390 1314 0.37086236476898193
1416 1592 0.3608458936214447
1419 1298 0.4340466260910034
1420 1299 0.26057642698287964
1421 1322 0.33118006587028503
1422 1336 0.35848331451416016
1423 1313 0.34063413739204407
1429 1441 0.44759035110473633
1436 1583 0.2724956274032593
1441 1453 0.28536877036094666
1444 1590 0.29271337389945984
1445 1570 0.2868993282318115
1446 1609 0.28991106152534485
1450 1552 0.2785753607749939
1452 1321 0.3526705205440521
1459 1351 0.3569069802761078
1463 1569 0.35446467995643616
1467 1381 0.31325194239616394
1470 1354 0.3162442743778229
1471 1415 0.46692654490470886
1476 1623 0.26019996404647827
1477 1610 0.2668415606021881
1478 1402 0.3336731791496277
1484 1349 0.4227205514907837
1485 1350 0.3693802058696747
1486 1427 0.36556804180145264
1487 1393 0.44658368825912476
1491 1607 0.2722514569759369
1492 1600 0.2764301598072052
1496 1439 0.32047900557518005
1502 1633 0.2577912509441376
1504 1648 0.28657257556915283
1510 1568 0.3284994065761566
1516 1394 0.4290876090526581
1517 1501 0.3400152027606964
1521 1664 0.3093843162059784
1523 1684 0.2630023658275604
1525 1510 0.2664016783237457
1527 1579 0.485990971326828
1533 1466 0.3167305290699005
1534 1527 0.26735201478004456
1541 1546 0.41612839698791504
1544 1696 0.3919927179813385
1546 1438 0.37851181626319885
1547 1490 0.322320818901062
1548 1508 0.270711213350296
1552 1603 0.5646687150001526
1553 1604 0.5311425924301147
1557 1711 0.2920074164867401
1558 1734 0.462750643491745
1560 1535 0.5776852369308472
1565 1723 0.2917596697807312
1568 1500 0.33904802799224854
1569 1479 0.3772684931755066
1570 1480 0.5847368240356445
1575 1647 0.5828121900558472
1580 1499 0.35799679160118103
1581 1465 0.4029602110385895
1582 1533 0.37159520387649536
1583 1534 0.3142261505126953
1584 1542 0.4313795566558838
1585 1543 0.2782641649246216
1586 1544 0.2667883634567261
1587 1545 0.30584725737571716
1593 1764 0.263826847076416
1598 1526 0.3457595407962799
1604 1724 0.2927948832511902
1606 1689 0.3631655275821686
1612 1575 0.31896543502807617
1615 1729 0.2543967366218567
1619 1554 0.2670956552028656
1620 1676 0.2589271068572998
1621 1656 0.2830038368701935
1624 1807 0.30371612310409546
1628 1646 0.26605814695358276
1631 1828 0.370087206363678
1633 1596 0.3490281403064728
1642 1830 0.4027562141418457
1643 1884 0.31303033232688904
1645 1572 0.34057047963142395
1651 1842 0.40437960624694824
1653 1871 0.28502389788627625
1654 1571 0.42393049597740173
1657 1614 0.4273662567138672
1660 1698 0.37365204095840454
1661 1699 0.37285149097442627
1662 1727 0.36937493085861206
1665 1895 0.3350270390510559
1666 1881 0.3403662443161011
1672 1615 0.503422737121582
1677 1709 0.3182328939437866
1679 1747 0.2943459153175354
1684 1613 0.38312482833862305
1689 1778 0.48712223768234253
1690 1779 0.35794970393180847
1691 1894 0.36489686369895935
1693 1883 0.2774956524372101
1695 1918 0.26247918605804443
1696 1611 0.33098211884498596
1698 1595 0.3166097104549408
1699 1666 0.3278365433216095
1700 1612 0.4459916353225708
1701 1653 0.34609538316726685
1703 1691 0.2675188183784485
1704 1760 0.29724013805389404
1705 1923 0.2920469641685486
1708 1652 0.37275299429893494
1709 1641 0.33801424503326416
1715 1776 0.36333319544792175
1717 1940 0.2547069787979126
1725 1917 0.27252471446990967
1729 1941 0.2715943157672882
1730 1651 0.2679004967212677
1731 1638 0.41808387637138367
1733 1639 0.33210107684135437
1734 1697 0.3422276973724365
1735 1687 0.28950464725494385
1740 1788 0.30728742480278015
1742 1851 0.31689488887786865
1743 1978 0.2678167223930359
1750 1777 0.3229389786720276
1754 1686 0.2688487768173218
1757 1717 0.34196799993515015
1758 1718 0.27403736114501953
1761 1814 0.26251548528671265
1762 1798 0.2678440511226654
1763 1759 0.37574782967567444
1767 1966 0.4015098214149475
1772 1799 0.4169113039970398
1773 1758 0.3334721028804779
1775 2021 0.304708331823349
1777 1993 0.2943074703216553
1781 1838 0.28415647149086
1783 2084 0.2689354419708252
1786 1715 0.3122878968715668
1787 1725 0.4204317033290863
1790 1822 0.40505853295326233
1792 1990 0.3076322674751282
1802 1868 0.3591379225254059
1803 1815 0.286739319562912
1805 2066 0.2842724919319153
1809 1766 0.5242981910705566
1810 1869 0.29575395584106445
1811 2049 0.2955072522163391
1812 1934 0.2700328230857849
1813 2010 0.2719167172908783
1821 2079 0.2770836651325226
1822 2064 0.3257913589477539
1823 2065 0.2551382780075073
1827 2114 0.373814195394516
1828 1756 0.4843294620513916
1834 1867 0.28476089239120483
1836 1949 0.3788028657436371
1837 2017 0.3576992154121399
1839 2082 0.6289526224136353
1840 2130 0.3154454529285431
1841 2117 0.2634735703468323
1846 1878 0.31318262219429016
1847 1880 0.34553802013397217
1848 1914 0.32599711418151855
1849 2080 0.2781771421432495
1850 2081 0.29277199506759644
1851 2116 0.2698237895965576
1852 1920 0.5323302149772644
1853 1773 0.28295472264289856
1856 1860 0.2624521255493164
1860 2078 0.34116634726524353
1862 2109 0.2982976734638214
1863 2110 0.2672974467277527
1876 1972 0.3974289894104004
1877 1912 0.2642899453639984
1878 2171 0.2543472647666931
1880 2129 0.3248581290245056
1881 1819 0.6115769743919373
1882 1797 0.4709159731864929
1884 1947 0.2968200743198395
1886 1913 0.3683129847049713
1896 2172 0.26423022150993347
1898 2183 0.3249616026878357
1899 1836 0.3903334438800812
1904 1989 0.36833545565605164
1905 2006 0.4940662086009979
1907 2155 0.3353537321090698
1908 2185 0.26381123065948486
1909 1900 0.41038742661476135
1915 2177 0.3019898235797882
1917 2226 0.35085830092430115
1924 2196 0.28071555495262146
1926 2222 0.2579931616783142
1931 1937 0.3688208758831024
1932 1988 0.36758556962013245
1933 2206 0.27649420499801636
1937 1919 0.3931150734424591
1943 1866 0.2821877896785736
1950 2313 0.2747375965118408
1967 1944 0.2862931191921234
1971 1961 0.2862628102302551
1976 2063 0.4740114212036133
1977 2045 0.26197028160095215
1978 2094 0.343545526266098
1980 2314 0.27876245975494385
1981 2252 0.2834598124027252
1988 2303 0.2838360667228699
1999 2329 0.4617103040218353
2005 1958 0.35735177993774414
2009 2013 0.4921005964279175
2011 2076 0.403706818819046
2013 2365 0.26254475116729736
2014 2366 0.31760770082473755
2024 2439 0.3674267828464508
2026 1980 0.34253135323524475
2028 2061 0.27760419249534607
2031 2349 0.3553812801837921
2032 2367 0.3057463467121124
2034 2001 0.49152088165283203
2036 2043 0.2575909495353699
2038 2060 0.29658380150794983
2039 2073 0.32170847058296204
2040 2074 0.28123003244400024
2041 2062 0.3654087483882904
2043 2142 0.3848283290863037
2046 2456 0.3867248594760895
2048 2091 0.3058224618434906
2050 2093 0.5465956926345825
2052 2279 0.32095155119895935
2055 2416 0.3854060471057892
2059 2125 0.3011951446533203
2060 2126 0.25108930468559265
2065 2466 0.3798084855079651
2066 2514 0.5631135106086731
2070 2417 0.30471065640449524
2072 2471 0.3256683349609375
2075 2219 0.41162368655204773
2076 2202 0.49394747614860535
2077 2293 0.2561739981174469
2079 2470 0.347200870513916
2080 2437 0.26748183369636536
2081 2438 0.285729318857193
2085 2238 0.25983569025993347
2086 2203 0.27810102701187134
2091 2515 0.3086914122104645
2093 2516 0.25311413407325745
2095 2454 0.39602190256118774
2098 2123 0.4729475677013397
2103 2124 0.43674349784851074
2106 2141 0.26019027829170227
2108 2248 0.38689640164375305
2112 2522 0.2510969638824463
2115 2166 0.35223957896232605
2116 2153 0.3016067445278168
2120 2104 0.29457002878189087
2121 2278 0.2820465564727783
2128 2521 0.27334803342819214
2129 2556 0.3094453811645508
2130 2533 0.3402062654495239
2134 2151 0.2986178696155548
2135 2237 0.5173884630203247
2136 2292 0.30218371748924255
2137 2467 0.2524625062942505
2138 2508 0.3135104477405548
2139 2555 0.557604968547821
2144 2103 0.26662278175354004
2145 2150 0.258158802986145
2146 2169 0.3278781473636627
2149 2609 0.32077378034591675
2151 2519 0.39532119035720825
2157 2175 0.42775198817253113
2158 2291 0.3752633035182953
2160 2621 0.2843538224697113
2161 2507 0.301323264837265
2166 2162 0.5965034365653992
2167 2173 0.2933933436870575
2168 2190 0.2675713896751404
2169 2194 0.45002490282058716
2171 2290 0.2939203977584839
2174 2587 0.25523343682289124
2181 2163 0.26660627126693726
2184 2265 0.3132268488407135
2185 2531 0.3416289985179901
2186 2628 0.4828716218471527
2187 2192 0.3124886751174927
2188 2572 0.4310534596443176
2191 2590 0.29293566942214966
2194 2642 0.39879196882247925
2195 2643 0.37854212522506714
2199 2229 0.4396344721317291
2201 2217 0.3062891662120819
2202 2342 0.31897425651550293
2203 2675 0.3526900112628937
2204 2571 0.32054778933525085
2205 2548 0.32696542143821716
2206 2678 0.3106752038002014
2208 2588 0.2994280457496643
2212 2180 0.3133905827999115
2213 2181 0.3021450936794281
2214 2199 0.26979705691337585
2215 2200 0.2667723298072815
2217 2189 0.2662639915943146
2219 2231 0.5040890574455261
2220 2232 0.42533692717552185
2221 2233 0.4967753291130066
2222 2236 0.41573449969291687
2223 2322 0.3101547658443451
2227 2611 0.3197859823703766
2236 2230 0.2671700417995453
2237 2381 0.45788314938545227
2238 2481 0.2672775685787201
2239 2624 0.2664873003959656
2242 2216 0.3646971583366394
2244 2228 0.3060304820537567
2246 2264 0.3063589930534363
2247 2323 0.3022664487361908
2250 2655 0.5269649624824524
2252 2657 0.47551870346069336
2253 2640 0.2666507661342621
2255 2679 0.2907608151435852
2257 2304 0.3418467044830322
2258 2357 0.2668713331222534
2260 2755 0.31963321566581726
2265 2245 0.2861407995223999
2273 2745 0.3984540104866028
2276 2277 0.350604772567749
2279 2311 0.3432471752166748
2280 2395 0.35173270106315613
2281 2720 0.37235578894615173
2284 2709 0.2796240746974945
2288 2339 0.541769802570343
2289 2340 0.5747831463813782
2290 2391 0.7220122814178467
2291 2393 0.30695879459381104
2292 2433 0.49612101912498474
2295 2739 0.35077300667762756
2297 2706 0.2848048806190491
2299 2622 0.2705705463886261
2306 2392 0.4184943735599518
2307 2718 0.3623729348182678
2308 2719 0.4408104121685028
2311 2353 0.4001566171646118
2312 2762 0.4562903344631195
2316 2786 0.3535265028476715
2317 2741 0.2927524447441101
2321 2754 0.26662102341651917
2325 2305 0.3535376191139221
2326 2335 0.32664597034454346
2327 2307 0.30737417936325073
2329 2380 0.3424062728881836
2330 2346 0.433271586894989
2331 2491 0.4161609411239624
2332 2506 0.26240283250808716
2335 2725 0.25984758138656616
2338 2802 0.3483975827693939
2345 2352 0.31278055906295776
2347 2740 0.28782975673675537
2350 2284 0.252969354391098
2353 2606 0.29498016834259033
2355 2799 0.2577234208583832
2356 2787 0.45423537492752075
2358 2768 0.25766074657440186
2359 2742 0.6031936407089233
2364 2376 0.2543448209762573
2365 2528 0.37763455510139465
2370 2798 0.2705313563346863
2371 2763 0.33468055725097656
2372 2767 0.28252464532852173
2374 2388 0.35434502363204956
2377 2400 0.2549806535243988
2378 2446 0.2724815905094147
2387 2431 0.40093663334846497
2388 2502 0.4249371588230133
2389 2394 0.3777945041656494
2391 2811 0.27107834815979004
2395 2089 0.40960854291915894
2396 2445 0.3904123604297638
2400 2505 0.3003518283367157
2402 2512 0.3286319673061371
2403 2582 0.31591328978538513
2406 2635 0.3305584490299225
2407 2688 0.2713843286037445
2408 2810 0.4828808307647705
2411 2869 0.29853731393814087
2413 2427 0.3847365975379944
2414 2412 0.3310054540634155
2415 2462 0.3965090215206146
2417 2674 0.31179121136665344
2418 2828 0.2523573338985443
2423 2478 0.43345633149147034
2424 2853 0.28562960028648376
2427 2848 0.27888476848602295
2431 2867 0.4819110333919525
2432 2889 0.4429803192615509
2436 2429 0.25549131631851196
2437 2490 0.4109772741794586
2441 2672 0.2613676190376282
2444 2695 0.4525253474712372
2445 2847 0.6437634229660034
2447 2854 0.3759152293205261
2449 2898 0.3185668885707855
2453 2902 0.3348347544670105
2456 2488 0.532374918460846
2457 2499 0.3313911259174347
2458 2500 0.39810875058174133
2460 2511 0.29377102851867676
2467 2498 0.5262097120285034
2469 2535 0.2535330653190613
2471 2526 0.402627170085907
2472 2604 0.2714907228946686
2473 2567 0.32427218556404114
2475 2633 0.27068206667900085
2480 2919 0.2737521231174469
2481 2900 0.28086230158805847
2482 2887 0.29507696628570557
2484 2882 0.4106215536594391
2486 2541 0.25393378734588623
2487 2724 0.2898494005203247
2492 2536 0.2801916003227234
2493 2539 0.3687111735343933
2496 2888 0.6585297584533691
2501 2428 0.3348488211631775
2502 2538 0.4817906618118286
2503 2705 0.29440656304359436
2506 2955 0.28739774227142334
2507 2785 0.25743380188941956
2509 2954 0.48310884833335876
2510 2962 0.32953330874443054
2511 2566 0.3997225761413574
2514 2670 0.5691283941268921
2516 2976 0.3035438358783722
2520 2595 0.36005184054374695
2521 2682 0.4365486204624176
2522 2605 0.3232726752758026
2523 2669 0.43837636709213257
2526 2927 0.33753105998039246
2527 2946 0.29348260164260864
2530 2977 0.28312182426452637
2536 2944 0.328219473361969
2541 2602 0.33832934498786926
2542 2603 0.38183683156967163
2543 2581 0.3164062798023224
2544 2692 0.2774401009082794
2545 2648 0.2790888547897339
2547 2943 0.5115670561790466
2548 2926 0.31919488310813904
2550 3004 0.31676435470581055
2554 2685 0.2578180432319641
2556 2796 0.3023281395435333
2560 2953 0.29089033603668213
2561 3032 0.33842164278030396
2564 2808 0.2659807801246643
2567 2988 0.27457258105278015
2569 2973 0.26539167761802673
2572 3002 0.2884485721588135
2573 2997 0.4654269814491272
2574 3034 0.38120919466018677
2579 2645 0.3343220055103302
2581 2684 0.3526086211204529
2583 2668 0.3120396137237549
2585 2990 0.33385396003723145
2587 3046 0.30789700150489807
2590 2703 0.466464102268219
2596 2974 0.26366308331489563
2597 2975 0.2580229341983795
2600 2666 0.35025185346603394
2601 2691 0.7463856339454651
2603 2971 0.377562552690506
2605 2995 0.2607874870300293
2606 3003 0.4685792922973633
2611 3093 0.2751660645008087
2617 2689 0.4383466839790344
2618 2690 0.3040638864040375
2622 2806 0.32815685868263245
2625 3000 0.2620472311973572
2629 3092 0.4411514699459076
2632 3075 0.3813357353210449
2638 3029 0.2595894932746887
2639 3045 0.32827267050743103
2643 2733 0.2934728264808655
2644 2702 0.36864715814590454
2645 2736 0.28071045875549316
2649 3065 0.31901898980140686
2650 3044 0.34785112738609314
2652 3090 0.263254314661026
2667 3043 0.25588488578796387
2668 3058 0.29537343978881836
2669 3091 0.31992965936660767
2670 3113 0.25429803133010864
2671 3114 0.29907873272895813
2673 2422 0.35865291953086853
2676 3066 0.39487168192863464
2677 3088 0.45289143919944763
2679 3057 0.2784104347229004
2680 3070 0.2652226388454437
2681 3072 0.3405405879020691
2682 3073 0.4332141578197479
2689 2735 0.3709263801574707
2690 2758 0.8728345632553101
2694 3069 0.32237616181373596
2697 2804 0.2963968813419342
2698 2805 0.26416823267936707
2699 2756 0.5528215169906616
2700 2778 0.28728073835372925
2704 3096 0.2526848316192627
2706 3140 0.30075252056121826
2707 3263 0.3508251905441284
2710 2734 0.33402910828590393
2714 3100 0.31882402300834656
2715 3124 0.2888890504837036
2719 3161 0.30635955929756165
2723 2777 0.28498828411102295
2728 3174 0.27181509137153625
2729 3155 0.2864157259464264
2737 2907 0.3907516896724701
2739 3099 0.3754540979862213
2743 2485 0.2844406068325043
2744 2871 0.3510400354862213
2745 2776 0.3322601020336151
2746 3173 0.3317303955554962
2747 3126 0.43070951104164124
2751 3160 0.3645817041397095
2753 3177 0.5463424324989319
2756 2803 0.3505171835422516
2757 2817 0.2559131979942322
2763 3206 0.2965317666530609
2766 2906 0.25523269176483154
2768 3156 0.39313268661499023
2770 3234 0.3081916570663452
2771 3235 0.5170377492904663
2775 2816 0.3703484535217285
2777 3176 0.2923562824726105
2783 2941 0.468346506357193
2784 3199 0.6732911467552185
2785 3185 0.4640999436378479
2787 3223 0.4832719564437866
2789 3205 0.25466060638427734
2790 3245 0.3033166825771332
2793 2558 0.2717946171760559
2795 2832 0.30086642503738403
2796 2872 0.324260413646698
2799 3221 0.3353917896747589
2800 3232 0.4225021302700043
2802 3201 0.4553999900817871
2803 3233 0.44996052980422974
2806 2564 0.25352388620376587
2808 2918 0.33508551120758057
2809 3064 0.3494940996170044
2810 3222 0.46488532423973083
2812 3184 0.3665224611759186
2813 3274 0.28910401463508606
2815 2881 0.31105318665504456
2816 2970 0.3940812647342682
2818 3290 0.3266235291957855
2819 3257 0.416858434677124
2828 2950 0.5074548125267029
2832 3261 0.38769271969795227
2833 3262 0.475033700466156
2835 3319 0.29023969173431396
2838 2577 0.26932093501091003
2839 2565 0.30367007851600647
2840 2891 0.2888830006122589
2841 2924 0.2795734107494354
2845 3087 0.3329782783985138
2848 3298 0.28811702132225037
2853 2923 0.3554697632789612
2854 3170 0.41582491993904114
2855 3291 0.3662988245487213
2856 2914 0.27620142698287964
2857 3015 0.25552642345428467
2862 3315 0.8834602236747742
2865 3095 0.4801197052001953
2867 3307 0.41186949610710144
2868 3296 0.5893718600273132
2869 3332 0.3246116042137146
2871 2949 0.3332308232784271
2872 3153 0.3612291216850281
2874 3317 0.3269520103931427
2877 3309 0.3669964075088501
2878 3310 0.3577711880207062
2879 3336 0.3210764527320862
2886 2939 0.25027886033058167
2887 3086 0.4203166663646698
2888 3302 0.3479015529155731
2890 3337 0.3488204777240753
2891 3122 0.3082042932510376
2892 3349 0.38776668906211853
2895 3012 0.4751832187175751
2896 2983 0.273465096950531
2898 3109 0.35614433884620667
2900 3220 0.36717912554740906
2901 3308 0.48621857166290283
2910 3023 0.2585882842540741
2912 2987 0.2516181170940399
2915 3108 0.3684369921684265
2916 3330 0.3123718798160553
2917 3331 0.2759612798690796
2919 3368 0.2959938049316406
2920 3391 0.4029752016067505
2923 3152 0.2737247049808502
2926 3329 0.3114708364009857
2927 3376 0.4727054238319397
2928 3326 0.3803376853466034
2931 3138 0.3332127034664154
2934 3378 0.28129199147224426
2935 3367 0.28804200887680054
2940 3051 0.369370698928833
2941 3026 0.25350597500801086
2943 3013 0.30090370774269104
2946 3335 0.29474368691444397
2947 3365 0.45687294006347656
2949 3130 0.4051353931427002
2950 3197 0.3494124710559845
2953 3281 0.37808752059936523
2954 3334 0.31545358896255493
2955 3348 0.267056941986084
2961 3379 0.38570350408554077
2962 3413 0.26273638010025024
2964 3084 0.44437745213508606
2967 3410 0.31794288754463196
2968 3361 0.4715491831302643
2970 3411 0.42107093334198
2974 3377 0.4122105836868286
2982 3362 0.6129760146141052
2983 3422 0.2998635470867157
2989 3260 0.3311390280723572
2991 3395 0.44957876205444336
2992 3423 0.32476890087127686
2993 3424 0.32991883158683777
2996 3439 0.33665794134140015
3000 3434 0.4006151854991913
3003 3137 0.5390146970748901
3004 3255 0.4871905446052551
3014 3288 0.34284836053848267
3015 3300 0.3027843236923218
3018 3426 0.8866254091262817
3022 3440 0.46418845653533936
3027 3181 0.37360072135925293
3028 3217 0.5278235673904419
3030 3452 0.26102834939956665
3032 3306 0.4256359934806824
3041 3455 0.4381560981273651
3044 3231 0.4108275771141052
3046 3453 0.413484662771225
3051 3482 0.3468262553215027
3055 3463 0.5423151850700378
3056 3494 0.2788645625114441
3060 3356 0.5408127307891846
3061 3305 0.40559273958206177
3064 3347 0.3762182593345642
3067 3526 0.2759481370449066
3068 3480 0.35060644149780273
3069 3481 0.375534325838089
3070 3521 0.2872084081172943
3072 3533 0.30515530705451965
3074 3512 0.320356160402298
3075 3534 0.3031850755214691
3076 3551 0.4933731257915497
3084 3519 0.30703142285346985
3089 3520 0.35569527745246887
3092 2911 0.4753536581993103
3096 3323 0.3543514609336853
3099 3486 0.3075037896633148
3100 3558 0.49302035570144653
3101 3566 0.2768791913986206
3103 2958 0.28090864419937134
3104 2963 0.276042640209198
3113 3516 0.33032840490341187
3116 3419 0.37360072135925293
3118 3554 0.2550448477268219
3119 3531 0.35674193501472473
3121 3557 0.5583409070968628
3122 2935 0.3195905387401581
3127 3528 0.26015034317970276
3129 3564 0.45705074071884155
3134 3324 0.6406216025352478
3144 3549 0.3802706003189087
3146 3586 0.31562691926956177
3155 3390 0.33937734365463257
3156 3548 0.27716609835624695
3157 3622 0.3300623297691345
3159 3346 0.26620712876319885
3162 3579 0.26727095246315
3170 3647 0.25602206587791443
3171 3599 0.360702782869339
3172 3595 0.3305644392967224
3173 3607 0.3257099688053131
3184 3619 0.2813558280467987
3186 3630 0.3453107178211212
3188 3037 0.307146817445755
3191 3374 0.3331910967826843
3194 3659 0.41411292552948
3195 3038 0.28288188576698303
3198 3254 0.26005831360816956
3204 3679 0.29419243335723877
3205 3629 0.3229374289512634
3208 3683 0.2679242789745331
3209 3641 0.3549785315990448
3210 3642 0.45165398716926575
3226 3617 0.6386184096336365
3236 3649 0.33800846338272095
3237 3684 0.34175413846969604
3241 3285 0.5919263362884521
3242 3451 0.3715144097805023
3250 3727 0.32961973547935486
3252 3707 0.2756461799144745
3255 3094 0.3094318211078644
3258 3461 0.6010724306106567
3263 3524 0.2529565691947937
3265 3706 0.2591417729854584
3267 3167 0.26700422167778015
3273 3682 0.41543644666671753
3275 3704 0.2836880385875702
3276 3705 0.25507089495658875
3279 3754 0.25411257147789
3280 3772 0.32229164242744446
3283 3563 0.442751407623291
3284 3574 0.6386464238166809
3291 3740 0.2686726748943329
3301 3752 0.2992793023586273
3302 3739 0.3140811324119568
3308 3725 0.3253864645957947
3309 3726 0.5871670842170715
3311 3751 0.41617006063461304
3319 3387 0.4414157569408417
3323 3783 0.2760033905506134
3324 3802 0.2646622359752655
3325 3784 0.25640594959259033
3328 3146 0.34577998518943787
3329 3178 0.28071099519729614
3336 3750 0.4261254072189331
3337 3801 0.3329601585865021
3338 3767 0.4568215012550354
3339 3811 0.5130728483200073
3341 3882 0.2875581383705139
3343 3133 0.33044499158859253
3351 3821 0.3257658779621124
3354 3905 0.26906704902648926
3355 3145 0.30630260705947876
3359 3460 0.3306249976158142
3362 3799 0.2784985899925232
3363 3800 0.43730199337005615
3364 3827 0.26840940117836
3365 3828 0.2818010747432709
3366 3769 0.3040308356285095
3368 3934 0.38533326983451843
3376 3576 0.3114972710609436
3377 3810 0.32812994718551636
3378 3768 0.2675652503967285
3379 3813 0.3509894907474518
3385 3239 0.27118873596191406
3393 3484 0.34765347838401794
3394 3477 0.45119377970695496
3395 3837 0.25894710421562195
3396 3932 0.2933482825756073
3397 3933 0.25856882333755493
3404 3592 0.539203405380249
3406 3598 0.2780262231826782
3408 3904 0.3177758455276489
3409 3916 0.6182245016098022
3410 3982 0.3338466286659241
3416 3515 0.5105746984481812
3419 3677 0.8439737558364868
3420 3901 0.4016503691673279
3422 3826 0.39010047912597656
3423 3834 0.46762171387672424
3424 3835 0.4260197579860687
3425 3809 0.3140098452568054
3426 3880 0.34602344036102295
3428 3903 0.46124470233917236
3429 4017 0.300167977809906
3431 3369 0.3857976794242859
3433 3514 0.5353987812995911
3435 3666 0.3788411617279053
3436 3678 0.25179117918014526
3438 3615 0.34886208176612854
3449 3711 0.35959887504577637
3451 3949 0.25152191519737244
3452 4039 0.3785991668701172
3455 3277 0.29234734177589417
3456 3547 0.41390326619148254
3457 3628 0.3212994635105133
3458 4046 0.25956323742866516
3461 3881 0.2552390396595001
3463 3238 0.2563455402851105
3466 3914 0.4638742506504059
3471 3964 0.5087102651596069
3476 4037 0.40517210960388184
3479 4063 0.28418031334877014
3483 3718 0.29201075434684753
3484 3710 0.3110448718070984
3485 4013 0.6416739225387573
3486 3928 0.32282719016075134
3487 3929 0.2991181015968323
3488 3998 0.2635532319545746
3490 4000 0.26391518115997314
3494 4070 0.3078206777572632
3497 3654 0.406863808631897
3499 3703 0.3179771304130554
3501 3963 0.4143270254135132
3502 4035 0.37438324093818665
3504 4016 0.2653559744358063
3505 4082 0.2843199372291565
3506 4062 0.2833230495452881
3507 4083 0.2519259452819824
3509 4104 0.30387169122695923
3511 3292 0.2836969792842865
3515 3794 0.3889637291431427
3516 3978 0.29626208543777466
3525 3782 0.2614169716835022
3526 4015 0.37237459421157837
3530 3690 0.2606273591518402
3531 3691 0.3293972611427307
3533 3962 0.3591279685497284
3535 3976 0.37775522470474243
3542 3467 0.25495511293411255
3546 3779 0.3016582429409027
3552 4044 0.3879745602607727
3553 4045 0.3650423288345337
3557 3732 0.35775890946388245
3558 3733 0.3952638804912567
3559 3734 0.27886244654655457
3561 3762 0.3222624361515045
3563 4059 0.3539330065250397
3564 4060 0.38748350739479065
3573 3640 0.304555207490921
3574 3730 0.3679359257221222
3580 3781 0.3049851059913635
3581 4101 0.47745177149772644
3583 4155 0.5599160194396973
3585 4168 0.3172510862350464
3587 3499 0.2778632342815399
3590 3847 0.2766260802745819
3594 3749 0.2549979090690613
3595 4102 0.3587661385536194
3596 4103 0.37175577878952026
3599 3417 0.29792580008506775
3604 3797 0.2790880501270294
3606 3385 0.28360554575920105
3610 3673 0.3618273138999939
3611 3645 0.2695162296295166
3615 3646 0.40345433354377747
3620 4133 0.3723522126674652
3623 3676 0.39114055037498474
3624 3896 0.5433318614959717
3625 3857 0.3479715585708618
3629 4111 0.25321507453918457
3630 4131 0.27637532353401184
3631 3442 0.2877781391143799
3633 3815 0.37356865406036377
3636 4293 0.3219374418258667
3637 4213 0.26482632756233215
3638 4214 0.4384687542915344
3639 3384 0.3488697111606598
3640 3396 0.27460452914237976
3653 3816 0.31148064136505127
3655 3824 0.3308057188987732
3656 3958 0.470083624124527
3657 3858 0.28832757472991943
3662 4165 0.5059264302253723
3663 4181 0.3179531991481781
3665 4212 0.26058709621429443
3667 4235 0.30305933952331543
3668 4236 0.35291677713394165
3670 3403 0.2648538649082184
3671 3404 0.3036026060581207
3674 3790 0.2669232487678528
3675 3761 0.38462433218955994
3678 3994 0.32484790682792664
3680 4179 0.27207857370376587
3682 4210 0.31752926111221313
3684 4258 0.2633567452430725
3685 3483 0.28567400574684143
3687 3894 0.34532061219215393
3688 3895 0.2924555540084839
3689 3972 0.2797582447528839
3690 3973 0.6725012063980103
3691 4031 0.3103281557559967
3693 4209 0.25537392497062683
3694 4195 0.2635122537612915
3695 4223 0.3826253116130829
3696 4224 0.3665710389614105
3698 3877 0.3094961643218994
3699 4211 0.45275628566741943
3700 4249 0.46009278297424316
3703 4250 0.2547626197338104
3707 4276 0.41626930236816406
3708 3470 0.3938663601875305
3709 3471 0.482240229845047
3715 3910 0.47411811351776123
3716 3942 0.29804572463035583
3717 3943 0.2756677567958832
3718 3944 0.3696378171443939
3722 3841 0.31781160831451416
3723 3892 0.31567084789276123
3724 3925 0.2953813076019287
3726 3897 0.2697821259498596
3733 4321 0.31341537833213806
3734 4274 0.2605789005756378
3737 3441 0.26751193404197693
3739 3891 0.2904692590236664
3742 3992 0.28770020604133606
3743 3993 0.29135286808013916
3746 4345 0.29169538617134094
3750 3446 0.2854509651660919
3751 4028 0.31925728917121887
3756 3960 0.25661778450012207
3757 4291 0.48618844151496887
3758 4292 0.4968511462211609
3759 4381 0.381292462348938
3766 3814 0.494296669960022
3768 4029 0.3076803684234619
3770 4056 0.3209986984729767
3771 3974 0.2780736982822418
3772 3995 0.34537264704704285
3776 4322 0.28417572379112244
3777 4335 0.42849141359329224
3778 4336 0.3410954177379608
3780 4387 0.2840941548347473
3781 3537 0.37577900290489197
3784 4437 0.4859798550605774
3785 3536 0.3554460406303406
3787 3538 0.2503877282142639
3788 3874 0.3973812162876129
3790 3922 0.2564179301261902
3792 4055 0.3789423406124115
3802 4449 0.5221096873283386
3804 3923 0.3440140187740326
3805 4027 0.3618218004703522
3808 4560 0.34078067541122437
3809 4478 0.2530287206172943
3813 3604 0.293424129486084
3817 3969 0.25271907448768616
3819 4074 0.4299314320087433
3821 4379 0.3036118745803833
3822 4380 0.6341449618339539
3823 4475 0.3487752377986908
3825 3545 0.25958776473999023
3830 3590 0.3045755624771118
3831 3853 0.2959192991256714
3832 4026 0.2865608036518097
3835 4067 0.5081764459609985
3839 4447 0.3598170578479767
3840 4459 0.26762855052948
3841 4413 0.3695123493671417
3844 3644 0.26470234990119934
3846 3968 0.2724155783653259
3850 4088 0.37306952476501465
3852 4230 0.2623447775840759
3855 4436 0.4785001873970032
3856 4448 0.6473051309585571
3857 4477 0.25604355335235596
3862 4008 0.3490021526813507
3863 4098 0.39711111783981323
3866 3589 0.40520378947257996
3868 3907 0.301423579454422
3869 4118 0.2512287199497223
3870 4122 0.2831563949584961
3873 4549 0.5255221128463745
3874 4550 0.4679335355758667
3875 4610 0.2650355398654938
3876 3587 0.35986611247062683
3878 4007 0.31840622425079346
3880 4108 0.26092877984046936
3881 4119 0.4371827244758606
3882 4128 0.2757968604564667
3883 4120 0.2722156047821045
3885 4153 0.5994049310684204
3888 4494 0.4862886071205139
3890 4521 0.28667151927948
3891 4532 0.4744455814361572
3894 3588 0.3541967272758484
3897 4043 0.26248466968536377
3901 3686 0.8745618462562561
3902 3955 0.270547091960907
3903 4025 0.4338628947734833
3905 4096 0.3156973421573639
3906 4127 0.3640282452106476
3911 4507 0.31889426708221436
3912 4510 0.38734719157218933
3913 4519 0.36360323429107666
3914 4520 0.4024970233440399
3919 4559 0.31097695231437683
3922 3987 0.4814700484275818
3926 4193 0.3117496073246002
3936 4150 0.4019649922847748
3939 4190 0.26059356331825256
3949 4076 0.3388550281524658
3950 4162 0.3367195725440979
3952 4203 0.2781193256378174
3955 4587 0.41706281900405884
3956 4042 0.4168238639831543
3957 4095 0.5880821943283081
3961 4191 0.30888137221336365
3962 4192 0.37902364134788513
3970 4219 0.25218507647514343
3972 4240 0.3562856614589691
3973 4242 0.30562594532966614
3974 4243 0.3196222484111786
3980 4598 0.30979087948799133
3981 4609 0.3425084948539734
3984 3662 0.29638078808784485
3985 4262 0.2853366434574127
3994 4072 0.4188888669013977
4002 3652 0.428687185049057
4004 3743 0.477306991815567
4005 3744 0.4175790250301361
4016 4139 0.6127527356147766
4023 4674 0.4386858344078064
4026 4148 0.41950932145118713
4027 4116 0.5066893100738525
4035 4138 0.5818769335746765
4045 4147 0.5524889826774597
4052 4315 0.32782092690467834
4056 4331 0.2921578288078308
4063 4229 0.3957844078540802
4069 4329 0.483529657125473
4072 3741 0.26853692531585693
4073 3830 0.2880999743938446
4088 4261 0.38251620531082153
4090 4406 0.30154719948768616
4092 4384 0.39127039909362793
4097 4719 0.27942681312561035
4103 4366 0.40984299778938293
4105 4409 0.854751706123352
4106 4427 0.29508426785469055
4111 4709 0.30046984553337097
4116 4202 0.41668713092803955
4120 4741 0.2577347159385681
4130 4299 0.30332592129707336
4131 4367 0.33338814973831177
4132 4349 0.27206456661224365
4133 4424 0.3076219856739044
4134 4425 0.4588623344898224
4136 4568 0.25062257051467896
4138 3869 0.2794918417930603
4144 4445 0.4279915392398834
4148 4238 0.31094464659690857
4152 4313 0.9459091424942017
4159 4472 0.35624420642852783
4160 4489 0.3525615632534027
4161 4502 0.3602771461009979
4174 4503 0.35732826590538025
4180 3952 0.3208915889263153
4183 4383 0.35114586353302
4184 4457 0.2578824758529663
4185 4490 0.4278152287006378
4186 4279 0.26703783869743347
4189 4282 0.27000629901885986
4190 4283 0.27938738465309143
4191 4298 0.3949059247970581
4192 4340 0.4352126121520996
4195 4500 0.31144648790359497
4196 4542 0.31533628702163696
4203 4501 0.3045834004878998
4204 4527 0.2991101145744324
4209 4375 0.4921644330024719
4211 4469 0.2572016417980194
4213 4065 0.3542352318763733
4216 4328 0.28984829783439636
4218 4470 0.30098092555999756
4222 4086 0.29337823390960693
4223 4404 0.3537747263908386
4225 4605 0.2773771286010742
4230 4420 0.4001970589160919
4232 4515 0.2907663583755493
4236 4085 0.2963239848613739
4238 4365 0.3066738247871399
4240 4499 0.28918731212615967
4241 4557 0.3317870497703552
4243 4541 0.25456541776657104
4244 4578 0.3537716865539551
4245 4564 0.3247819244861603
4246 4579 0.3951251804828644
4253 4456 0.31219765543937683
4255 4567 0.40365099906921387
4260 4048 0.384906142950058
4263 4526 0.28676584362983704
4264 4514 0.2667466402053833
4266 4616 0.4039953052997589
4267 4634 0.31268543004989624
4268 4106 0.4040985703468323
4269 4092 0.39556631445884705
4272 4403 0.27865004539489746
4273 4488 0.2710868716239929
4275 4633 0.27877575159072876
4277 4649 0.3471134603023529
4278 4658 0.27603235840797424
4283 4539 0.2602701783180237
4285 4614 0.3242545425891876
4289 4442 0.507987916469574
4291 4563 0.2540946304798126
4292 4630 0.2510996162891388
4295 4642 0.3989403247833252
4296 4643 0.25403285026550293
4300 4071 0.30146899819374084
4302 4704 0.2731299102306366
4303 4158 0.43646204471588135
4304 4159 0.3685406744480133
4305 4160 0.386968731880188
4306 4173 0.2759328782558441
4309 4485 0.30131953954696655
4311 4487 0.3253079652786255
4321 4562 0.3650388717651367
4322 4574 0.2540645897388458
4323 4592 0.267082154750824
4327 4655 0.3022814095020294
4328 4667 0.3675774931907654
4332 4091 0.4382651746273041
4334 4419 0.261831134557724
4336 4589 0.32722246646881104
4337 4590 0.31361061334609985
4338 4591 0.3224441111087799
4339 4654 0.27022242546081543
4344 4199 0.43520304560661316
4347 4525 0.2602168321609497
4364 4672 0.5057879686355591
4365 4692 0.35278385877609253
4372 4686 0.373451828956604
4375 4694 0.36275845766067505
4378 4554 0.25480321049690247
4380 4714 0.36840537190437317
4383 4156 0.26213544607162476
4388 4572 0.25801482796669006
4391 4682 0.2620357275009155
4392 4727 0.3406978249549866
4393 4760 0.570644199848175
4407 4747 0.3833931088447571
4409 4755 0.3522261679172516
4410 4715 0.2945604622364044
4411 4758 0.33738043904304504
4414 4278 0.9492183923721313
4424 4775 0.36415430903434753
4427 4396 0.35587984323501587
4431 4745 0.6792691349983215
4436 4362 0.2606166899204254
4437 4398 0.3081919550895691
4438 4399 0.37879347801208496
4440 4746 0.3535082936286926
4441 4785 0.3296423852443695
4444 4310 0.26997077465057373
4448 4769 0.47487562894821167
4449 4799 0.2840556800365448
4450 4800 0.2638877332210541
4453 4483 0.3387390375137329
4457 4347 0.3180866241455078
4459 4512 0.3342926800251007
4463 4466 0.5519896745681763
4467 4788 0.2567908763885498
4481 4804 0.2600838541984558
4482 4809 0.25643405318260193
4492 4552 0.3223970830440521
4493 4534 0.38293924927711487
4499 4482 0.26722100377082825
4501 4831 0.26594069600105286
4506 4326 0.26846036314964294
4508 4450 0.2546800374984741
4510 4497 0.3335554599761963
4511 4839 0.33788180351257324
4525 4496 0.2715609073638916
4527 4603 0.26958176493644714
4530 4832 0.34612640738487244
4544 4464 0.25888341665267944
4558 4624 0.2892546057701111
4559 4665 0.25266990065574646
4563 4676 0.3238271474838257
4570 4601 0.47431257367134094
4571 4639 0.3997446596622467
4572 4640 0.2829531133174896
4573 4681 0.25842779874801636
4580 4663 0.26556915044784546
4581 4878 0.33950066566467285
4582 4911 0.31009769439697266
4584 4647 0.2698322832584381
4588 4877 0.342608779668808
4589 4908 0.44540295004844666
4590 4936 0.36470550298690796
4591 4664 0.6199981570243835
4598 4924 0.3349270522594452
4599 4925 0.4286557137966156
4602 4689 0.42127978801727295
4607 4890 0.3673546016216278
4608 4904 0.36412131786346436
4612 4919 0.2689957320690155
4613 4690 0.3081531524658203
4614 4828 0.37001165747642517
4617 4691 0.2542240619659424
4618 4830 0.2659482955932617
4619 4922 0.3229423463344574
4621 4944 0.3744475245475769
4622 4853 0.35207971930503845
4626 4731 0.3071075677871704
4631 4706 0.3328242897987366
4635 4929 0.3386653959751129
4642 4946 0.2642337381839752
4643 4958 0.3529050052165985
4644 4952 0.4482225477695465
4645 4960 0.29971346259117126
4647 4725 0.340011328458786
4649 4744 0.28139179944992065
4650 4767 0.3704063892364502
4651 4947 0.3014393746852875
4653 4948 0.5003498792648315
4655 4964 0.2694869041442871
4660 4949 0.2632964849472046
4661 4950 0.254523903131485
4662 4951 0.27423030138015747
4663 4728 0.31641140580177307
4664 4739 0.2723693549633026
4669 4969 0.3208582103252411
4676 4751 0.2846854031085968
4679 4750 0.37081214785575867
4681 4802 0.5539530515670776
4683 4983 0.280638188123703
4684 4997 0.2522451877593994
4693 4987 0.3357800245285034
4701 4772 0.26344242691993713
4702 5001 0.31570306420326233
4713 5006 0.3243362009525299
4714 5007 0.28779077529907227
4715 5008 0.2796643376350403
4716 5009 0.30900511145591736
4727 4797 0.35347187519073486
4732 4857 0.2793940305709839
4733 5023 0.3811775743961334
4741 4866 0.26554685831069946
4744 5033 0.2779371738433838
4753 4827 0.325783908367157
4760 4852 0.25662097334861755
4761 4881 0.2880208492279053
4763 4932 0.46990883350372314
4765 4851 0.4669746458530426
4766 4855 0.31454846262931824
4769 5063 0.2502492666244507
4772 5070 0.265655517578125
4778 4861 0.36975452303886414
4780 4895 0.250949501991272
4786 4876 0.30000513792037964
4787 4885 0.3700716495513916
4788 5092 0.30011388659477234
4789 5075 0.29024162888526917
4791 4894 0.4172752797603607
4793 4972 0.31857356429100037
4794 5084 0.2750086486339569
4802 4887 0.4938928484916687
4809 4899 0.3193967640399933
4811 4900 0.42799967527389526
4816 4921 0.41661083698272705
4817 4884 0.40047845244407654
4819 4931 0.275319904088974
4820 4967 0.3103097975254059
4822 4954 0.29289376735687256
4823 4892 0.32439157366752625
4825 4980 0.2908961772918701
4828 4962 0.31891220808029175
4832 4893 0.34311461448669434
4833 4971 0.2870613634586334
4840 4979 0.366862028837204
4841 4989 0.3025684058666229
4843 4984 0.30718371272087097
4850 4998 0.27136388421058655
4852 5021 0.3462987542152405
4853 5022 0.29426395893096924
4854 5004 0.28990885615348816
4859 5020 0.3097025454044342
4860 4988 0.25678107142448425
4862 5044 0.36859655380249023
4864 4991 0.33751463890075684
4880 5019 0.2912403643131256
4885 5030 0.2523130476474762
4888 5025 0.31351613998413086
4903 5049 0.2504861354827881
4910 5089 0.42734140157699585
4911 5080 0.30257242918014526
4913 5090 0.47246477007865906
4914 5091 0.346946656703949
4917 5129 0.26203447580337524
4919 5101 0.27222782373428345
4920 5128 0.29755866527557373
4932 5134 0.3164563775062561
4939 5120 0.2849119305610657
4943 5135 0.2583915889263153
4949 5138 0.42060136795043945
