917
47 34 0.5657014846801758
50 43 0.5881921052932739
58 56 0.42014673352241516
59 59 0.6179698705673218
62 65 0.285470575094223
63 64 0.41186636686325073
66 66 0.5535933971405029
73 71 0.33325591683387756
276 299 0.2542267441749573
295 331 0.2868684232234955
343 453 0.3972550332546234
353 480 0.27420860528945923
361 396 0.3445873260498047
366 463 0.5910041332244873
389 415 0.28190749883651733
392 403 0.2873270511627197
396 497 0.2871191203594208
406 443 0.2773929834365845
409 498 0.5843744277954102
411 522 0.2756637930870056
421 471 0.27530229091644287
424 523 0.2796382009983063
435 530 0.3253827393054962
449 546 0.3022344410419464
467 541 0.4374179542064667
476 569 0.6511916518211365
478 788 0.33021754026412964
479 866 0.26928600668907166
480 549 0.41581103205680847
482 627 0.2677778899669647
483 568 0.46384817361831665
494 603 0.32893359661102295
495 584 0.3809613585472107
498 614 0.35213547945022583
508 617 0.2653946876525879
509 618 0.4134385287761688
516 624 0.43817949295043945
517 631 0.40601029992103577
520 606 0.27022784948349
540 646 0.2916584014892578
541 644 0.4375869333744049
542 632 0.4453604817390442
551 688 0.4681205749511719
554 651 0.6221767067909241
556 672 0.3131742775440216
558 673 0.34137919545173645
570 1053 0.30328166484832764
589 717 0.3950042426586151
597 705 0.2549833357334137
601 720 0.41606053709983826
603 738 0.44785934686660767
609 1095 0.2728191018104553
610 1096 0.26288652420043945
618 771 0.32804328203201294
622 748 0.4114847481250763
623 749 0.3220565915107727
624 750 0.28090783953666687
625 735 0.29873496294021606
628 754 0.46958357095718384
631 747 0.37828734517097473
632 763 0.47190457582473755
639 671 0.44800031185150146
643 1085 0.5559843182563782
644 814 0.35718652606010437
648 769 0.2671096622943878
657 800 0.4155632555484772
658 786 0.30869585275650024
659 1127 0.25659698247909546
664 784 0.2878226041793823
668 804 0.4769529700279236
674 812 0.3219911754131317
678 848 0.4108753800392151
682 852 0.31085923314094543
683 699 0.25678572058677673
684 714 0.2693982720375061
688 819 0.40580785274505615
702 847 0.3947485387325287
706 895 0.3127853572368622
708 860 0.29054099321365356
712 781 0.5989986062049866
719 825 0.49238789081573486
722 896 0.27683377265930176
724 780 0.3697534501552582
726 930 0.39293405413627625
728 924 0.33222144842147827
734 902 0.28266075253486633
737 922 0.44080787897109985
740 811 0.3247837722301483
743 910 0.3154244124889374
746 795 0.34073421359062195
755 933 0.36566534638404846
756 934 0.28682246804237366
757 1177 0.42936721444129944
762 932 0.361053466796875
765 971 0.271586537361145
766 911 0.27333107590675354
771 967 0.3038117289543152
772 1012 0.31051287055015564
778 961 0.25280487537384033
781 836 0.2727038562297821
788 966 0.4044405519962311
794 778 0.3139427900314331
795 977 0.25148090720176697
798 965 0.32534581422805786
799 1023 0.2651149332523346
801 1000 0.3480595350265503
809 878 0.4430331289768219
820 1025 0.284636527299881
825 1024 0.39083629846572876
826 1337 0.2888697683811188
830 917 0.3072569668292999
832 907 0.4543060064315796
834 1050 0.2763668894767761
839 1055 0.3530915081501007
841 1067 0.2882953882217407
843 919 0.3775430917739868
847 1364 0.3131002187728882
864 1105 0.27914872765541077
865 1123 0.6393429636955261
867 1116 0.3163018822669983
870 1389 0.2645857632160187
873 953 0.25175613164901733
895 997 0.3672982156276703
900 985 0.27868086099624634
901 988 0.2696622610092163
902 998 0.32249948382377625
903 1009 0.4869438707828522
904 1165 0.35601869225502014
906 1153 0.3223116099834442
920 1422 0.3834720849990845
925 1020 0.3540174067020416
933 1214 0.5941994786262512
944 1059 0.2922835052013397
946 1211 0.25002264976501465
952 1048 0.506539523601532
953 1062 0.6946895122528076
956 1222 0.2762604355812073
958 1205 0.37237921357154846
963 1060 0.2701306939125061
965 1061 0.5908412337303162
969 1221 0.27334073185920715
986 1175 0.28011971712112427
1000 1079 0.28569090366363525
1001 1114 0.443126916885376
1008 1137 0.2907014787197113
1009 1235 0.28387153148651123
1012 1256 0.3408840596675873
1025 1347 0.2612724006175995
1026 1348 0.26601678133010864
1030 1164 0.4695773124694824
1031 1151 0.38419869542121887
1037 1366 0.2941318154335022
1038 1174 0.42765042185783386
1042 1260 0.30443093180656433
1045 1286 0.2797483801841736
1046 1276 0.27502283453941345
1052 1149 0.2995154559612274
1057 1285 0.29767560958862305
1058 1277 0.3621780574321747
1067 1150 0.3203173577785492
1069 1204 0.34300798177719116
1073 1287 0.7303183078765869
1085 1309 0.5091810822486877
1115 1324 0.38805338740348816
1126 1323 0.3180581033229828
1128 1342 0.32578980922698975
1132 1200 0.33126315474510193
1133 1201 0.3247720003128052
1137 1320 0.2746095061302185
1139 1322 0.2735190987586975
1143 1439 0.3202461898326874
1156 1199 0.31850311160087585
1158 1233 0.4849853217601776
1176 1341 0.3027929663658142
1177 1379 0.3303303122520447
1205 1254 0.31172996759414673
1240 1272 0.4638853073120117
1243 1488 0.3536684811115265
1249 1271 0.3013956844806671
1252 1428 0.27502572536468506
1259 1270 0.2661269009113312
1260 1284 0.42628106474876404
1295 1297 0.25893425941467285
1296 1298 0.3474579155445099
1299 1313 0.2535983622074127
1307 1574 0.27341634035110474
1308 1595 0.302880197763443
1321 1486 0.46148669719696045
1342 1626 0.29396694898605347
1359 1624 0.25647810101509094
1371 1567 0.3028007745742798
1390 1420 0.4404158294200897
1419 1388 0.3299487233161926
1421 1417 0.2838991582393646
1422 1418 0.3978461027145386
1423 1410 0.36474862694740295
1424 1419 0.3548465371131897
1441 1589 0.32532286643981934
1450 1676 0.25926142930984497
1452 1403 0.33389154076576233
1459 1451 0.30843982100486755
1468 1452 0.2900936007499695
1470 1498 0.3369499146938324
1471 1513 0.39054232835769653
1476 1741 0.2622229754924774
1487 1481 0.2600414454936981
1502 1787 0.3002438545227051
1510 1678 0.2684091627597809
1519 1664 0.2609987258911133
1521 1822 0.38042473793029785
1525 1563 0.260454922914505
1527 1679 0.47097212076187134
1540 1635 0.3163691461086273
1544 1861 0.3410170376300812
1546 1524 0.5099980235099792
1547 1562 0.25851383805274963
1552 1813 0.5660403370857239
1553 1728 0.335873544216156
1554 1703 0.3286586105823517
1557 1869 0.25787436962127686
1558 1880 0.31261059641838074
1560 1602 0.4413244128227234
1564 1870 0.39350366592407227
1569 1546 0.4164515435695648
1572 1737 0.2734411060810089
1575 1735 0.30975422263145447
1580 1560 0.26721513271331787
1581 1545 0.40508246421813965
1582 1636 0.45899319648742676
1583 1613 0.47120797634124756
1585 1618 0.26483163237571716
1587 1620 0.32499414682388306
1597 1601 0.2600734233856201
1609 1933 0.30069947242736816
1612 1661 0.38497623801231384
1615 1800 0.35273778438568115
1642 1961 0.27054139971733093
1644 1659 0.3616320490837097
1645 1660 0.44268637895584106
1648 1844 0.349417120218277
1657 1650 0.33672022819519043
1660 1773 0.2664489150047302
1661 1783 0.27616479992866516
1665 2016 0.3748963177204132
1666 2017 0.2882975935935974
1671 1658 0.3306688070297241
1672 1687 0.4676404595375061
1677 1799 0.3090192675590515
1678 1812 0.25734958052635193
1684 1686 0.39934155344963074
1689 1894 0.4049762487411499
1696 1697 0.280541330575943
1700 1685 0.47196128964424133
1701 1723 0.26558029651641846
1704 1843 0.26767295598983765
1709 1684 0.3310461938381195
1715 1903 0.34101054072380066
1718 2068 0.29509299993515015
1731 1698 0.3196493685245514
1733 1683 0.2625720500946045
1734 1699 0.39461493492126465
1740 1878 0.28584787249565125
1744 1710 0.5592756271362305
1749 1893 0.31031957268714905
1750 1930 0.29146987199783325
1757 1751 0.29885348677635193
1758 1752 0.2669433653354645
1763 1856 0.39813724160194397
1767 2106 0.27625909447669983
1773 1892 0.4296588599681854
1783 2187 0.26069697737693787
1784 2136 0.3355613648891449
1786 1770 0.26700013875961304
1787 1794 0.37891992926597595
1792 2142 0.28040170669555664
1793 2186 0.27666330337524414
1802 1929 0.3807775676250458
1809 1808 0.48590755462646484
1816 1828 0.5461533069610596
1821 2174 0.31545960903167725
1823 2185 0.2547854483127594
1828 1809 0.38036489486694336
1835 1968 0.2963341474533081
1836 2042 0.3288862407207489
1837 2081 0.2990616261959076
1839 2183 0.4140840768814087
1847 1969 0.2609875202178955
1848 2013 0.43305060267448425
1849 2197 0.27617770433425903
1850 2198 0.3467997908592224
1861 2213 0.2910657227039337
1862 2224 0.30287298560142517
1863 2239 0.29207146167755127
1865 2249 0.2511405646800995
1876 2028 0.36593812704086304
1877 2001 0.2666871249675751
1878 2305 0.2540420591831207
1879 2247 0.2745964229106903
1880 2306 0.3530736565589905
1881 1874 0.6216227412223816
1882 1875 0.5535596013069153
1900 1911 0.25475266575813293
1904 2074 0.36511197686195374
1905 2130 0.5405606031417847
1909 1909 0.2955129146575928
1932 2061 0.44632309675216675
1937 1937 0.3284280002117157
1939 2370 0.29844164848327637
1954 2010 0.30531102418899536
1971 2071 0.26168861985206604
1972 2038 0.36829331517219543
1976 2117 0.4574553966522217
1977 2094 0.302503764629364
1978 2128 0.31498733162879944
2013 2480 0.2895532250404358
2014 2470 0.33729904890060425
2018 2468 0.2530885636806488
2034 2009 0.4191078543663025
2039 2080 0.32532379031181335
2042 2153 0.2619572877883911
2043 2170 0.3491639494895935
2044 2529 0.2817398011684418
2046 2566 0.40752553939819336
2051 2284 0.2562089264392853
2055 2521 0.3455551564693451
2066 2571 0.3102239966392517
2070 2533 0.2741570770740509
2075 2210 0.34125974774360657
2076 2244 0.26903265714645386
2090 2555 0.3126758933067322
2095 2548 0.31556791067123413
2098 2100 0.5717238187789917
2103 2114 0.38792499899864197
2104 2115 0.26943090558052063
2115 2167 0.36383840441703796
2123 2381 0.3008890748023987
2129 2597 0.271587073802948
2134 2150 0.2671486437320709
2135 2282 0.33102789521217346
2138 2572 0.27599814534187317
2139 2607 0.3722897171974182
2147 2428 0.25788986682891846
2151 2573 0.6016929745674133
2162 2603 0.26148030161857605
2166 2146 0.35290297865867615
2171 2335 0.27154096961021423
2176 2614 0.2838360667228699
2180 2099 0.38214030861854553
2182 2166 0.282682865858078
2185 2595 0.5263271331787109
2186 2673 0.42854043841362
2189 2636 0.2827491760253906
2190 2637 0.27643436193466187
2199 2268 0.28558602929115295
2200 2234 0.30291110277175903
2202 2379 0.33011868596076965
2208 2629 0.28692206740379333
2212 2164 0.31660547852516174
2215 2220 0.26371514797210693
2216 2192 0.293274462223053
2219 2168 0.36353248357772827
2220 2222 0.4219794273376465
2221 2223 0.4869838058948517
2222 2257 0.30502697825431824
2223 2332 0.3035261631011963
2227 2651 0.32133039832115173
2237 2426 0.3059035539627075
2239 2661 0.31279101967811584
2242 2219 0.30947017669677734
2244 2233 0.2968469560146332
2247 2333 0.26497286558151245
2252 2671 0.35297131538391113
2266 2267 0.2657551169395447
2274 2265 0.3020753860473633
2275 2279 0.3606322705745697
2280 2409 0.27006012201309204
2281 2703 0.2801397442817688
2282 2705 0.28604668378829956
2283 2718 0.3637884557247162
2288 2269 0.42337697744369507
2290 2364 0.42628270387649536
2291 2331 0.2715192139148712
2292 2452 0.2721458077430725
2299 2745 0.3480910658836365
2306 2408 0.3544251322746277
2308 2742 0.360342800617218
2312 2808 0.2696334421634674
2318 2747 0.3558075726032257
2320 2792 0.2658362090587616
2327 2266 0.38864558935165405
2353 2622 0.4336833357810974
2355 2830 0.33323049545288086
2356 2810 0.37129196524620056
2359 2790 0.4940633773803711
2360 2814 0.2857527434825897
2365 2510 0.32494425773620605
2367 2627 0.34828463196754456
2374 2345 0.2915741503238678
2395 1975 0.4155180752277374
2396 2422 0.34764352440834045
2401 2486 0.342441201210022
2402 2509 0.3761547803878784
2406 2655 0.28197526931762695
2407 2656 0.3539583086967468
2413 2405 0.3364464044570923
2423 2462 0.3085363209247589
2431 2919 0.2552395164966583
2432 2920 0.2883704602718353
2433 2006 0.34411343932151794
2437 2473 0.29646164178848267
2438 2508 0.32628822326660156
2443 2648 0.29501113295555115
2445 2852 0.46399417519569397
2448 2916 0.2634793519973755
2449 2855 0.3081784248352051
2456 2459 0.40074092149734497
2458 2474 0.4007852375507355
2459 2484 0.2773289978504181
2473 2554 0.3273591697216034
2475 2587 0.2990792989730835
2479 2690 0.267669141292572
2480 2978 0.27328938245773315
2485 2526 0.3055315315723419
2496 2927 0.6476503014564514
2501 2423 0.3052400052547455
2502 2514 0.37124383449554443
2504 2715 0.2688513398170471
2506 3038 0.2610763907432556
2509 2981 0.3164476156234741
2510 3037 0.3516555726528168
2511 2506 0.33461448550224304
2512 2513 0.31898611783981323
2514 2586 0.5570744872093201
2515 3010 0.31384190917015076
2516 3016 0.29650405049324036
2520 2449 0.3074870705604553
2530 3036 0.2736889719963074
2531 3054 0.2508580982685089
2535 2977 0.2873881459236145
2541 2538 0.3581129014492035
2547 3009 0.4426838457584381
2549 2969 0.3273523151874542
2559 3013 0.3358616828918457
2563 2563 0.5402482748031616
2567 3032 0.3557722866535187
2569 3034 0.32108259201049805
2571 3025 0.27443671226501465
2573 3050 0.32017046213150024
2574 3099 0.28423425555229187
2579 2562 0.2898612916469574
2580 2583 0.2790233790874481
2581 2584 0.321612149477005
2585 3066 0.2592001259326935
2587 3079 0.325732946395874
2590 2601 0.3410196304321289
2600 2582 0.2971293330192566
2601 2585 0.5651460289955139
2602 3045 0.2727603018283844
2603 3007 0.2655711770057678
2605 3067 0.35488376021385193
2611 3126 0.2648066282272339
2617 2600 0.31606850028038025
2618 2619 0.28178173303604126
2627 3068 0.30883336067199707
2628 3077 0.2571020722389221
2639 3076 0.3245694935321808
2651 3088 0.28598257899284363
2667 3072 0.27981293201446533
2676 3121 0.26275867223739624
2682 3124 0.4029240906238556
2685 2291 0.2529647648334503
2689 2618 0.30521437525749207
2690 2646 0.8266425132751465
2699 2644 0.30645453929901123
2700 2652 0.3462267816066742
2710 2631 0.3104894757270813
2714 3230 0.2767794132232666
2718 3160 0.2882101833820343
2719 3222 0.29104045033454895
2723 2645 0.27520859241485596
2728 3231 0.2752784192562103
2729 3173 0.31210002303123474
2745 2625 0.2883792519569397
2746 3180 0.2608723044395447
2747 3159 0.2979795038700104
2750 3198 0.282759428024292
2753 3221 0.4065256118774414
2756 2678 0.2635570168495178
2763 3260 0.26487356424331665
2765 2356 0.25622114539146423
2768 3194 0.30927780270576477
2770 3266 0.3279297351837158
2771 3261 0.2997506260871887
2777 3196 0.26021063327789307
2782 2894 0.2802589237689972
2783 2896 0.35531723499298096
2784 3258 0.4371660649776459
2785 3232 0.41429856419563293
2786 3233 0.4225883483886719
2795 2709 0.2598778009414673
2800 3273 0.3529285788536072
2801 3193 0.25428080558776855
2808 3006 0.41740065813064575
2810 3272 0.3522738516330719
2811 3284 0.35072481632232666
2816 2945 0.3960539996623993
2819 3274 0.45703938603401184
2822 2786 0.3177773654460907
2828 2944 0.32026606798171997
2831 3250 0.2972511947154999
2832 3275 0.3067820370197296
2853 2785 0.3097285330295563
2857 2991 0.27042093873023987
2861 2992 0.33508679270744324
2865 3023 0.32979393005371094
2866 3318 0.3741929829120636
2867 3325 0.4383964240550995
2868 3302 0.5463090538978577
2871 2871 0.2925091087818146
2876 3319 0.5143564343452454
2877 3303 0.3046019971370697
2878 3321 0.3587651252746582
2879 3372 0.27222132682800293
2887 3030 0.3276555836200714
2891 3064 0.27026084065437317
2893 3320 0.4204064607620239
2894 3359 0.3206612169742584
2895 2976 0.4673207998275757
2898 3063 0.2874418795108795
2900 3156 0.4015465974807739
2901 3370 0.3009941279888153
2904 3332 0.329567551612854
2915 3070 0.32512032985687256
2917 3358 0.34677499532699585
2918 3333 0.27439039945602417
2923 3085 0.2732909321784973
2927 3376 0.335887610912323
2931 3084 0.2956092953681946
2932 3191 0.2642609477043152
2933 3378 0.26820725202560425
2946 3331 0.2740820646286011
2949 3044 0.6493808031082153
2950 3110 0.4049144685268402
2953 3228 0.30634933710098267
2954 3353 0.2856903672218323
2961 3393 0.2663622796535492
2965 3109 0.3161432445049286
2970 3416 0.26857712864875793
2974 3377 0.368044376373291
2992 3417 0.2639443576335907
2993 3431 0.2685914635658264
3003 3062 0.540103018283844
3014 3179 0.25392022728919983
3018 3457 0.40935471653938293
3027 3083 0.3424147665500641
3028 3155 0.4155319631099701
3032 3218 0.3138921856880188
3041 3456 0.47750958800315857
3044 3108 0.3291579782962799
3046 3466 0.27144670486450195
3051 3467 0.3564997911453247
3055 3455 0.37915778160095215
3060 3204 0.5812081098556519
3061 3239 0.31766343116760254
3064 3317 0.310166597366333
3069 3480 0.392589807510376
3071 3543 0.29126426577568054
3089 3583 0.2740713357925415
3104 2739 0.2720381021499634
3120 3510 0.37390440702438354
3125 3270 0.3164331316947937
3130 2720 0.26848340034484863
3134 3283 0.45284825563430786
3150 3581 0.3725720942020416
3157 3624 0.39661794900894165
3159 3256 0.2995160222053528
3172 3615 0.4133675694465637
3173 3623 0.3078013062477112
3185 3657 0.35813748836517334
3191 3281 0.30083343386650085
3194 3643 0.42453211545944214
3201 3369 0.39467665553092957
3208 3667 0.28474894165992737
3209 3656 0.2595835328102112
3210 3668 0.3437998592853546
3236 3654 0.3064916729927063
3237 3708 0.2638147473335266
3238 3698 0.29874861240386963
3241 3095 0.5682677030563354
3251 3655 0.31840258836746216
3263 3477 0.31157186627388
3273 3695 0.34533509612083435
3274 3696 0.2644505500793457
3279 3798 0.25839799642562866
3307 3765 0.3236459195613861
3309 3731 0.5152735710144043
3311 3781 0.27286773920059204
3313 3810 0.29103323817253113
3319 3308 0.3003661334514618
3320 3451 0.32497432827949524
3326 3937 0.2575823664665222
3328 2881 0.27228623628616333
3329 2889 0.2537255883216858
3336 3766 0.3512949049472809
3337 3749 0.33511555194854736
3338 3750 0.4519284665584564
3339 3767 0.31519946455955505
3341 3951 0.2523142397403717
3343 2880 0.29399412870407104
3360 3327 0.2984245717525482
3366 3828 0.28765740990638733
3367 3916 0.27927201986312866
3368 3979 0.33906644582748413
3378 3869 0.2995337247848511
3379 3829 0.31330302357673645
3385 2974 0.2900656461715698
3394 3349 0.3621058762073517
3395 3825 0.29441696405410767
3396 3962 0.2885269820690155
3408 3950 0.2612474858760834
3409 3970 0.32653164863586426
3410 4070 0.2505095303058624
3416 3405 0.5332915782928467
3419 3575 0.6019811034202576
3422 3914 0.29517969489097595
3423 3886 0.4943584203720093
3424 3898 0.44044312834739685
3428 3977 0.26327213644981384
3430 2911 0.2810104489326477
3431 3178 0.4124264717102051
3433 3390 0.4193973243236542
3435 3504 0.27138563990592957
3438 3491 0.42916539311408997
3441 3889 0.26197001338005066
3452 4078 0.25256967544555664
3456 3435 0.436542809009552
3471 3969 0.3672414720058441
3477 4056 0.26217347383499146
3485 3992 0.2734924852848053
3486 3935 0.5247133374214172
3494 4090 0.3359391987323761
3497 3538 0.31980639696121216
3500 3959 0.2850209176540375
3501 3960 0.2983855903148651
3502 4025 0.31164348125457764
3503 4026 0.2531595230102539
3505 4077 0.40337124466896057
3507 4104 0.25024211406707764
3508 4112 0.2579198479652405
3513 3154 0.2576919496059418
3526 3975 0.2746922969818115
3531 3611 0.2636115550994873
3532 3577 0.25955432653427124
3533 3995 0.3134094178676605
3541 3997 0.3288385570049286
3545 3649 0.33760446310043335
3552 4023 0.4032389223575592
3557 3561 0.3478989005088806
3558 3603 0.30794867873191833
3564 4076 0.39428576827049255
3571 3475 0.3371697664260864
3581 4038 0.41621530055999756
3583 4178 0.45335254073143005
3585 4170 0.27617377042770386
3589 3661 0.25347164273262024
3595 4102 0.3016550540924072
3596 4103 0.3178701102733612
3597 4169 0.2907303273677826
3610 3498 0.28042522072792053
3615 3450 0.29274073243141174
3616 3600 0.3797719180583954
3620 4142 0.3054251968860626
3622 3537 0.27392709255218506
3624 3793 0.5484446287155151
3630 4126 0.27367696166038513
3631 3202 0.35073721408843994
3636 4204 0.25662538409233093
3639 3093 0.2762596309185028
3653 3647 0.2577580511569977
3655 3689 0.27302730083465576
3662 4168 0.5396133661270142
3663 4141 0.26603707671165466
3667 4207 0.30061888694763184
3668 4234 0.3296074867248535
3671 3129 0.30537858605384827
3674 3546 0.2747184932231903
3675 3573 0.35887429118156433
3682 4177 0.4709806442260742
3687 3761 0.28805601596832275
3689 3838 0.37085917592048645
3690 3856 0.631907045841217
3699 4202 0.5765184760093689
3702 4246 0.3514074981212616
3706 4249 0.5002534985542297
3707 4250 0.33799105882644653
3709 3254 0.31192296743392944
3715 3805 0.3070785701274872
3717 3821 0.3416632115840912
3718 3852 0.25629493594169617
3722 3688 0.36379191279411316
3733 4260 0.3283960521221161
3734 4261 0.26948538422584534
3743 3866 0.2630387246608734
3748 3211 0.27237167954444885
3751 3880 0.27026262879371643
3757 4283 0.33706143498420715
3758 4284 0.43319597840309143
3759 4372 0.3955036997795105
3767 3881 0.2586973309516907
3776 4322 0.4292595386505127
3777 4324 0.29382288455963135
3781 3287 0.2743365168571472
3784 4414 0.38859593868255615
3788 3640 0.4527195692062378
3789 3700 0.48562681674957275
3790 3740 0.3019331097602844
3791 3723 0.2755844295024872
3792 3864 0.31507474184036255
3799 3758 0.2515873908996582
3802 4412 0.29017743468284607
3804 3804 0.28183117508888245
3805 3877 0.2809981405735016
3807 4321 0.4636553227901459
3813 3389 0.2854357361793518
3814 3681 0.3010716438293457
3815 3739 0.3862387239933014
3818 3908 0.3140281140804291
3822 4400 0.3604018986225128
3830 3336 0.3422636091709137
3835 3907 0.31261834502220154
3839 4430 0.4059026837348938
3844 3409 0.25812065601348877
3848 3944 0.2662622332572937
3855 4379 0.4289575219154358
3856 4386 0.490877240896225
3863 3991 0.35708025097846985
3866 3326 0.27194109559059143
3874 4484 0.4941590428352356
3875 4444 0.34499210119247437
3885 4022 0.43379586935043335
3888 4424 0.30582770705223083
3894 3342 0.28680551052093506
3901 3420 0.6370721459388733
3906 3986 0.3874036967754364
3912 4432 0.3091807961463928
3913 4439 0.3423556685447693
3914 4440 0.2902801036834717
3915 4520 0.280760794878006
3917 4008 0.2895391583442688
3926 4052 0.2910923659801483
3933 3419 0.5097165107727051
3936 4007 0.4927345812320709
3949 3872 0.31341806054115295
3950 4006 0.2693825960159302
3955 4476 0.3208869695663452
3956 3818 0.3796227276325226
3957 3905 0.539070725440979
3960 4085 0.2518370449542999
3971 4093 0.293478399515152
3972 4106 0.2710191309452057
3980 4491 0.27296534180641174
3981 4509 0.3444739580154419
3994 3848 0.34514281153678894
4004 3440 0.4204990863800049
4005 3441 0.3881847858428955
4016 3942 0.44199708104133606
4026 3955 0.37987223267555237
4036 3918 0.2608616054058075
4046 4083 0.5032796859741211
4052 4117 0.49086740612983704
4074 4153 0.3299144208431244
4083 3487 0.2591264545917511
4088 4144 0.29366040229797363
4089 4175 0.2547670006752014
4092 4154 0.2832965552806854
4097 4616 0.29254117608070374
4105 4190 0.7289565801620483
4116 3973 0.32420507073402405
4138 3557 0.2642591893672943
4144 4200 0.35719266533851624
4159 4232 0.29566144943237305
4162 4269 0.2975478768348694
4173 4241 0.4192213714122772
4180 3556 0.2925439774990082
4183 4164 0.3474426567554474
4184 4228 0.26411759853363037
4185 4242 0.4864027202129364
4190 4050 0.2838190197944641
4191 4067 0.26827120780944824
4192 4116 0.4078548550605774
4202 3699 0.2545027732849121
4203 4277 0.25257450342178345
4209 4152 0.2547857165336609
4213 3628 0.3053564429283142
4223 4173 0.2885954976081848
4225 4359 0.2537865936756134
4226 4353 0.26735252141952515
4236 3659 0.2932073175907135
4244 4330 0.3370755612850189
4251 4344 0.29582223296165466
4254 4267 0.457925945520401
4257 4421 0.2891627550125122
4260 3627 0.3605397641658783
4266 4368 0.40802720189094543
4268 3677 0.37770190834999084
4272 4162 0.3050435483455658
4276 4392 0.38178586959838867
4278 4384 0.25496727228164673
4282 4258 0.32834532856941223
4286 3646 0.2693980038166046
4289 4198 0.27630415558815
4294 4343 0.2918437123298645
4296 4391 0.28808075189590454
4303 3785 0.33531537652015686
4304 3772 0.26174676418304443
4309 4186 0.31775128841400146
4321 4326 0.34774166345596313
4322 4329 0.25170451402664185
4332 3636 0.4211263358592987
4335 4213 0.3054656684398651
4344 3784 0.322111576795578
4349 4453 0.328281432390213
4358 3816 0.257519006729126
4364 4451 0.36355260014533997
4368 3645 0.29445767402648926
4375 4483 0.4191190302371979
4380 4482 0.30147847533226013
4391 4436 0.312590628862381
4392 4481 0.31571030616760254
4393 4516 0.5093233585357666
4398 4307 0.2957139015197754
4407 4503 0.4177124500274658
4409 4504 0.3235718607902527
4410 4505 0.3122086822986603
4414 3863 0.9317585229873657
4418 4017 0.27723485231399536
4424 4525 0.2791420817375183
4425 4564 0.26415690779685974
4427 4015 0.33340439200401306
4430 4480 0.3774952292442322
4431 4502 0.5332372188568115
4432 4539 0.2563137710094452
4433 4563 0.3193754553794861
4438 4018 0.2541157007217407
4440 4524 0.48137179017066956
4444 3891 0.2894897162914276
4448 4550 0.40146732330322266
4450 4579 0.25253981351852417
4453 4064 0.28105682134628296
4463 4032 0.49745944142341614
4472 4091 0.2693946659564972
4492 4113 0.3104228675365448
4500 4044 0.2735610902309418
4510 4063 0.26241636276245117
4526 4147 0.2954556941986084
4527 4148 0.25266170501708984
4528 4130 0.35767874121665955
4547 4180 0.27822941541671753
4571 4161 0.42072412371635437
4589 4726 0.37510445713996887
4597 4699 0.30260589718818665
4599 4755 0.31990036368370056
4602 4236 0.5142926573753357
4603 4252 0.25298094749450684
4607 4700 0.3279785215854645
4613 4251 0.36956486105918884
4614 4555 0.2911687195301056
4622 4572 0.31639692187309265
4640 4339 0.2737688422203064
4643 4764 0.25598716735839844
4644 4765 0.3301111161708832
4645 4783 0.26571252942085266
4647 4314 0.2888590097427368
4650 4383 0.26306506991386414
4653 4759 0.25675952434539795
4663 4306 0.3486096262931824
4676 4337 0.2861317992210388
4681 4467 0.33176395297050476
4683 4802 0.2830181419849396
4697 4807 0.2754811644554138
4701 4336 0.48316365480422974
4702 4828 0.26307862997055054
4716 4823 0.25039583444595337
4733 4829 0.26601728796958923
4759 4465 0.2593420445919037
4763 4714 0.3979227542877197
4765 4463 0.33786147832870483
4766 4486 0.2638087272644043
4778 4500 0.2993415296077728
4787 4590 0.4615460932254791
4793 4738 0.32953959703445435
4808 4619 0.27133673429489136
4811 4621 0.3190402686595917
4812 4612 0.3359401524066925
4819 4655 0.2762245833873749
4826 4567 0.2718135118484497
4828 4676 0.3459036648273468
4841 4697 0.3578909933567047
4843 4707 0.2607884705066681
4850 4725 0.28926289081573486
4853 4736 0.28409552574157715
4854 4733 0.28232184052467346
4860 4672 0.2579823434352875
4870 4793 0.2510354518890381
4880 4684 0.3104361891746521
4888 4710 0.3016326427459717
4910 4786 0.37415337562561035
4911 4789 0.34056854248046875
4913 4787 0.44300606846809387
4914 4788 0.3537845015525818
4917 4868 0.2815413177013397
4920 4879 0.2614319324493408
4932 4888 0.2547086775302887
4938 4840 0.2541280686855316
4940 4845 0.27531149983406067
4946 4891 0.254158616065979
4948 4892 0.35969078540802
