804
58 47 0.44755491614341736
66 55 0.5888909101486206
73 62 0.28053462505340576
80 70 0.28074392676353455
109 95 0.2626436948776245
295 328 0.28631141781806946
335 441 0.5215553045272827
353 477 0.3437146246433258
361 395 0.32973670959472656
366 448 0.587624728679657
374 424 0.2723836302757263
385 475 0.34563952684402466
389 415 0.2729010581970215
392 403 0.25319501757621765
409 489 0.5366640090942383
411 495 0.26320183277130127
421 452 0.2537374496459961
423 466 0.32919690012931824
424 506 0.273579865694046
431 516 0.2707386016845703
435 517 0.3177531063556671
446 493 0.2879088222980499
449 543 0.29319167137145996
476 554 0.5470608472824097
478 711 0.2692965567111969
480 531 0.4248184263706207
482 605 0.3170832097530365
495 568 0.39824432134628296
498 600 0.30523592233657837
509 602 0.4321046471595764
512 570 0.2773922085762024
516 610 0.44131937623023987
517 622 0.3053223788738251
520 581 0.30508893728256226
540 658 0.2753852903842926
542 623 0.35690560936927795
551 657 0.335518479347229
554 630 0.33802682161331177
556 676 0.29657164216041565
558 631 0.3434390425682068
597 685 0.25959914922714233
601 700 0.43375447392463684
602 690 0.43821585178375244
609 975 0.27538001537323
618 756 0.3014678359031677
622 726 0.4110995829105377
625 720 0.2556251287460327
632 755 0.3970179557800293
638 662 0.37548741698265076
639 672 0.4295908510684967
644 768 0.3623497784137726
648 745 0.26791250705718994
656 753 0.3247283399105072
664 786 0.2666093111038208
667 808 0.29910412430763245
668 769 0.4580146074295044
674 784 0.27570822834968567
675 785 0.2977190315723419
678 821 0.3099268078804016
679 766 0.3102565407752991
683 717 0.2772200405597687
684 718 0.2603553533554077
688 795 0.48964524269104004
702 814 0.25568267703056335
706 838 0.29480496048927307
708 819 0.26970726251602173
712 777 0.46439746022224426
716 857 0.2794889211654663
719 849 0.32044386863708496
722 859 0.27508866786956787
724 764 0.38302215933799744
726 887 0.6408360600471497
734 888 0.27200618386268616
737 894 0.34166255593299866
740 804 0.34518033266067505
743 895 0.34186723828315735
744 896 0.273502916097641
746 776 0.3064121603965759
754 920 0.3128208518028259
755 877 0.25065961480140686
757 1079 0.37523433566093445
766 927 0.2928744852542877
769 936 0.39445313811302185
771 953 0.39357009530067444
772 983 0.28603821992874146
787 967 0.2535569965839386
788 968 0.4342987835407257
793 846 0.3561337888240814
794 847 0.3474506139755249
798 965 0.3753094971179962
800 982 0.3462640941143036
809 885 0.6143032908439636
825 1019 0.3567647337913513
826 1231 0.28724154829978943
830 915 0.3024737536907196
841 1026 0.3311917781829834
842 1289 0.32319900393486023
843 951 0.2833438515663147
847 1257 0.3085116147994995
864 1062 0.3384183943271637
865 1097 0.5085167288780212
867 1096 0.31201907992362976
873 960 0.28729936480522156
889 1013 0.30199962854385376
895 1004 0.37342652678489685
902 1005 0.4495294690132141
903 934 0.36413171887397766
904 1125 0.3771112859249115
917 1314 0.30576178431510925
920 1294 0.30457091331481934
944 1058 0.32850849628448486
945 1071 0.2959020733833313
952 1095 0.37253016233444214
957 1156 0.27416884899139404
958 1167 0.304104208946228
963 1059 0.27184462547302246
965 1060 0.7333466410636902
968 1166 0.27700862288475037
985 1070 0.2533085346221924
989 1143 0.2771293818950653
1001 1121 0.35321781039237976
1002 1142 0.29215866327285767
1009 1174 0.25202855467796326
1012 1198 0.31187865138053894
1037 1291 0.35652971267700195
1042 1208 0.3540177345275879
1046 1210 0.284338116645813
1047 1219 0.327138215303421
1052 1123 0.3291240632534027
1058 1217 0.30535295605659485
1069 1154 0.3694577217102051
1073 1218 0.46522772312164307
1084 1239 0.27007248997688293
1085 1240 0.6054713129997253
1100 1153 0.26991283893585205
1115 1253 0.32071200013160706
1124 1150 0.2628489136695862
1125 1252 0.289554625749588
1128 1278 0.38219717144966125
1132 1165 0.32874104380607605
1134 1152 0.34320297837257385
1141 1251 0.2782028913497925
1156 1151 0.27026495337486267
1158 1181 0.5019590854644775
1176 1277 0.28537964820861816
1219 1299 0.30493709444999695
1249 1228 0.3201875686645508
1253 1353 0.29256853461265564
1259 1249 0.25339552760124207
1295 1261 0.26218920946121216
1296 1262 0.2930038273334503
1299 1264 0.2982558608055115
1308 1518 0.2970273494720459
1313 1260 0.25670126080513
1321 1408 0.4678380489349365
1332 1310 0.26828402280807495
1334 1338 0.263444185256958
1341 1443 0.40783461928367615
1371 1487 0.40861091017723083
1377 1329 0.2618953287601471
1390 1350 0.28328007459640503
1419 1337 0.441726952791214
1421 1364 0.26399898529052734
1422 1365 0.29235097765922546
1423 1366 0.26519760489463806
1424 1377 0.27200308442115784
1441 1500 0.34472668170928955
1451 1348 0.2745518982410431
1459 1395 0.2757100760936737
1463 1618 0.2780792713165283
1467 1414 0.30528947710990906
1469 1433 0.36671894788742065
1470 1434 0.294530987739563
1476 1643 0.2965739071369171
1478 1422 0.30451980233192444
1479 1440 0.270735502243042
1487 1421 0.2990450859069824
1491 1652 0.26378682255744934
1502 1678 0.32423877716064453
1509 1581 0.27573373913764954
1510 1588 0.31158551573753357
1515 1432 0.47175654768943787
1517 1469 0.2929236590862274
1519 1580 0.3609123229980469
1525 1510 0.3185179829597473
1527 1589 0.41384801268577576
1540 1571 0.38031482696533203
1544 1707 0.3788415193557739
1546 1448 0.3653791546821594
1558 1744 0.41439539194107056
1560 1546 0.4124976694583893
1564 1753 0.27803683280944824
1570 1497 0.3995918333530426
1571 1498 0.2551550567150116
1575 1636 0.6016757488250732
1581 1481 0.6523534059524536
1582 1545 0.3710824251174927
1583 1538 0.2840825021266937
1584 1539 0.3771630823612213
1585 1547 0.29857003688812256
1587 1579 0.3311541676521301
1593 1795 0.2519747018814087
1598 1508 0.36760833859443665
1609 1829 0.3331872820854187
1612 1586 0.45851457118988037
1619 1544 0.2879283130168915
1628 1692 0.36052289605140686
1629 1871 0.3169921934604645
1633 1576 0.2748537063598633
1634 1577 0.28363314270973206
1645 1578 0.5763607025146484
1660 1673 0.279941588640213
1662 1716 0.2805648744106293
1665 1901 0.2758142054080963
1666 1903 0.325679212808609
1672 1596 0.31238827109336853
1677 1702 0.3027092516422272
1684 1603 0.39730164408683777
1689 1783 0.5508585572242737
1690 1784 0.43776097893714905
1696 1611 0.27827027440071106
1701 1633 0.2774173319339752
1705 1974 0.2572808861732483
1708 1624 0.3264625370502472
1709 1625 0.40445250272750854
1715 1794 0.2724446952342987
1722 1839 0.25740310549736023
1731 1622 0.2570091784000397
1734 1623 0.3549565374851227
1735 1670 0.25588148832321167
1745 1612 0.38493403792381287
1749 1766 0.28884029388427734
1751 2012 0.2912067770957947
1756 1631 0.4817662835121155
1757 1669 0.2863302528858185
1763 1764 0.4156758189201355
1767 2014 0.3573930263519287
1772 1792 0.30805471539497375
1773 1793 0.4524343013763428
1775 2018 0.3022301197052002
1782 2069 0.29317209124565125
1784 2053 0.25432834029197693
1787 1725 0.4357537627220154
1790 1870 0.30680224299430847
1792 2051 0.2670411467552185
1802 1838 0.3213224411010742
1805 2118 0.2628962993621826
1809 1723 0.3409747779369354
1810 1827 0.3113170266151428
1821 2099 0.34537559747695923
1822 2101 0.2768535912036896
1828 1724 0.4501558244228363
1836 1960 0.2902430295944214
1839 2100 0.534867525100708
1841 2105 0.2679480314254761
1847 1881 0.31876686215400696
1848 1932 0.4362485706806183
1850 2109 0.3482394814491272
1852 1877 0.40018218755722046
1862 2130 0.362479031085968
1876 1951 0.4746655523777008
1877 1910 0.2967187464237213
1878 2166 0.25165772438049316
1880 2156 0.3555962145328522
1881 1791 0.8296468257904053
1887 1990 0.36425676941871643
1904 2002 0.4593868851661682
1905 2062 0.4373607933521271
1909 1848 0.2715795636177063
1915 2220 0.31392452120780945
1931 1926 0.3034144639968872
1932 2010 0.3362780213356018
1947 2011 0.2780930697917938
1961 2359 0.254404753446579
1967 1896 0.3259616792201996
1976 2048 0.4375460147857666
1978 2061 0.29371529817581177
1981 2349 0.32022878527641296
1988 2285 0.2720912992954254
2014 2341 0.31143876910209656
2019 2389 0.2715955972671509
2025 2375 0.2720658779144287
2034 1939 0.5014925599098206
2043 2081 0.4275236129760742
2046 2434 0.5233235359191895
2050 2162 0.31880122423171997
2051 2163 0.2644270956516266
2055 2401 0.3145505487918854
2066 2433 0.3002212345600128
2070 2409 0.2630603015422821
2072 2435 0.2701263427734375
2075 2154 0.3008113205432892
2076 2155 0.3251091539859772
2081 2420 0.278658002614975
2090 2427 0.3935941159725189
2095 2430 0.38423827290534973
2098 2027 0.48375752568244934
2103 2044 0.3097190856933594
2115 2094 0.3110721707344055
2123 2248 0.2699151635169983
2128 2461 0.29306167364120483
2129 2462 0.27776598930358887
2134 2093 0.2964814305305481
2139 2484 0.4799521565437317
2144 2088 0.2710599899291992
2157 2095 0.5352512001991272
2166 2077 0.3845355808734894
2167 2089 0.2647207975387573
2169 2144 0.2830176055431366
2184 2185 0.2523161768913269
2185 2499 0.30054178833961487
2189 2519 0.30574721097946167
2190 2482 0.3408118784427643
2194 2551 0.28345710039138794
2195 2552 0.2665955722332001
2199 2151 0.3176843523979187
2200 2152 0.31840136647224426
2202 2296 0.34061986207962036
2215 2140 0.25443679094314575
2216 2124 0.29231083393096924
2220 2142 0.41416308283805847
2221 2143 0.4797649681568146
2223 2229 0.2525959312915802
2225 2530 0.27384012937545776
2227 2523 0.2818400263786316
2237 2337 0.32509738206863403
2239 2534 0.2667929530143738
2242 2148 0.2882066071033478
2244 2150 0.29001227021217346
2252 2520 0.2959825098514557
2255 2550 0.2609165906906128
2266 2178 0.285929411649704
2282 2581 0.2515648603439331
2288 2217 0.42454302310943604
2290 2263 0.4546215236186981
2296 2597 0.26516979932785034
2301 2195 0.283257395029068
2306 2292 0.3485836982727051
2313 2647 0.30313247442245483
2318 2618 0.3821173310279846
2325 2259 0.34348589181900024
2327 2177 0.4045790433883667
2331 2356 0.2907777428627014
2338 2641 0.2549327611923218
2346 2293 0.2946678102016449
2355 2686 0.2583671808242798
2356 2676 0.3964768946170807
2359 2678 0.37340623140335083
2360 2679 0.29746219515800476
2367 2505 0.46977484226226807
2370 2685 0.2698487639427185
2374 2307 0.331121027469635
2375 2289 0.2596580684185028
2387 2319 0.2805405259132385
2396 2345 0.2839319109916687
2402 2397 0.3319227993488312
2406 2518 0.3022330105304718
2413 2346 0.34804657101631165
2419 2780 0.25443944334983826
2423 2354 0.317827969789505
2431 2781 0.3898479640483856
2432 2763 0.3257783055305481
2437 2355 0.2903083562850952
2438 2395 0.32521677017211914
2444 2504 0.2524562478065491
2445 2707 0.3887753486633301
2447 2813 0.2569243609905243
2448 2760 0.26377928256988525
2449 2708 0.2535606324672699
2456 2353 0.33466556668281555
2458 2367 0.34586572647094727
2459 2379 0.2576826214790344
2461 2448 0.32251301407814026
2471 2378 0.28589341044425964
2473 2432 0.2780440151691437
2475 2470 0.27919214963912964
2480 2827 0.33833450078964233
2486 2424 0.3245704174041748
2496 2773 0.9043548107147217
2501 2308 0.3316785395145416
2502 2404 0.35398903489112854
2509 2794 0.5003699064254761
2510 2874 0.2588787078857422
2511 2393 0.35575225949287415
2512 2415 0.2612021565437317
2514 2468 0.5298494696617126
2515 2836 0.3743097186088562
2516 2860 0.27127566933631897
2522 2447 0.3316975235939026
2523 2480 0.46755439043045044
2541 2422 0.3530366122722626
2544 2490 0.27135664224624634
2545 2456 0.2516610622406006
2547 2865 0.4026736319065094
2550 2895 0.26092255115509033
2554 2479 0.270340234041214
2556 2656 0.2803749740123749
2559 2848 0.3442568778991699
2561 2918 0.2591257095336914
2563 2445 0.5531490445137024
2567 2866 0.35794797539711
2568 2868 0.28979024291038513
2569 2869 0.41821229457855225
2571 2871 0.3180123269557953
2574 2931 0.2639647424221039
2579 2444 0.32539236545562744
2585 2885 0.3168903589248657
2587 2929 0.27967074513435364
2601 2477 0.5578384399414062
2609 2872 0.2900814116001129
2616 2441 0.291400671005249
2627 2894 0.2832644283771515
2630 2975 0.25601205229759216
2639 2903 0.2593756914138794
2644 2488 0.277015745639801
2673 2239 0.27496016025543213
2682 2961 0.3494977653026581
2690 2543 0.7149922847747803
2710 2539 0.4085392355918884
2714 3028 0.311496376991272
2718 2986 0.2831631302833557
2719 3065 0.2605982720851898
2729 2992 0.2514667510986328
2737 2735 0.3408268392086029
2743 2240 0.27576449513435364
2745 2576 0.3358635902404785
2747 2995 0.2603662610054016
2750 3033 0.25409001111984253
2751 3034 0.25233158469200134
2753 3055 0.36891552805900574
2758 2724 0.2529720067977905
2763 3085 0.2561424672603607
2770 3094 0.2553042769432068
2777 3032 0.26435068249702454
2782 2768 0.309933602809906
2783 2769 0.334371417760849
2784 3113 0.3959108889102936
2785 3061 0.38708463311195374
2786 3062 0.26105499267578125
2787 3043 0.30299460887908936
2789 3054 0.2636698782444
2799 3073 0.3112525939941406
2800 3108 0.3148804008960724
2807 2823 0.31370365619659424
2808 2845 0.4118141233921051
2812 3060 0.3737001419067383
2816 2802 0.3383609652519226
2819 3114 0.44513076543807983
2822 2671 0.2642783522605896
2828 2801 0.3140718340873718
2832 3145 0.29462930560112
2833 3116 0.316100150346756
2853 2695 0.2598116397857666
2854 2824 0.41969701647758484
2861 2843 0.38332435488700867
2862 3148 0.36410602927207947
2865 2883 0.3391586244106293
2866 3155 0.4261103570461273
2868 3136 0.38903310894966125
2870 3179 0.2607477009296417
2871 2704 0.3065313994884491
2876 3156 0.478840708732605
2878 3147 0.28569772839546204
2879 3186 0.30828309059143066
2887 2882 0.34186887741088867
2889 3129 0.2530849277973175
2891 2913 0.3247425854206085
2893 3146 0.3350679576396942
2894 3196 0.35231518745422363
2900 3023 0.3481103181838989
2901 3163 0.5066453218460083
2915 2912 0.3079519271850586
2916 3194 0.3037865161895752
2917 3195 0.3190944492816925
2918 3215 0.3216020464897156
2923 2948 0.2939450740814209
2927 3205 0.28111204504966736
2928 3168 0.32649460434913635
2931 2935 0.2636133134365082
2949 2959 0.5091310739517212
2950 2978 0.42560675740242004
2953 3072 0.30322152376174927
2954 3189 0.33319777250289917
2956 3226 0.2747858166694641
2961 3227 0.2769230306148529
2965 2969 0.32376477122306824
2974 3211 0.3541264533996582
2989 2990 0.27071845531463623
2993 3250 0.3105614483356476
3003 2924 0.48055028915405273
3004 3039 0.5442550182342529
3014 3027 0.29378700256347656
3018 3274 0.3836531341075897
3028 3026 0.30521640181541443
3032 3058 0.44146543741226196
3041 3287 0.4960855543613434
3046 3285 0.2689875066280365
3051 3318 0.3711514174938202
3055 3286 0.4484213590621948
3060 3083 0.39474064111709595
3061 3057 0.3302040100097656
3064 3162 0.3262067139148712
3069 3306 0.4522203207015991
3072 3363 0.2509823143482208
3084 3352 0.2785870432853699
3096 3090 0.35806509852409363
3100 3376 0.33668041229248047
3110 3070 0.34289446473121643
3120 3350 0.42700448632240295
3121 3431 0.28174087405204773
3129 3408 0.2852493226528168
3150 3386 0.31426480412483215
3157 3444 0.37607046961784363
3159 3105 0.37638193368911743
3172 3418 0.34611353278160095
3183 3483 0.2591138482093811
3191 3126 0.4236447513103485
3194 3462 0.3761651813983917
3201 3184 0.3485029339790344
3209 3460 0.28560671210289
3210 3471 0.3597899377346039
3226 3491 0.3385668992996216
3227 3523 0.2573927938938141
3235 3519 0.26463496685028076
3237 3442 0.27948036789894104
3238 3484 0.3576381504535675
3241 2968 0.5053747296333313
3251 3451 0.36209380626678467
3258 3255 0.43878835439682007
3263 3302 0.3091404139995575
3273 3492 0.25196149945259094
3279 3588 0.26494860649108887
3280 3603 0.2630866467952728
3301 3570 0.25724947452545166
3309 3534 0.5457336902618408
3313 3602 0.28687143325805664
3319 3154 0.35154426097869873
3336 3560 0.28347817063331604
3337 3547 0.3350711464881897
3338 3521 0.38208892941474915
3339 3568 0.41079896688461304
3341 3749 0.2840006947517395
3360 3208 0.26707756519317627
3366 3617 0.2702404856681824
3367 3714 0.25480297207832336
3368 3786 0.26404255628585815
3385 2854 0.2819717824459076
3394 3235 0.366605669260025
3395 3616 0.30021148920059204
3396 3715 0.29389432072639465
3397 3816 0.2677421569824219
3407 3687 0.29472625255584717
3410 3849 0.2864602506160736
3416 3254 0.48560041189193726
3424 3662 0.42497241497039795
3425 3663 0.2651945650577545
3429 3737 0.4076075553894043
3431 3050 0.3741498291492462
3433 3229 0.3301684260368347
3438 3317 0.44283416867256165
3456 3280 0.45881637930870056
3457 3347 0.4421357810497284
3471 3757 0.3512634038925171
3472 3774 0.3640657365322113
3476 3848 0.33237704634666443
3486 3733 0.38698238134384155
3487 3734 0.2774496078491211
3494 3885 0.2626529633998871
3497 3371 0.4112474024295807
3500 3732 0.32466331124305725
3501 3755 0.32793912291526794
3502 3807 0.35460060834884644
3505 3872 0.43019023537635803
3510 3920 0.2579968571662903
3516 3772 0.26335927844047546
3519 3133 0.2668417990207672
3533 3771 0.34624823927879333
3534 3826 0.3093164563179016
3535 3783 0.2880760729312897
3545 3466 0.36640188097953796
3552 3813 0.30484405159950256
3557 3404 0.410692423582077
3558 3436 0.3091038465499878
3564 3812 0.2627604305744171
3568 3336 0.2713010013103485
3572 3334 0.2693255841732025
3574 3414 0.32351046800613403
3583 3974 0.41173872351646423
3595 3899 0.41954973340034485
3606 3006 0.278553307056427
3615 3301 0.4555993974208832
3616 3426 0.2995734214782715
3620 3934 0.32274991273880005
3624 3579 0.3358309268951416
3631 3081 0.2769758701324463
3636 3996 0.3629010319709778
3655 3528 0.28869378566741943
3667 3999 0.3006753921508789
3668 4025 0.3157738447189331
3677 3556 0.2826955318450928
3687 3578 0.26482710242271423
3688 3543 0.26216572523117065
3689 3632 0.3327750861644745
3690 3648 0.41389259696006775
3694 3972 0.26675835251808167
3699 3982 0.6520299911499023
3701 3983 0.2948881983757019
3702 4036 0.3077528476715088
3703 4037 0.2560027837753296
3706 4038 0.43050748109817505
3707 4039 0.32199177145957947
3715 3575 0.3024030923843384
3717 3609 0.2733996510505676
3724 3596 0.25747281312942505
3733 4087 0.2854531407356262
3746 4144 0.3224782645702362
3756 3557 0.2911112308502197
3757 4069 0.40174996852874756
3758 4070 0.4418727457523346
3759 4175 0.4184301197528839
3769 3678 0.3083654046058655
3776 4122 0.274239718914032
3777 4113 0.33188071846961975
3780 4184 0.28374242782592773
3781 3149 0.28922510147094727
3784 4196 0.40939414501190186
3788 3450 0.43531927466392517
3791 3555 0.27475202083587646
3792 3703 0.38101401925086975
3802 4213 0.37848833203315735
3807 4141 0.3573071360588074
3813 3238 0.28953471779823303
3814 3478 0.31900134682655334
3815 3564 0.6094930768013
3823 4195 0.30580759048461914
3830 3199 0.3439464271068573
3835 3729 0.3390780985355377
3855 4173 0.40046852827072144
3856 4189 0.491188645362854
3863 3804 0.26467761397361755
3874 4287 0.4510384798049927
3878 3593 0.29510509967803955
3881 3769 0.3261640965938568
3888 4226 0.44750624895095825
3891 4288 0.4370931088924408
3901 3277 0.6295449137687683
3903 3644 0.38535240292549133
3906 3781 0.3801270127296448
3912 4239 0.3437687158584595
3913 4240 0.3535686433315277
3914 4249 0.36429914832115173
3919 4251 0.2664303779602051
3933 3276 0.49973374605178833
3936 3780 0.27185294032096863
3946 4286 0.28946322202682495
3951 3841 0.26520267128944397
3955 4267 0.42811644077301025
3957 3723 0.801395058631897
3981 4307 0.30114486813545227
3994 3668 0.31469547748565674
4004 3296 0.36000239849090576
4016 3721 0.3219776451587677
4022 3929 0.2766408622264862
4023 4352 0.3894871175289154
4026 3765 0.32428082823753357
4027 3766 0.523848831653595
4046 3840 0.4183802306652069
4059 4351 0.2521290183067322
4063 3924 0.3327144980430603
4069 3895 0.48174285888671875
4074 3958 0.2893669009208679
4105 3994 0.7411558628082275
4112 4442 0.3365934193134308
4116 3791 0.3239782154560089
4132 3968 0.2652302384376526
4150 3865 0.3226028382778168
4151 3912 0.2957652509212494
4152 3939 0.9108760356903076
4159 4034 0.26180967688560486
4160 4035 0.332367867231369
4161 4021 0.2806304395198822
4170 4018 0.27740994095802307
4183 3992 0.2756772041320801
4185 4051 0.4211002290248871
4191 3878 0.33889639377593994
4192 3952 0.47175922989845276
4193 4033 0.297563761472702
4197 4068 0.30072644352912903
4202 3538 0.2745993137359619
4203 4081 0.2682645618915558
4209 3951 0.4214288592338562
4211 4049 0.27498820424079895
4213 3453 0.30213528871536255
4225 4179 0.25454768538475037
4230 4006 0.37172457575798035
4245 4133 0.3853505551815033
4253 4017 0.2639121413230896
4257 4235 0.27461737394332886
4260 3452 0.27345284819602966
4266 4169 0.4464486837387085
4268 3509 0.3012528717517853
4269 3510 0.3397335410118103
4275 4168 0.25601938366889954
4276 4233 0.28701648116111755
4277 4193 0.265292227268219
4278 4202 0.2652168273925781
4286 3508 0.27558809518814087
4289 3967 0.2961460053920746
4294 4150 0.25831395387649536
4303 3605 0.3692249059677124
4304 3606 0.3357137441635132
4309 3989 0.2820930778980255
4311 3990 0.3792073130607605
4321 4118 0.47450485825538635
4328 4222 0.3010995090007782
4332 3486 0.4876897931098938
4333 3979 0.29882413148880005
4335 4046 0.2760028839111328
4336 4130 0.27975425124168396
4338 4131 0.2785644829273224
4344 3623 0.40629732608795166
4358 3667 0.27667462825775146
4365 4262 0.28036239743232727
4375 4293 0.32175111770629883
4380 4300 0.3034428060054779
4393 4329 0.43018120527267456
4407 4305 0.4467523694038391
4410 4310 0.26187410950660706
4411 4306 0.39694222807884216
4414 3700 0.9076970219612122
4418 3835 0.29274269938468933
4427 3833 0.40472567081451416
4431 4304 0.4310941696166992
4437 3834 0.28005534410476685
4438 3891 0.3046574890613556
4441 4361 0.2924608588218689
4448 4340 0.43783655762672424
4449 4367 0.26602616906166077
4453 3890 0.27366572618484497
4459 3938 0.306864857673645
4463 3851 0.4825249910354614
4488 4382 0.26076385378837585
4492 3921 0.3382996618747711
4493 3936 0.36562803387641907
4526 3965 0.2776769995689392
4547 3966 0.27505797147750854
4553 4280 0.8867209553718567
4558 4005 0.3481501638889313
4563 4030 0.26859429478645325
4566 3935 0.3198408782482147
4571 3988 0.33946311473846436
4580 4029 0.25152599811553955
4589 4518 0.34887537360191345
4591 4075 0.4270435869693756
4597 4491 0.2541137635707855
4602 4028 0.38569948077201843
4607 4492 0.26557597517967224
4608 4496 0.2538420259952545
4613 4064 0.2831261456012726
4614 4401 0.2812289595603943
4622 4392 0.3053911030292511
4626 4186 0.2550579905509949
4631 4104 0.26867935061454773
4639 4073 0.28958389163017273
4644 4558 0.2582467198371887
4647 4116 0.31069236993789673
4650 4191 0.25445207953453064
4653 4554 0.3483896255493164
4664 4127 0.27702683210372925
4679 4125 0.30785971879959106
4681 4279 0.3223485052585602
4693 4597 0.26524919271469116
4701 4158 0.4015580713748932
4702 4605 0.32094818353652954
4716 4612 0.2917432487010956
4732 4333 0.3089450001716614
4733 4620 0.36379677057266235
4763 4484 0.3186802268028259
4765 4297 0.30286315083503723
4788 4663 0.25244903564453125
4791 4417 0.26556509733200073
4792 4389 0.3751319944858551
4802 4400 0.41461360454559326
4808 4427 0.2701139748096466
4811 4418 0.3568286895751953
4819 4452 0.29537710547447205
4822 4460 0.29938122630119324
4828 4482 0.27164819836616516
4833 4474 0.2984262704849243
4840 4473 0.27291354537010193
4841 4489 0.28329360485076904
4843 4468 0.26530739665031433
4850 4510 0.31789010763168335
4853 4528 0.3132629692554474
4854 4529 0.3866865038871765
4880 4477 0.30441874265670776
4897 4526 0.2738719880580902
4910 4575 0.2985725998878479
4911 4566 0.27811959385871887
4913 4576 0.34173163771629333
4915 4649 0.2750251889228821
4920 4653 0.25386911630630493
4933 4621 0.26291409134864807
4938 4626 0.26203998923301697
