875
23 13 0.42464345693588257
47 33 0.6340004205703735
50 37 0.585671067237854
54 42 0.35447245836257935
58 46 0.35022881627082825
59 48 0.7259332537651062
62 53 0.3063943386077881
63 51 0.27087417244911194
66 54 0.33010828495025635
75 59 0.2748938202857971
80 64 0.3409994840621948
94 82 0.28728073835372925
106 116 0.30632537603378296
257 257 0.2902698814868927
335 353 0.46312636137008667
343 377 0.3575621247291565
353 378 0.3986288607120514
359 388 0.28074902296066284
361 381 0.25752684473991394
366 422 0.6241574883460999
385 435 0.37305137515068054
389 398 0.2575347125530243
392 403 0.26745760440826416
403 597 0.25040730834007263
409 448 0.5487967729568481
411 461 0.2613402009010315
421 458 0.29869934916496277
423 440 0.2596115171909332
424 470 0.27778002619743347
435 471 0.2843440771102905
467 510 0.33040907979011536
476 514 0.4410812258720398
480 518 0.4164610803127289
483 490 0.4518026113510132
494 539 0.35137665271759033
498 542 0.3064381778240204
508 548 0.26378104090690613
509 549 0.32676032185554504
516 550 0.4056399166584015
517 566 0.4115200638771057
518 633 0.26230350136756897
529 587 0.4324756860733032
540 656 0.37067848443984985
541 588 0.4080435335636139
545 643 0.29299741983413696
551 661 0.44830888509750366
556 616 0.30783388018608093
597 652 0.27605894207954407
601 701 0.5235666632652283
602 689 0.44334545731544495
604 690 0.2827931344509125
610 926 0.2970672845840454
618 708 0.329094260931015
622 698 0.4813791513442993
623 699 0.3194028437137604
625 681 0.27232077717781067
631 687 0.4110631048679352
632 700 0.3866256773471832
634 950 0.27720338106155396
639 630 0.32058876752853394
643 925 0.650075376033783
644 759 0.4464576244354248
649 722 0.34236839413642883
657 740 0.32603225111961365
659 995 0.27416834235191345
664 738 0.30651357769966125
667 790 0.3910592496395111
668 762 0.432726114988327
669 760 0.2627268433570862
674 736 0.3769361674785614
678 771 0.3735797107219696
679 755 0.2549857497215271
682 813 0.2845059931278229
684 671 0.2512780725955963
688 772 0.36222365498542786
689 782 0.2606174349784851
712 733 0.6090869307518005
715 844 0.30740615725517273
716 845 0.25677788257598877
719 716 0.37851542234420776
722 865 0.26519760489463806
724 745 0.4203130602836609
726 838 0.4029333293437958
734 839 0.35217005014419556
737 882 0.5743551850318909
740 751 0.3206973075866699
743 896 0.32906442880630493
746 732 0.28400474786758423
756 875 0.30838099122047424
757 1002 0.39806661009788513
762 861 0.2697445750236511
765 915 0.29535147547721863
767 916 0.27523115277290344
769 874 0.39030811190605164
771 862 0.2953506112098694
772 923 0.3429124653339386
784 780 0.362444132566452
786 909 0.3102065324783325
787 910 0.38955992460250854
788 893 0.4287096858024597
791 945 0.2567066550254822
793 779 0.4181169867515564
798 908 0.4505496621131897
801 894 0.3084389269351959
809 822 0.555736780166626
811 942 0.28206509351730347
825 949 0.4595200717449188
839 1004 0.3187212646007538
841 974 0.36760413646698
842 1200 0.26961904764175415
843 873 0.3048504590988159
847 1183 0.2757755517959595
865 1006 0.7468968629837036
889 922 0.32418498396873474
895 938 0.4311726987361908
900 905 0.2696051597595215
901 930 0.254698246717453
902 939 0.36462482810020447
903 940 0.44944244623184204
904 1040 0.31504741311073303
906 1030 0.3751763701438904
917 1257 0.27981188893318176
920 1265 0.397044837474823
925 954 0.2904941737651825
937 1090 0.2586289942264557
944 967 0.2618566155433655
953 982 0.3982238173484802
963 969 0.3140571713447571
964 970 0.25848475098609924
965 993 0.6483924984931946
1000 992 0.2702927887439728
1001 1039 0.3497775197029114
1008 1028 0.3585444986820221
1011 1133 0.26687973737716675
1012 1138 0.2517532408237457
1030 1038 0.3923996686935425
1037 1281 0.3176749348640442
1043 1158 0.37979796528816223
1046 1159 0.2972985506057739
1047 1145 0.25880736112594604
1052 1037 0.406772255897522
1057 1173 0.2853320240974426
1058 1166 0.3469301164150238
1066 1061 0.2825963497161865
1069 1086 0.483347088098526
1073 1174 0.5188060402870178
1085 1220 0.4392815828323364
1089 1079 0.2726159691810608
1115 1218 0.38441088795661926
1125 1217 0.32934102416038513
1127 1243 0.2966992259025574
1128 1244 0.27140140533447266
1132 1084 0.3399798572063446
1134 1027 0.3342738449573517
1137 1214 0.28848323225975037
1138 1215 0.27494099736213684
1139 1216 0.30802035331726074
1158 1107 0.42522984743118286
1176 1235 0.2860952317714691
1205 1154 0.3030596077442169
1221 1275 0.28314530849456787
1243 1372 0.30668696761131287
1249 1172 0.35843372344970703
1253 1312 0.27391141653060913
1259 1171 0.29060447216033936
1260 1195 0.41849517822265625
1269 1194 0.2857263386249542
1295 1192 0.2742323875427246
1297 1209 0.3197506070137024
1308 1506 0.33807873725891113
1321 1370 0.4968757927417755
1334 1274 0.31148776412010193
1367 1311 0.2682285010814667
1371 1461 0.44522160291671753
1386 1541 0.27862054109573364
1390 1323 0.3151889443397522
1419 1308 0.3093937635421753
1421 1321 0.2898809313774109
1422 1330 0.2881323993206024
1423 1322 0.2862912118434906
1424 1310 0.2603873610496521
1441 1504 0.32641738653182983
1452 1320 0.2965354323387146
1459 1349 0.31428247690200806
1463 1616 0.2545855641365051
1467 1338 0.37993094325065613
1468 1358 0.32415714859962463
1471 1398 0.34371036291122437
1478 1397 0.25799956917762756
1484 1348 0.4257703721523285
1502 1654 0.2734859585762024
1507 1566 0.27185189723968506
1509 1535 0.2630033791065216
1515 1419 0.37510910630226135
1519 1524 0.275282621383667
1521 1667 0.31618908047676086
1525 1444 0.29687923192977905
1527 1555 0.4661354720592499
1534 1503 0.30665069818496704
1535 1545 0.25454622507095337
1540 1519 0.33942654728889465
1543 1843 0.27003103494644165
1544 1700 0.39492854475975037
1546 1440 0.32101431488990784
1553 1480 0.3870152235031128
1560 1467 0.3734660744667053
1568 1439 0.31509849429130554
1569 1442 0.3670327961444855
1570 1417 0.40665629506111145
1575 1599 0.5247834324836731
1581 1441 0.3887152671813965
1582 1490 0.42997652292251587
1584 1500 0.3661940395832062
1587 1523 0.26427432894706726
1598 1454 0.34782591462135315
1600 1598 0.29592153429985046
1606 1637 0.25957438349723816
1612 1532 0.4526858925819397
1642 1847 0.2512531578540802
1648 1674 0.29450541734695435
1657 1543 0.3836323022842407
1660 1641 0.3207801878452301
1665 1880 0.40650275349617004
1666 1881 0.3116491138935089
1668 1890 0.29943689703941345
1671 1552 0.28365856409072876
1672 1563 0.42610546946525574
1679 1736 0.2670021653175354
1684 1553 0.3851914703845978
1689 1737 0.44083309173583984
1690 1696 0.30136004090309143
1697 1530 0.26030096411705017
1701 1597 0.2978510856628418
1704 1686 0.2511056065559387
1705 1920 0.2537142336368561
1708 1562 0.35512447357177734
1709 1620 0.29957371950149536
1715 1751 0.3647799491882324
1718 1956 0.2601235508918762
1722 1786 0.2777175009250641
1731 1575 0.2957122325897217
1732 1560 0.25349366664886475
1733 1561 0.2551966905593872
1740 1735 0.2753204107284546
1745 1574 0.3739379346370697
1749 1707 0.30205464363098145
1750 1785 0.32226428389549255
1751 1990 0.2644818127155304
1756 1588 0.5246312618255615
1757 1621 0.32058629393577576
1758 1650 0.2891111969947815
1762 1733 0.2850989103317261
1767 1967 0.2748917043209076
1773 1749 0.3880052864551544
1775 2038 0.2657865285873413
1781 1762 0.29200685024261475
1784 2024 0.2570633292198181
1787 1673 0.5376572608947754
1790 1750 0.28658077120780945
1792 1999 0.2613928020000458
1802 1784 0.2774559557437897
1805 2051 0.31386733055114746
1809 1672 0.4013069272041321
1810 1819 0.35674941539764404
1822 2048 0.29939064383506775
1835 1817 0.30583909153938293
1836 1918 0.2960672080516815
1837 1951 0.3361712396144867
1839 2047 0.5223328471183777
1841 2072 0.27598628401756287
1842 1728 0.25473904609680176
1853 1705 0.32888686656951904
1858 1818 0.28380006551742554
1861 2060 0.2787284255027771
1862 2078 0.30108943581581116
1876 1932 0.2950243353843689
1881 1727 0.6927312612533569
1882 1682 0.5628547072410583
1898 2170 0.2658139169216156
1904 1950 0.4231690764427185
1905 1987 0.38446515798568726
1906 1965 0.2603679895401001
1909 1814 0.259579598903656
1915 2145 0.3370189964771271
1931 1849 0.343330979347229
1932 1933 0.33340850472450256
1962 2267 0.278534471988678
1973 1898 0.2679097056388855
1976 1986 0.7752091288566589
1977 1964 0.3175598382949829
1978 2016 0.32822009921073914
1988 2256 0.2693168520927429
2011 2034 0.32566213607788086
2014 2296 0.27944573760032654
2027 1873 0.25206220149993896
2032 2341 0.2737818956375122
2034 1874 0.43169480562210083
2042 2045 0.3171512484550476
2043 2058 0.4393754303455353
2046 2392 0.657508134841919
2050 2120 0.3906097412109375
2051 2112 0.2923579514026642
2052 2121 0.26401257514953613
2054 2199 0.27514612674713135
2055 2364 0.3435317575931549
2066 2378 0.3333461880683899
2070 2370 0.26193004846572876
2072 2384 0.32720622420310974
2075 2102 0.32905346155166626
2076 2103 0.28735607862472534
2077 2180 0.2721618711948395
2079 2399 0.27010494470596313
2081 2382 0.2632337212562561
2090 2361 0.264579713344574
2095 2383 0.38905128836631775
2098 1976 0.38495349884033203
2104 1983 0.2739056944847107
2105 1985 0.297370582818985
2106 2014 0.25528091192245483
2112 2430 0.29728323221206665
2115 2033 0.33218881487846375
2120 1984 0.30405285954475403
2123 2179 0.2706810235977173
2128 2428 0.3472614586353302
2129 2429 0.3432956337928772
2139 2454 0.6055683493614197
2151 2400 0.4182852804660797
2166 2010 0.564967155456543
2167 2028 0.262543261051178
2169 2111 0.3333827555179596
2171 2166 0.2573302090167999
2182 2042 0.259350448846817
2184 2131 0.2902657091617584
2185 2460 0.3402335047721863
2189 2474 0.27820950746536255
2190 2461 0.2693825960159302
2195 2501 0.2543926239013672
2199 2093 0.32676902413368225
2200 2094 0.27465954422950745
2202 2210 0.3021393418312073
2216 2075 0.28328683972358704
2219 2099 0.4369180500507355
2220 2100 0.3865099251270294
2221 2084 0.40031883120536804
2222 2140 0.3607485294342041
2225 2473 0.3597058951854706
2228 2490 0.2739955484867096
2237 2250 0.310050368309021
2238 2340 0.26723042130470276
2239 2497 0.2829909026622772
2242 2091 0.37904101610183716
2252 2487 0.35738757252693176
2254 2500 0.26641207933425903
2264 2107 0.2719162106513977
2265 2092 0.27356186509132385
2270 2398 0.31663477420806885
2276 2110 0.30891817808151245
2280 2237 0.2742159068584442
2281 2521 0.2587597370147705
2284 2588 0.2757355868816376
2287 2109 0.440704882144928
2288 2130 0.4235982894897461
2289 2098 0.30108198523521423
2291 2164 0.31887662410736084
2296 2543 0.25237393379211426
2306 2235 0.32866203784942627
2308 2574 0.28929874300956726
2312 2624 0.27202150225639343
2314 2527 0.32345616817474365
2331 2295 0.2994343340396881
2341 2194 0.3381812870502472
2352 2389 0.28507092595100403
2353 2412 0.3879730999469757
2355 2640 0.2689123749732971
2356 2611 0.26351627707481384
2359 2627 0.4684278070926666
2367 2413 0.38631314039230347
2368 2472 0.28841885924339294
2370 2639 0.25199899077415466
2375 2249 0.30896973609924316
2388 2294 0.35253801941871643
2395 1896 0.5672432780265808
2396 2259 0.3185626268386841
2399 2303 0.27963021397590637
2400 2332 0.31398528814315796
2402 2339 0.3618687391281128
2407 2440 0.430603951215744
2413 2248 0.34640344977378845
2417 2471 0.2693687379360199
2423 2293 0.26013073325157166
2425 2691 0.427996426820755
2431 2725 0.3080074191093445
2432 2726 0.34671908617019653
2437 2301 0.31760406494140625
2438 2346 0.33622413873672485
2441 2438 0.2533300518989563
2443 2450 0.3556976318359375
2444 2451 0.33035677671432495
2445 2668 0.5492129921913147
2448 2670 0.2776515781879425
2456 2276 0.3222304582595825
2458 2330 0.37983420491218567
2459 2318 0.31731554865837097
2471 2316 0.30134567618370056
2473 2375 0.2689487934112549
2486 2388 0.2735978662967682
2487 2525 0.2580094039440155
2496 2736 0.8091391324996948
2502 2345 0.337997168302536
2503 2540 0.2746485471725464
2509 2814 0.29118648171424866
2510 2848 0.276984304189682
2514 2405 0.49676206707954407
2516 2826 0.3574884533882141
2525 2541 0.26575738191604614
2535 2781 0.2642151117324829
2536 2831 0.2676175832748413
2541 2365 0.30458688735961914
2544 2424 0.2888675630092621
2547 2809 0.36562663316726685
2550 2847 0.2825152277946472
2556 2571 0.41252991557121277
2559 2823 0.2854754626750946
2561 2880 0.2604857385158539
2563 2387 0.4954666495323181
2569 2832 0.34788694977760315
2571 2824 0.26154613494873047
2572 2825 0.27182337641716003
2573 2846 0.3441620171070099
2574 2897 0.2977900207042694
2579 2386 0.3438224792480469
2587 2878 0.36801454424858093
2590 2422 0.3939129412174225
2600 2402 0.2641914188861847
2601 2417 0.5197271108627319
2602 2808 0.2879151403903961
2605 2857 0.28238457441329956
2611 2929 0.27206119894981384
2618 2423 0.3066796660423279
2625 2888 0.2720121741294861
2627 2858 0.2978479564189911
2639 2874 0.3364926278591156
2644 2434 0.2984117567539215
2667 2887 0.2524603605270386
2668 2914 0.2916698157787323
2673 2149 0.3004503846168518
2682 2934 0.28249743580818176
2685 2172 0.29998111724853516
2689 2469 0.2624951899051666
2690 2484 0.6549853086471558
2708 2171 0.3095380663871765
2710 2466 0.3477615714073181
2717 2940 0.27544331550598145
2719 3021 0.26036202907562256
2728 2998 0.26893749833106995
2729 2973 0.2634328603744507
2743 2191 0.2929619252681732
2745 2465 0.31445667147636414
2751 3002 0.3194205164909363
2753 3012 0.4543159604072571
2763 3041 0.26155537366867065
2764 3049 0.28036051988601685
2767 2699 0.30193856358528137
2768 2974 0.27835413813591003
2770 3061 0.2889695167541504
2771 3050 0.3731648623943329
2777 3020 0.27284979820251465
2782 2682 0.3042164742946625
2785 3008 0.3582741320133209
2786 3059 0.40439772605895996
2791 2312 0.2771246135234833
2793 2246 0.2954573929309845
2799 3058 0.318426251411438
2800 3048 0.29059115052223206
2801 3009 0.42481639981269836
2803 3028 0.34243011474609375
2807 2769 0.31111133098602295
2808 2746 0.5711897611618042
2809 2830 0.31625333428382874
2812 2999 0.4344097971916199
2816 2735 0.3960457146167755
2818 3067 0.3469744622707367
2820 2273 0.2584191858768463
2822 2600 0.25016242265701294
2828 2709 0.3481053411960602
2832 3069 0.2802979648113251
2836 2291 0.26517054438591003
2853 2621 0.2641344666481018
2854 2909 0.3535693287849426
2855 3089 0.29952630400657654
2861 2770 0.37013307213783264
2862 3157 0.34423717856407166
2865 2807 0.35921019315719604
2867 3105 0.35598811507225037
2868 3088 0.5822733044624329
2876 3107 0.3000907003879547
2877 3141 0.252165824174881
2887 2820 0.34634071588516235
2889 3108 0.3381103277206421
2890 3169 0.25428685545921326
2893 3120 0.28569716215133667
2894 3155 0.29215309023857117
2895 2768 0.5138342976570129
2898 2841 0.28015846014022827
2900 2950 0.34896156191825867
2901 3106 0.36628204584121704
2915 2851 0.3385268747806549
2916 3153 0.3677181005477905
2918 3167 0.3404977321624756
2923 2872 0.2703345715999603
2928 3135 0.2911517918109894
2947 3142 0.2716178894042969
2949 2882 0.8291508555412292
2950 2904 0.3656810224056244
2954 3152 0.2546249032020569
2956 3195 0.3448052704334259
2960 2895 0.31811970472335815
2961 3196 0.2968871593475342
2965 2924 0.29980552196502686
2970 3213 0.284270316362381
2982 3176 0.43861597776412964
2992 3227 0.25390714406967163
2993 3228 0.2600538432598114
3003 2839 0.5600821375846863
3004 2949 0.5040462613105774
3018 3260 0.4329477846622467
3027 2870 0.3391544222831726
3028 2961 0.4556402266025543
3032 2982 0.39396852254867554
3041 3252 0.41025906801223755
3044 2902 0.3592112064361572
3051 3298 0.300419420003891
3055 3259 0.3688356578350067
3060 2995 0.5195383429527283
3061 2996 0.3061840236186981
3064 3092 0.3576013147830963
3069 3283 0.3669743537902832
3070 3340 0.2701353430747986
3071 3346 0.2664908468723297
3089 3368 0.34224042296409607
3092 2531 0.3530443608760834
3095 3017 0.3643745481967926
3096 3026 0.30599576234817505
3100 3371 0.472328245639801
3103 2589 0.31574854254722595
3104 2598 0.28209710121154785
3120 3314 0.3485235571861267
3121 3369 0.6623150110244751
3134 3057 0.3708032965660095
3144 3355 0.35732996463775635
3155 3117 0.28776663541793823
3157 3431 0.3533916771411896
3172 3406 0.3479320704936981
3185 3430 0.35131970047950745
3191 3047 0.41158953309059143
3194 3455 0.49616268277168274
3201 3150 0.31232184171676636
3208 3476 0.3065653145313263
3209 3464 0.29708173871040344
3210 3454 0.3533552587032318
3233 3076 0.3909861743450165
3236 3436 0.2516154646873474
3237 3517 0.30990228056907654
3238 3493 0.3062284290790558
3241 2901 0.5682471394538879
3251 3437 0.325592577457428
3263 3294 0.3274272382259369
3273 3474 0.33670610189437866
3279 3595 0.2730603814125061
3283 3249 0.26625892519950867
3301 3572 0.2604939341545105
3302 3573 0.2596439719200134
3307 3515 0.30073875188827515
3308 3526 0.46219536662101746
3311 3593 0.2561412453651428
3318 2837 0.25937148928642273
3319 3086 0.377898633480072
3336 3550 0.2992490530014038
3338 3516 0.28584298491477966
3343 2730 0.2787587344646454
3351 3639 0.2597336173057556
3353 3621 0.32757559418678284
3360 3132 0.2635255753993988
3367 3706 0.2944939136505127
3368 3793 0.2715984582901001
3374 3268 0.3942229747772217
3380 3682 0.4913381040096283
3385 2804 0.2770836651325226
3392 2958 0.40832653641700745
3393 3181 0.27846381068229675
3394 3200 0.30614665150642395
3407 3705 0.27555155754089355
3409 3741 0.3882443904876709
3410 3852 0.2860892415046692
3413 2827 0.26503679156303406
3416 3204 0.39774635434150696
3419 3377 0.6277744770050049
3423 3680 0.31920674443244934
3427 3668 0.2776573896408081
3429 3756 0.3715360164642334
3431 2992 0.4696292579174042
3433 3203 0.4373044967651367
3438 3327 0.4589284062385559
3471 3738 0.25946104526519775
3472 3755 0.28110265731811523
3476 3849 0.2941208779811859
3485 3784 0.5289139747619629
3486 3712 0.3797646462917328
3493 3400 0.2669387757778168
3497 3354 0.36237430572509766
3499 3380 0.32267236709594727
3501 3736 0.3651582896709442
3502 3819 0.32668864727020264
3505 3877 0.42379748821258545
3518 3917 0.27351048588752747
3519 3074 0.2911092936992645
3531 3385 0.28663352131843567
3533 3734 0.3096771538257599
3535 3767 0.2715036869049072
3537 2980 0.28053489327430725
3545 3412 0.41135525703430176
3552 3801 0.33526676893234253
3553 3802 0.2945674955844879
3557 3383 0.39187124371528625
3563 3817 0.2953762412071228
3571 3279 0.3120419979095459
3581 3815 0.5518812537193298
3583 3979 0.6475218534469604
3584 3993 0.2503514289855957
3589 3448 0.26131802797317505
3590 3545 0.298042893409729
3595 3907 0.3085116147994995
3596 3908 0.30160731077194214
3597 3967 0.27430954575538635
3599 2990 0.3222341537475586
3606 2937 0.3265790045261383
3610 3302 0.26508837938308716
3615 3267 0.4684814214706421
3616 3396 0.3495391011238098
3620 3941 0.2948375940322876
3622 3353 0.2636432349681854
3624 3544 0.5448620915412903
3625 3588 0.29013922810554504
3636 4003 0.33311864733695984
3640 2971 0.2626892626285553
3648 3447 0.2551134526729584
3655 3470 0.30270981788635254
3656 3580 0.2991352081298828
3662 3956 0.49860647320747375
3667 4005 0.33397114276885986
3668 4032 0.3290722668170929
3674 3351 0.2578800320625305
3675 3360 0.3242601156234741
3676 3524 0.3706813156604767
3677 3533 0.3189651370048523
3682 3940 0.25634506344795227
3687 3541 0.2822149693965912
3690 3618 0.5497658848762512
3694 3978 0.2514209449291229
3695 3992 0.5541538000106812
3699 3991 0.5615829229354858
3706 4041 0.4221831262111664
3707 4042 0.3017028272151947
3708 3053 0.2705267071723938
3709 3062 0.33257585763931274
3715 3578 0.3756682872772217
3717 3579 0.32934072613716125
3722 3468 0.2761002779006958
3726 3698 0.2625698149204254
3733 4078 0.2734927535057068
3742 3629 0.25667065382003784
3743 3616 0.25400862097740173
3756 3546 0.26662203669548035
3757 4107 0.37877288460731506
3759 4170 0.3716628849506378
3769 3652 0.32006025314331055
3772 3604 0.27059146761894226
3776 4119 0.3164732754230499
3777 4109 0.293434739112854
3778 4110 0.27755123376846313
3781 3097 0.2513267397880554
3783 3678 0.3020581007003784
3784 4220 0.41451436281204224
3785 3096 0.2586936056613922
3788 3445 0.3694598376750946
3791 3506 0.25396525859832764
3792 3614 0.28159287571907043
3802 4218 0.31964847445487976
3805 3627 0.2945691645145416
3808 4290 0.2687213718891144
3813 3202 0.32216164469718933
3815 3486 0.4929690957069397
3818 3663 0.34306424856185913
3819 3696 0.28522756695747375
3823 4216 0.261041522026062
3824 4169 0.28312423825263977
3830 3129 0.28330954909324646
3832 3661 0.31140193343162537
3834 3676 0.3516247272491455
3835 3677 0.3571729063987732
3840 4230 0.3798367381095886
3842 3112 0.2507949471473694
3849 3695 0.25527676939964294
3855 4182 0.39783966541290283
3856 4199 0.42868760228157043
3859 3146 0.29256629943847656
3862 3562 0.3141883909702301
3874 4288 0.4437151551246643
3875 4289 0.2639748156070709
3878 3560 0.28727662563323975
3880 3719 0.30038389563560486
3885 3732 0.297208696603775
3888 4206 0.392665833234787
3891 4294 0.4158284664154053
3898 3563 0.3377104103565216
3901 3245 0.8235713243484497
3903 3612 0.36976757645606995
3906 3750 0.4323424994945526
3912 4238 0.3612818419933319
3913 4248 0.3833371698856354
3917 3779 0.2649597227573395
3922 3559 0.4064255952835083
3926 3834 0.2700740396976471
3936 3778 0.47439807653427124
3949 3647 0.2717399299144745
3950 3777 0.2971786558628082
3951 3813 0.330031156539917
3955 4293 0.3815234303474426
3957 3687 0.8954373002052307
3962 3868 0.2533087730407715
3980 4298 0.25978463888168335
3981 4305 0.30891552567481995
3982 4306 0.295898973941803
3993 3244 0.6287505030632019
4004 3256 0.49990344047546387
4016 3686 0.3239751160144806
4017 3883 0.37347283959388733
4026 3691 0.3338717818260193
4027 3749 0.4276961088180542
4035 3685 0.7920925617218018
4036 3748 0.3795553743839264
4052 3899 0.415550172328949
4063 3812 0.3433800935745239
4083 3347 0.3028819262981415
4086 3395 0.2759336531162262
4087 3922 0.38065555691719055
4088 3865 0.295686274766922
4105 4001 0.5782866477966309
4112 4431 0.30080360174179077
4130 3897 0.256421834230423
4134 4021 0.2504543662071228
4138 3357 0.36144208908081055
4144 4000 0.2652183473110199
4149 3864 0.2788752019405365
4150 3842 0.36120879650115967
4151 3896 0.3323237895965576
4152 3898 0.8072192668914795
4180 3381 0.32727551460266113
4183 3934 0.28324469923973083
4184 3988 0.26952752470970154
4185 4051 0.46128779649734497
4190 3831 0.3513548672199249
4192 3933 0.43167629837989807
4193 4028 0.2751253843307495
4197 4072 0.29454052448272705
4202 3521 0.3400680720806122
4203 4071 0.31358131766319275
4213 3442 0.2923526465892792
4216 3895 0.2616010308265686
4218 4059 0.2598024904727936
4223 3953 0.27640509605407715
4236 3483 0.26858559250831604
4244 4123 0.3662121891975403
4245 4124 0.39810800552368164
4260 3441 0.37920406460762024
4266 4176 0.4740692973136902
4269 3520 0.3413316607475281
4277 4203 0.3796839118003845
4289 3946 0.30088508129119873
4303 3585 0.4376048743724823
4304 3586 0.32527291774749756
4305 3598 0.2506328523159027
4321 4082 0.29308992624282837
4328 4254 0.27783751487731934
4332 3467 0.45285603404045105
4334 3972 0.27534666657447815
4335 3995 0.3300667405128479
4349 4255 0.2804985046386719
4365 4286 0.32117170095443726
4368 3501 0.32969990372657776
4375 4287 0.40011653304100037
4380 4303 0.27274468541145325
4391 4242 0.2750372588634491
4392 4285 0.3053669333457947
4393 4324 0.43180063366889954
4407 4302 0.35701999068260193
4409 4323 0.2717241048812866
4410 4304 0.29209792613983154
4414 3672 0.9218021035194397
4418 3808 0.3227176070213318
4425 4379 0.2867136299610138
4427 3824 0.36845457553863525
4431 4310 0.5003212690353394
4437 3825 0.2560264766216278
4440 4322 0.388986736536026
4441 4364 0.3251854479312897
4448 4361 0.27470746636390686
4450 4378 0.26607057452201843
4457 3718 0.25959691405296326
4459 3930 0.284394770860672
4463 3879 0.4536384046077728
4467 4370 0.2634504437446594
4472 3880 0.2714063227176666
4493 3929 0.4208132028579712
4510 3861 0.27320313453674316
4526 3951 0.27506348490715027
4527 3952 0.25564122200012207
4544 3856 0.262784481048584
4547 3982 0.285637766122818
4558 4047 0.31712767481803894
4563 4055 0.3063601553440094
4566 3943 0.40258723497390747
4567 3981 0.2544069290161133
4571 3969 0.3882640302181244
4581 4467 0.2847239673137665
4589 4510 0.28231188654899597
4590 4556 0.26254552602767944
4591 4099 0.49976474046707153
4595 4320 0.28849396109580994
4597 4481 0.2740713357925415
4599 4543 0.2505568563938141
4602 4013 0.3252570927143097
4607 4482 0.27905982732772827
4611 4319 0.46982860565185547
4626 4173 0.26881441473960876
4634 4339 0.36746323108673096
4639 4096 0.2668018639087677
4647 4113 0.2923819124698639
4653 4547 0.26532357931137085
4664 4098 0.2616184949874878
4679 4136 0.296364963054657
4681 4276 0.4155779182910919
4701 4134 0.3936954736709595
4716 4608 0.2560523450374603
4732 4318 0.28957974910736084
4733 4635 0.32147568464279175
4761 4374 0.3140619695186615
4763 4466 0.4182266592979431
4765 4274 0.3839697539806366
4787 4388 0.4133971333503723
4792 4387 0.38035619258880615
4793 4508 0.33406639099121094
4808 4411 0.264088898897171
4809 4412 0.251457154750824
4811 4413 0.32057681679725647
4817 4347 0.27784889936447144
4822 4454 0.30276235938072205
4828 4464 0.32376325130462646
4833 4478 0.3150876760482788
4841 4497 0.3187091052532196
4843 4492 0.2817384600639343
4853 4514 0.2646917700767517
4854 4515 0.2504849433898926
4880 4469 0.3033357560634613
4888 4496 0.2897952198982239
4896 4631 0.27079203724861145
4910 4580 0.286977618932724
4911 4566 0.26084619760513306
4912 4567 0.2672472596168518
4913 4581 0.3862534463405609
4914 4582 0.33739525079727173
4917 4650 0.25797349214553833
4920 4657 0.32432693243026733
4948 4666 0.27167564630508423
4949 4670 0.44621542096138
