1663
19 14 0.32017290592193604
35 47 0.5210084915161133
52 54 0.35982459783554077
53 55 0.5322480201721191
58 59 0.3297193944454193
60 62 0.3159431219100952
64 67 0.30527523159980774
65 71 0.279779851436615
69 70 0.2583945393562317
82 81 0.28238484263420105
83 84 0.2658524513244629
128 166 0.29737454652786255
139 129 0.30670657753944397
152 148 0.36569809913635254
180 185 0.2662149965763092
181 186 0.2799685597419739
189 199 0.26742494106292725
196 214 0.30987122654914856
207 210 0.3258376717567444
211 229 0.2914690375328064
213 228 0.27653536200523376
217 240 0.2551981508731842
244 254 0.3649173974990845
257 278 0.2720080018043518
260 286 0.3325251042842865
263 299 0.40288683772087097
279 336 0.27216655015945435
285 319 0.26773601770401
288 342 0.2805185914039612
289 295 0.25537100434303284
296 352 0.31070956587791443
297 337 0.28112974762916565
300 360 0.27959421277046204
302 388 0.25489580631256104
304 292 0.26772400736808777
310 318 0.31404221057891846
311 366 0.25557175278663635
319 403 0.3042222559452057
323 381 0.3650740087032318
326 415 0.42833656072616577
327 417 0.28349441289901733
329 418 0.2803955376148224
334 395 0.5623300075531006
335 368 0.27285733819007874
349 445 0.2502993941307068
371 466 0.4587966799736023
377 452 0.42281287908554077
382 479 0.3544352650642395
386 441 0.6315045952796936
399 545 0.3239065408706665
400 411 0.28524333238601685
404 491 0.2706655263900757
405 493 0.3221161663532257
415 448 0.5340585708618164
424 474 0.25218313932418823
428 531 0.5463471412658691
431 494 0.255306214094162
432 475 0.48527589440345764
433 489 0.44290173053741455
446 569 0.37666845321655273
447 570 0.2894262373447418
451 580 0.35201728343963623
452 543 0.2576054632663727
453 517 0.2944020628929138
456 581 0.30737096071243286
462 515 0.2728125751018524
464 529 0.7431623935699463
478 542 0.27185189723968506
479 554 0.9055760502815247
487 628 0.3475865125656128
499 567 0.2745867371559143
501 568 0.39128533005714417
513 658 0.3396298885345459
519 600 0.32632994651794434
520 601 0.2528420090675354
522 602 0.5124523043632507
526 691 0.3441062271595001
530 610 0.4555342197418213
532 613 0.2580847144126892
533 657 0.5117387771606445
538 612 0.26963165402412415
542 690 0.6613549590110779
547 700 0.3626612722873688
550 622 0.28524795174598694
551 676 0.3987022340297699
552 701 0.4372502863407135
556 604 0.39520394802093506
562 756 0.31806206703186035
564 662 0.3642731010913849
566 674 0.3574298322200775
568 639 0.36022597551345825
569 735 0.3367635905742645
578 672 0.4136258661746979
582 631 0.38552919030189514
586 710 0.5251278281211853
589 757 0.4014072120189667
594 673 0.2932036817073822
595 768 0.493985652923584
596 769 0.3208068013191223
605 695 0.3326418399810791
610 685 0.26147380471229553
618 718 0.30837658047676086
621 675 0.35033538937568665
622 727 0.30966147780418396
625 819 0.3877914547920227
631 808 0.40114662051200867
632 824 0.28759488463401794
637 823 0.28305351734161377
643 726 0.5899431705474854
644 720 0.29088062047958374
650 809 0.3907930552959442
654 755 0.42113196849823
657 858 0.31636643409729004
658 859 0.2851310074329376
661 822 0.2644631564617157
662 857 0.36925941705703735
666 764 0.6047903299331665
667 786 0.3184666633605957
668 753 0.4306277930736542
675 655 0.30315473675727844
681 775 0.2626158893108368
683 744 0.2663081884384155
686 794 0.3339370787143707
688 896 0.3436012268066406
689 777 0.5713363289833069
690 785 0.3475619852542877
691 733 0.2541862428188324
694 838 0.3901280164718628
700 793 0.38681820034980774
701 804 0.4348773658275604
703 742 0.28047096729278564
704 766 0.300345242023468
713 927 0.37682369351387024
716 765 0.41276445984840393
718 821 0.42755624651908875
719 795 0.48085469007492065
721 894 0.41370120644569397
726 834 0.2618566155433655
729 814 0.4168850779533386
733 941 0.2999127507209778
734 845 0.36616259813308716
736 846 0.38328489661216736
738 820 0.36954545974731445
741 849 0.34884777665138245
747 999 0.5743266940116882
750 887 0.6073213219642639
755 877 0.4797631502151489
762 875 0.31419798731803894
763 885 0.8504965901374817
764 888 0.2652985453605652
765 878 0.3412395715713501
774 915 0.29898691177368164
776 919 0.46340999007225037
777 920 0.44633758068084717
779 806 0.29694661498069763
780 952 0.25595763325691223
782 936 0.4416128098964691
791 917 0.26765763759613037
792 937 0.3821924030780792
794 921 0.32775402069091797
800 953 0.6595252752304077
806 949 0.30370280146598816
807 965 0.4340246915817261
821 978 0.34589409828186035
822 966 0.30642005801200867
823 967 0.3284430205821991
826 951 0.28162965178489685
827 983 0.34642526507377625
833 867 0.3290829658508301
834 962 0.2649923264980316
835 994 0.5436864495277405
841 982 0.4000825881958008
843 995 0.38416242599487305
844 968 0.6710020899772644
849 993 0.7087302803993225
850 1004 0.4298953413963318
851 1005 0.49284783005714417
858 992 0.2632748782634735
860 934 0.5165404677391052
870 1006 0.2631867825984955
871 1019 0.38822105526924133
878 1046 0.3079052269458771
881 1026 0.466720849275589
886 1058 0.2886780798435211
898 1017 0.26088276505470276
901 957 0.26807302236557007
909 1060 0.6907666921615601
911 1062 0.3798624575138092
916 1069 0.2781068682670593
917 1070 0.5061561465263367
918 1071 0.34853020310401917
919 1120 0.27968302369117737
922 1097 0.5275779366493225
925 1157 0.28102171421051025
931 975 0.3217228949069977
938 1095 0.4661710262298584
940 1106 0.34441056847572327
941 1096 0.3108568787574768
958 1042 0.25209319591522217
973 1123 0.33028778433799744
976 1121 0.5432178974151611
977 1133 0.37095752358436584
978 1104 0.2737320363521576
980 1187 0.2887430787086487
1003 1125 0.4382120966911316
1008 1211 0.27769631147384644
1011 1122 0.25086671113967896
1012 1183 0.2594543397426605
1018 1149 0.29179251194000244
1021 1220 0.33889544010162354
1024 1165 0.2871473431587219
1025 1152 0.33366966247558594
1026 1153 0.3173781931400299
1027 1142 0.34473884105682373
1028 1154 0.3446205258369446
1030 1143 0.26555952429771423
1034 1156 0.3919934630393982
1036 1079 0.4470234215259552
1039 1150 0.28326523303985596
1041 1155 0.26450100541114807
1047 1166 0.43955564498901367
1055 1174 0.2902430295944214
1059 1181 0.3567188084125519
1060 1197 0.2549130618572235
1062 1282 0.25445812940597534
1066 1167 0.3451395332813263
1070 1208 0.3769480288028717
1073 1203 0.3265945613384247
1074 1229 0.5667414665222168
1076 1204 0.2988814115524292
1077 1219 0.35978102684020996
1078 1271 0.3449496626853943
1085 1272 0.48609015345573425
1087 1291 0.6922234296798706
1088 1297 0.2811868488788605
1095 1210 0.313325434923172
1096 1217 0.29727786779403687
1098 1218 0.5240716934204102
1103 1302 0.28361284732818604
1104 1296 0.2556402385234833
1105 1318 0.2633175849914551
1107 1224 0.2865821421146393
1109 1227 0.36299067735671997
1110 1228 0.48394671082496643
1112 1238 0.35174882411956787
1116 1262 0.35534366965293884
1117 1263 0.3275940418243408
1118 1226 0.2770577669143677
1119 1239 0.43203747272491455
1122 1240 0.4411165416240692
1127 1235 0.38355109095573425
1134 1303 0.5993677377700806
1137 1249 0.32870498299598694
1138 1269 0.2590029239654541
1140 1250 0.27433910965919495
1141 1251 0.3344501852989197
1142 1252 0.25820043683052063
1144 1253 0.2708764970302582
1145 1312 0.3052656054496765
1149 1259 0.29771506786346436
1150 1260 0.3392420709133148
1153 1267 0.37751033902168274
1161 1359 0.27769580483436584
1164 1273 0.3859110176563263
1166 1299 0.46766141057014465
1167 1288 0.3811852037906647
1168 1277 0.34853318333625793
1169 1278 0.464015394449234
1173 1285 0.252595454454422
1174 1236 0.3258609473705292
1176 1357 0.5082631707191467
1177 1360 0.32580316066741943
1181 1233 0.3205814063549042
1182 1264 0.3528763949871063
1184 1231 0.2761458456516266
1192 1391 0.327018141746521
1194 1392 0.34895357489585876
1198 1309 0.3403075039386749
1204 1289 0.4327413737773895
1205 1241 0.2717368006706238
1210 1403 0.28271952271461487
1213 1436 0.2665787935256958
1216 1352 0.3286786675453186
1224 1460 0.29501843452453613
1226 1298 0.2882038652896881
1227 1338 0.33871546387672424
1229 1293 0.26625004410743713
1236 1257 0.30610519647598267
1242 1336 0.2703683376312256
1244 1329 0.4776553511619568
1245 1314 0.31257542967796326
1246 1294 0.41767260432243347
1252 1337 0.5872723460197449
1253 1353 0.37265950441360474
1270 1348 0.3302417993545532
1271 1364 0.3692583441734314
1276 1350 0.3832486867904663
1279 1332 0.2955780029296875
1294 1334 0.30555397272109985
1296 1516 0.2866922914981842
1297 1503 0.31125199794769287
1300 1395 0.39629507064819336
1301 1365 0.3151390552520752
1302 1351 0.42910563945770264
1305 1416 0.32122623920440674
1313 1378 0.2908717393875122
1317 1370 0.32793474197387695
1324 1559 0.26782387495040894
1330 1377 0.2682100832462311
1331 1406 0.3711185157299042
1335 1421 0.3889429569244385
1337 1371 0.2878865599632263
1342 1414 0.3497368395328522
1343 1422 0.4186372756958008
1344 1423 0.3538007140159607
1346 1441 0.26396098732948303
1347 1443 0.31184622645378113
1357 1433 0.4352615773677826
1358 1434 0.4148346781730652
1359 1440 0.3279891610145569
1366 1593 0.3225170075893402
1376 1432 0.3948678970336914
1377 1452 0.3477662205696106
1378 1487 0.360239714384079
1381 1448 0.45518115162849426
1386 1469 0.32029902935028076
1388 1451 0.28085291385650635
1404 1408 0.3601514399051666
1405 1488 0.26990512013435364
1408 1590 0.26192179322242737
1417 1481 0.44341692328453064
1426 1497 0.5037382245063782
1427 1468 0.2968364953994751
1429 1509 0.35060542821884155
1432 1618 0.30720657110214233
1438 1453 0.26489579677581787
1442 1667 0.4567004144191742
1443 1681 0.30922117829322815
1445 1682 0.3530844449996948
1450 1480 0.44092559814453125
1451 1496 0.45873019099235535
1452 1498 0.3199256956577301
1455 1500 0.3179998993873596
1458 1643 0.4003482162952423
1466 1507 0.2559732496738434
1467 1508 0.44648316502571106
1468 1546 0.41214925050735474
1469 1527 0.3074788451194763
1472 1486 0.29075804352760315
1478 1540 0.4528966248035431
1485 1653 0.3436831533908844
1486 1695 0.32626521587371826
1487 1707 0.5500076413154602
1494 1537 0.3140520751476288
1495 1539 0.38272419571876526
1496 1547 0.2933611571788788
1499 1678 0.2759847044944763
1502 1776 0.2811884582042694
1507 1545 0.4096624553203583
1508 1560 0.258038192987442
1511 1581 0.26351049542427063
1512 1588 0.4651234745979309
1513 1677 0.2708517014980316
1521 1572 0.28719034790992737
1528 1589 0.6864017248153687
1532 1544 0.3086608052253723
1541 1576 0.36311671137809753
1543 1578 0.8038314580917358
1544 1596 0.4211030602455139
1546 1586 0.3778914213180542
1566 1597 0.3387073874473572
1575 1636 0.5395917892456055
1576 1615 0.28044289350509644
1580 1595 0.25215476751327515
1581 1625 0.3565198481082916
1584 1604 0.4162566065788269
1587 1718 0.3316819965839386
1600 1632 0.3661465346813202
1607 1613 0.2736216187477112
1608 1634 0.3354637920856476
1613 1786 0.3332689702510834
1614 1772 0.3457780182361603
1615 1773 0.350129634141922
1616 1753 0.3854975700378418
1622 1612 0.40583959221839905
1623 1622 0.31262698769569397
1629 1853 0.2667723298072815
1635 1611 0.26720622181892395
1636 1623 0.2721312642097473
1637 1624 0.3203350901603699
1639 1587 0.35440754890441895
1641 1673 0.3984847962856293
1642 1795 0.38111287355422974
1651 1692 0.2650454044342041
1659 1887 0.4177662432193756
1663 1631 0.7611757516860962
1673 1669 0.34818965196609497
1674 1670 0.27232804894447327
1675 1672 0.30149486660957336
1676 1614 0.42760640382766724
1677 1715 0.27295544743537903
1679 1829 0.3879257142543793
1683 1923 0.5115299820899963
1684 1688 0.36599117517471313
1685 1765 0.32689183950424194
1687 1751 0.2956501841545105
1693 1924 0.34266597032546997
1694 1945 0.27181950211524963
1698 1686 0.33733025193214417
1699 1687 0.3438732922077179
1700 1689 0.28517234325408936
1703 1739 0.30680572986602783
1711 1711 0.3422645926475525
1712 1690 0.30008241534233093
1713 1750 0.2844560742378235
1715 1764 0.3663375973701477
1716 1781 0.33317679166793823
1717 1729 0.3094082176685333
1723 1871 0.36286261677742004
1728 1725 0.41198813915252686
1730 1782 0.26441726088523865
1732 1794 0.4068017303943634
1733 1783 0.6773931384086609
1734 1784 0.5444112420082092
1735 1851 0.30317553877830505
1747 1714 0.3705512583255768
1753 1967 0.28053945302963257
1754 1723 0.278391569852829
1755 1724 0.31808844208717346
1756 1712 0.2678642272949219
1757 1713 0.2812080383300781
1761 1792 0.4050523340702057
1763 1802 0.2502215802669525
1770 1964 0.25122010707855225
1778 1828 0.43793386220932007
1779 1903 0.3608933985233307
1786 1726 0.34207695722579956
1791 1839 0.2636988162994385
1799 1821 0.30365586280822754
1810 2039 0.29546865820884705
1812 2055 0.5535664558410645
1813 2007 0.2521112263202667
1818 1870 0.2973342835903168
1819 1838 0.29256463050842285
1820 1960 0.4084570109844208
1827 1791 0.9126559495925903
1828 1800 0.3184621036052704
1830 1869 0.2883542478084564
1833 1881 0.37154558300971985
1839 1942 0.2614104747772217
1841 2053 0.3770087957382202
1849 1827 0.35470983386039734
1858 2064 0.2600769102573395
1864 2018 0.30380216240882874
1866 2075 0.27666065096855164
1869 1910 0.3827252984046936
1872 2013 0.2942308485507965
1873 2014 0.25841179490089417
1880 2004 0.43012869358062744
1885 2120 0.29203081130981445
1886 1909 0.2718067765235901
1887 2084 0.29071202874183655
1890 2138 0.26476699113845825
1894 1848 0.31706899404525757
1898 1951 0.5365232825279236
1899 2012 0.27652350068092346
1904 2137 0.28162750601768494
1911 1932 0.48848623037338257
1914 2050 0.29520249366760254
1915 2051 0.2860240340232849
1918 2070 0.25403743982315063
1922 1895 0.30170512199401855
1925 1929 0.26325130462646484
1931 2136 0.29602712392807007
1934 1859 0.49026811122894287
1935 1860 0.3452633023262024
1936 1926 0.3358549475669861
1940 2069 0.32342007756233215
1953 2101 0.30001774430274963
1957 2145 0.3657825291156769
1965 2010 0.3240554630756378
1967 2117 0.29018959403038025
1968 2099 0.2854847311973572
1969 2109 0.29974547028541565
1970 2100 0.3772979974746704
1973 2192 0.25084376335144043
1976 1896 0.4367014467716217
1981 2002 0.5934219360351562
1982 2098 0.37807780504226685
1993 2190 0.45577409863471985
1997 1989 0.26471245288848877
1999 1972 0.2959785461425781
2002 2009 0.26257357001304626
2003 2001 0.2901840806007385
2004 2048 0.43075141310691833
2006 2061 0.389147013425827
2008 2062 0.3826654553413391
2011 2134 0.2623830735683441
2013 2130 0.3197036385536194
2016 2224 0.25632649660110474
2022 1939 0.531412661075592
2029 2060 0.33412277698516846
2035 2238 0.2829495966434479
2036 2251 0.2833133041858673
2039 1988 0.2969149053096771
2041 2167 0.30594292283058167
2043 1968 0.29011601209640503
2045 2000 0.31840136647224426
2056 2181 0.4480699598789215
2060 2284 0.2749651372432709
2061 2269 0.26137658953666687
2067 2067 0.3621276319026947
2068 2068 0.28770899772644043
2069 2166 0.41458195447921753
2074 2268 0.6355592608451843
2076 2095 0.5333262085914612
2079 2047 0.3835320770740509
2080 2049 0.530405580997467
2084 2280 0.3195335566997528
2085 2281 0.2936267852783203
2091 2313 0.2890028655529022
2092 2314 0.35718652606010437
2093 2285 0.3323260247707367
2094 2044 0.3466489911079407
2095 2091 0.3734012544155121
2098 2203 0.36107516288757324
2099 2220 0.34486642479896545
2100 2326 0.3519984781742096
2102 2027 0.6004072427749634
2103 2090 0.27144983410835266
2104 2092 0.31633296608924866
2105 2094 0.3046995997428894
2109 2081 0.48201999068260193
2111 2204 0.5392321944236755
2114 2301 0.2647801339626312
2117 2383 0.4833277463912964
2120 2089 0.32918277382850647
2122 2144 0.28427520394325256
2123 2127 0.3951297104358673
2127 2221 0.35159119963645935
2128 2341 0.5696165561676025
2132 2142 0.3864111304283142
2133 2154 0.38365936279296875
2140 2143 0.4699074625968933
2141 2133 0.5648723244667053
2142 2163 0.3061577379703522
2144 2399 0.3593403995037079
2145 2375 0.3300941288471222
2148 2077 0.5725433826446533
2151 2155 0.3563281297683716
2152 2267 0.3452988564968109
2161 2139 0.3491656184196472
2162 2124 0.3194357454776764
2166 2323 0.2606293559074402
2168 2428 0.394030898809433
2171 2088 0.2829417884349823
2172 2151 0.3617631494998932
2173 2152 0.2799939215183258
2176 2401 0.3393711745738983
2182 2321 0.35843682289123535
2186 2409 0.33236342668533325
2187 2410 0.3673076629638672
2189 2435 0.3039632737636566
2192 2122 0.39543506503105164
2193 2148 0.46726152300834656
2194 2150 0.38279831409454346
2197 2179 0.5009294748306274
2198 2229 0.26001960039138794
2201 2200 0.32605618238449097
2202 2187 0.27038148045539856
2204 2202 0.7392590641975403
2205 2164 0.3402532935142517
2211 2420 0.3099309504032135
2212 2434 0.676239013671875
2214 2183 0.2646077275276184
2217 2140 0.27958646416664124
2219 2178 0.25997620820999146
2222 2262 0.5774406790733337
2223 2165 0.2705060541629791
2224 2419 0.40402957797050476
2225 2429 0.33863502740859985
2226 2430 0.5525137186050415
2227 2436 0.27852490544319153
2229 2184 0.35347965359687805
2232 2247 0.26817479729652405
2239 2195 0.3859592378139496
2241 2217 0.438490092754364
2245 2246 0.38438305258750916
2246 2231 0.2637895941734314
2249 2249 0.32686346769332886
2250 2349 0.5050615668296814
2254 2484 0.31491342186927795
2261 2225 0.2892143428325653
2263 2159 0.29720187187194824
2266 2177 0.3927980363368988
2272 2248 0.5720106959342957
2273 2443 0.2766965329647064
2275 2463 0.3250899314880371
2284 2373 0.3250744342803955
2287 2476 0.2659543752670288
2292 2292 0.272928386926651
2297 2296 0.43568310141563416
2298 2312 0.29856833815574646
2303 2450 0.34583374857902527
2310 2214 0.32329702377319336
2316 2291 0.4555659294128418
2317 2276 0.25549182295799255
2319 2398 0.38839438557624817
2321 2475 0.2682760953903198
2322 2496 0.2638789117336273
2323 2499 0.38529065251350403
2324 2482 0.4066403806209564
2325 2483 0.26716288924217224
2335 2311 0.7263126969337463
2340 2215 0.29156190156936646
2342 2337 0.4081832766532898
2343 2356 0.31773433089256287
2344 2348 0.31970393657684326
2345 2338 0.37087297439575195
2353 2259 0.3446997404098511
2357 2368 0.3254280388355255
2361 2427 0.37861865758895874
2362 2433 0.36895421147346497
2364 2495 0.3361971974372864
2365 2498 0.2985125184059143
2369 2287 0.2580852210521698
2375 2354 0.3930678367614746
2376 2293 0.26811110973358154
2377 2320 0.2873629331588745
2380 2442 0.2835771441459656
2384 2329 0.27097055315971375
2385 2271 0.32659488916397095
2389 2536 0.28515493869781494
2390 2552 0.3510909378528595
2391 2571 0.2718316614627838
2397 2270 0.2872886657714844
2398 2355 0.3386938273906708
2399 2367 0.4403318464756012
2403 2492 0.34506118297576904
2405 2534 0.3214867413043976
2407 2535 0.28288188576698303
2412 2379 0.314301073551178
2413 2386 0.3017790913581848
2414 2369 0.29484546184539795
2419 2493 0.42527931928634644
2423 2345 0.2929334342479706
2424 2346 0.3467366099357605
2429 2378 0.48808807134628296
2430 2396 0.3079228401184082
2431 2397 0.4982428550720215
2434 2521 0.29710525274276733
2438 2551 0.29721179604530334
2442 2308 0.38084837794303894
2444 2333 0.3875204622745514
2445 2404 0.3626253008842468
2447 2423 0.2592339813709259
2448 2394 0.2914523780345917
2449 2380 0.37574532628059387
2450 2370 0.39485999941825867
2457 2317 0.31266069412231445
2458 2395 0.3307158052921295
2459 2448 0.4191342294216156
2464 2550 0.3903650641441345
2474 2520 0.3102938234806061
2479 2344 0.2654496431350708
2480 2353 0.41830921173095703
2483 2530 0.30418628454208374
2489 2546 0.3178255558013916
2492 2393 0.2647877037525177
2494 2415 0.40203821659088135
2499 2426 0.2875065803527832
2503 2522 0.32525554299354553
2507 2618 0.34814417362213135
2509 2456 0.3009573817253113
2510 2424 0.32639777660369873
2513 2564 0.3117234408855438
2518 2441 0.3062252104282379
2521 2642 0.30457815527915955
2522 2414 0.2615256905555725
2523 2422 0.31905609369277954
2526 2455 0.28348061442375183
2528 2458 0.25947415828704834
2529 2582 0.3217017352581024
2530 2597 0.3267627954483032
2531 2583 0.276773065328598
2532 2568 0.2773115336894989
2533 2648 0.5297479033470154
2535 2665 0.30954042077064514
2540 2468 0.5880087018013
2541 2470 0.27352508902549744
2543 2473 0.27646178007125854
2547 2663 0.45381754636764526
2548 2679 0.2744990289211273
2549 2680 0.2639944553375244
2552 2447 0.3494924306869507
2553 2457 0.2883347272872925
2559 2444 0.2699751555919647
2564 2445 0.4423154294490814
2566 2491 0.26527348160743713
2567 2647 0.37251347303390503
2568 2596 0.32273852825164795
2570 2626 0.28094130754470825
2575 2477 0.45377427339553833
2576 2490 0.29166367650032043
2579 2609 0.31481853127479553
2583 2469 0.31874436140060425
2584 2503 0.31365370750427246
2585 2505 0.37331509590148926
2589 2511 0.2942095398902893
2591 2518 0.3145163655281067
2599 2709 0.37969982624053955
2602 2479 0.29390862584114075
2603 2510 0.28828081488609314
2605 2528 0.35522913932800293
2607 2640 0.2821420431137085
2610 2722 0.26096412539482117
2615 2658 0.2742193341255188
2616 2659 0.349094033241272
2618 2763 0.3771022856235504
2621 2489 0.3151426613330841
2622 2544 0.40138348937034607
2623 2593 0.3347373902797699
2625 2685 0.3837076723575592
2626 2686 0.4293901324272156
2627 2687 0.3663564622402191
2628 2676 0.372121125459671
2631 2742 0.3102521002292633
2637 2543 0.6831364631652832
2638 2563 0.29870930314064026
2639 2677 0.2828870117664337
2641 2781 0.627608060836792
2645 2540 0.31349191069602966
2646 2541 0.3329681158065796
2647 2525 0.2504061162471771
2648 2579 0.2606681287288666
2651 2526 0.3366072177886963
2653 2740 0.2964732348918915
2654 2773 0.931851863861084
2655 2805 0.36619436740875244
2656 2809 0.3689292371273041
2658 2542 0.28399500250816345
2662 2594 0.279568612575531
2664 2772 0.33271512389183044
2665 2803 0.37714582681655884
2667 2817 0.28320905566215515
2673 2578 0.31546923518180847
2678 2608 0.27398744225502014
2679 2691 0.3543250858783722
2684 2509 0.2894643247127533
2685 2539 0.33920326828956604
2686 2605 0.25647515058517456
2689 2708 0.43578991293907166
2690 2738 0.4238775372505188
2691 2717 0.254097044467926
2697 2726 0.380844384431839
2699 2793 0.33186933398246765
2702 2806 0.2838330864906311
2706 2524 0.25512611865997314
2708 2615 0.29250574111938477
2709 2639 0.27682745456695557
2710 2707 0.5958359837532043
2711 2576 0.3249891996383667
2714 2607 0.2770952880382538
2715 2794 0.3835485279560089
2717 2635 0.39523711800575256
2718 2636 0.3073466420173645
2734 2632 0.59170001745224
2735 2645 0.4410761594772339
2736 2675 0.2789073884487152
2737 2771 0.3094601631164551
2739 2815 0.4379664361476898
2747 2874 0.3553277552127838
2752 2654 0.257965624332428
2753 2919 0.2770865559577942
2761 2848 0.3978613018989563
2764 2620 0.2742496728897095
2769 2671 0.36607810854911804
2773 2871 0.4638702869415283
2774 2858 0.3299638032913208
2775 2872 0.5082631707191467
2777 2644 0.2897593080997467
2782 2673 0.30267778038978577
2785 2655 0.29657191038131714
2786 2699 0.30609995126724243
2789 2929 0.2734385132789612
2794 2867 0.2987509071826935
2795 2837 0.2889832854270935
2798 2894 0.5795443058013916
2800 2916 0.283534973859787
2801 2931 0.4235461950302124
2803 2649 0.29997366666793823
2805 2695 0.38752859830856323
2808 2826 0.30213385820388794
2809 2865 0.3633366525173187
2810 2965 0.3109419643878937
2816 2714 0.3221195638179779
2818 2825 0.4044775664806366
2819 2902 0.34973782300949097
2820 2866 0.38652244210243225
2821 2857 0.29337039589881897
2822 2939 0.3306063711643219
2824 2903 0.43694472312927246
2825 2962 0.2846715450286865
2826 2930 0.31765615940093994
2831 2704 0.4189947545528412
2834 2868 0.3477834463119507
2835 2869 0.5214946269989014
2836 2885 0.4571736752986908
2837 2886 0.28655481338500977
2839 2953 0.28643539547920227
2845 2689 0.3303523659706116
2847 2725 0.27590182423591614
2849 2713 0.30720362067222595
2850 2723 0.27562227845191956
2852 2724 0.5722770094871521
2853 2856 0.3633616268634796
2855 2951 0.42412620782852173
2856 2963 0.3229885399341583
2860 2701 0.3231426179409027
2861 2731 0.4123324751853943
2866 2914 0.4196617901325226
2869 2961 0.291886568069458
2871 2728 0.2789542078971863
2876 2758 0.36477264761924744
2877 2715 0.31607332825660706
2878 2759 0.3661929965019226
2879 2769 0.5531294941902161
2880 2735 0.36427828669548035
2882 2937 0.29854270815849304
2883 2973 0.4136219322681427
2885 3035 0.30969899892807007
2890 2756 0.2610422670841217
2892 2768 0.4273821711540222
2893 2972 0.3090071678161621
2906 2927 0.33265864849090576
2907 3016 0.2828373610973358
2908 2775 0.2510141432285309
2910 2788 0.26140451431274414
2915 2802 0.3883703052997589
2918 2992 0.2946852147579193
2927 2991 0.2581450343132019
2928 2994 0.3219015300273895
2929 2997 0.26151198148727417
2932 3033 0.29163697361946106
2933 3034 0.27588972449302673
2934 3065 0.3493958115577698
2936 2785 0.38654640316963196
2942 2993 0.2571229040622711
2943 2996 0.3471207618713379
2944 3014 0.35938870906829834
2946 3045 0.3061571717262268
2949 3055 0.4835149049758911
2956 2801 0.50248783826828
2957 2824 0.4923141896724701
2958 2835 0.2625550329685211
2959 3030 0.3796484172344208
2961 3013 0.2962022125720978
2967 2782 0.27649185061454773
2968 2783 0.2974119782447815
2969 2800 0.3510377109050751
2973 2842 0.27324482798576355
2976 3054 0.2545078992843628
2981 2810 0.4239996373653412
2985 2979 0.31994765996932983
2988 3085 0.3571183979511261
2990 3096 0.4888762831687927
2994 2832 0.36340492963790894
2997 2844 0.4649806618690491
2998 3010 0.26028308272361755
2999 3095 0.25712069869041443
3002 3086 0.26026126742362976
3005 2833 0.3216007947921753
3009 3029 0.27913597226142883
3013 2843 0.41922616958618164
3015 3060 0.5412791967391968
3016 3061 0.5569273233413696
3018 3062 0.430898517370224
3020 3093 0.34230637550354004
3023 2840 0.3982963562011719
3024 2851 0.34849298000335693
3026 2883 0.3196195065975189
3031 2892 0.3500167727470398
3033 3043 0.46944165229797363
3034 3115 0.32248133420944214
3035 3116 0.2801004946231842
3039 2853 0.2940255403518677
3040 2854 0.36385297775268555
3041 2912 0.3001256287097931
3042 2882 0.3087332248687744
3043 2936 0.27154794335365295
3044 3113 0.45988088846206665
3045 3092 0.44425246119499207
3047 3147 0.4517078399658203
3048 3138 0.34545037150382996
3050 2875 0.4128369092941284
3051 2822 0.3244191110134125
3055 2913 0.36736056208610535
3062 2855 0.3934488892555237
3066 3129 0.3684338331222534
3067 3148 0.39836928248405457
3072 2876 0.32484883069992065
3073 2877 0.3012939691543579
3074 2878 0.2829042673110962
3075 2947 0.3584928810596466
3077 3073 0.3625544011592865
3078 3130 0.320034921169281
3079 3145 0.34925422072410583
3081 3164 0.27713915705680847
3082 2891 0.37117302417755127
3083 2908 0.32820820808410645
3085 2924 0.3400304615497589
3088 2948 0.2929348349571228
3089 3136 0.38228026032447815
3090 3131 0.4161466360092163
3091 3114 0.5243752002716064
3092 3186 0.3082275092601776
3094 2909 0.27306273579597473
3096 3128 0.29396021366119385
3097 3122 0.3402516841888428
3098 3169 0.40816381573677063
3099 3196 0.3545336425304413
3105 3155 0.597213864326477
3106 3163 0.4915030598640442
3110 3179 0.3919418752193451
3112 2862 0.3445262014865875
3113 2933 0.5062758326530457
3115 2910 0.2534201741218567
3117 2958 0.3105839490890503
3119 2959 0.36509525775909424
3120 2978 0.40855908393859863
3123 3193 0.38312408328056335
3127 2969 0.34846872091293335
3138 3214 0.27358561754226685
3140 3195 0.34256893396377563
3143 2968 0.5215821862220764
3146 2925 0.5856046080589294
3147 2984 0.292574942111969
3149 3008 0.3170284926891327
3151 3213 0.3718656897544861
3157 2990 0.34846803545951843
3159 3168 0.3610855042934418
3160 3228 0.2603367269039154
3167 3052 0.4457743465900421
3168 3039 0.6185972094535828
3170 3023 0.38168865442276
3171 3167 0.25364574790000916
3172 3212 0.34993433952331543
3175 3027 0.3417000472545624
3177 3189 0.2588347792625427
3178 3190 0.3335036039352417
3179 3227 0.3000643849372864
3186 3007 0.2672133445739746
3188 3059 0.37745851278305054
3189 3091 0.269746869802475
3190 3041 0.3329290449619293
3191 3226 0.3200688064098358
3192 3251 0.36441415548324585
3194 3242 0.33165448904037476
3198 3026 0.28614872694015503
3199 3058 0.48299136757850647
3200 3188 0.3421519994735718
3202 3211 0.3090835213661194
3203 3249 0.3410775363445282
3205 2983 0.2893793284893036
3206 3006 0.26522088050842285
3208 3021 0.3348325192928314
3209 3205 0.29178276658058167
3211 3250 0.3410482704639435
3213 3292 0.2723838984966278
3214 3232 0.3415866494178772
3215 3038 0.3297193944454193
3217 3112 0.29745566844940186
3219 3072 0.32737165689468384
3224 3057 0.3007115125656128
3230 3050 0.41482874751091003
3231 3290 0.38416755199432373
3235 3162 0.39765721559524536
3236 3143 0.29801106452941895
3240 3081 0.49070873856544495
3241 3090 0.38727515935897827
3247 3178 0.6756433844566345
3250 3069 0.41840696334838867
3251 3070 0.427996426820755
3252 3144 0.25311705470085144
3254 3323 0.27652350068092346
3258 3105 0.41261371970176697
3263 3295 0.3828304409980774
3264 3319 0.41015151143074036
3265 3320 0.31659039855003357
3267 3322 0.3948652744293213
3270 3099 0.3150976002216339
3272 3087 0.25671130418777466
3273 3080 0.25263711810112
3274 3287 0.6876157522201538
3278 3102 0.3834574520587921
3279 3142 0.5958985090255737
3286 3285 0.3071514964103699
3289 3318 0.4827914834022522
3291 3126 0.3936500549316406
3297 3262 0.37519997358322144
3298 3352 0.3175743818283081
3304 3363 0.4400421679019928
3305 3330 0.31914404034614563
3307 3132 0.30223992466926575
3308 3133 0.3240814208984375
3310 3125 0.4025576710700989
3316 3306 0.4130176603794098
3321 3184 0.362732857465744
3322 3245 0.3023757040500641
3325 3258 0.3012755811214447
3326 3259 0.3047972619533539
3327 3283 0.2691817879676819
3330 3304 0.3121798038482666
3331 3400 0.30418598651885986
3343 3364 0.3737172484397888
3345 3376 0.49365127086639404
3346 3401 0.33677804470062256
3347 3402 0.29191720485687256
3349 3446 0.29698655009269714
3352 3158 0.38128483295440674
3354 3159 0.2900656461715698
3356 3134 0.30355221033096313
3357 3240 0.25311705470085144
3360 3350 0.461997926235199
3362 3375 0.2994269132614136
3363 3353 0.34286177158355713
3372 3154 0.30019089579582214
3373 3187 0.3194214403629303
3375 3230 0.5459845662117004
3378 3496 0.2791804373264313
3379 3149 0.28655534982681274
3384 3327 0.2633175849914551
3385 3374 0.330130010843277
3387 3475 0.3646303713321686
3394 3386 0.41251733899116516
3395 3431 0.3957700729370117
3400 3201 0.40909481048583984
3401 3204 0.2991431951522827
3406 3417 0.31569674611091614
3407 3444 0.44843289256095886
3409 3461 0.36303117871284485
3415 3173 0.32678648829460144
3416 3177 0.5687035918235779
3418 3373 0.36111581325531006
3421 3218 0.41136351227760315
3423 3317 0.49411332607269287
3428 3387 0.2980121970176697
3429 3451 0.3933843672275543
3430 3460 0.2934546172618866
3431 3523 0.27986016869544983
3433 3229 0.2628348767757416
3435 3235 0.3309590518474579
3438 3407 0.3453759253025055
3439 3418 0.38935786485671997
3440 3471 0.39686161279678345
3445 3199 0.2627764642238617
3447 3507 0.34600692987442017
3449 3197 0.40578386187553406
3454 3483 0.4685716927051544
3455 3506 0.3805379569530487
3458 3269 0.3522704839706421
3464 3442 0.2524731159210205
3466 3484 0.38294875621795654
3467 3535 0.39338359236717224
3476 3254 0.41491934657096863
3481 3459 0.32782748341560364
3482 3587 0.3860582709312439
3483 3588 0.3160244822502136
3484 3263 0.3850192129611969
3486 3316 0.39110252261161804
3492 3397 0.36406469345092773
3495 3561 0.42314445972442627
3499 3505 0.35959339141845703
3501 3600 0.3618970215320587
3502 3570 0.5228551030158997
3503 3586 0.27712222933769226
3504 3603 0.36228203773498535
3505 3620 0.28353604674339294
3506 3253 0.29114317893981934
3507 3280 0.3983715772628784
3508 3428 0.3200749158859253
3511 3492 0.37720155715942383
3513 3602 0.34131312370300293
3514 3293 0.338885098695755
3515 3264 0.3186197578907013
3516 3406 0.26384949684143066
3517 3469 0.2823213040828705
3518 3490 0.2777225375175476
3519 3534 0.6094267964363098
3527 3521 0.487598180770874
3529 3568 0.3545008599758148
3535 3310 0.33551689982414246
3540 3520 0.32385897636413574
3542 3637 0.4159078001976013
3543 3618 0.2914609909057617
3545 3277 0.8846439719200134
3551 3429 0.3222811818122864
3552 3560 0.3426421284675598
3555 3649 0.28058895468711853
3558 3617 0.307317316532135
3560 3639 0.39740243554115295
3563 3546 0.27766215801239014
3564 3651 0.26273712515830994
3566 3336 0.2872122526168823
3569 3615 0.37312501668930054
3572 3296 0.36604321002960205
3573 3300 0.38386762142181396
3574 3308 0.5215712189674377
3580 3585 0.40364715456962585
3581 3636 0.30868494510650635
3583 3687 0.2830718755722046
3584 3714 0.31006309390068054
3587 3749 0.43591126799583435
3590 3312 0.3138009011745453
3595 3440 0.3000543713569641
3602 3583 0.251407265663147
3609 3634 0.37428614497184753
3611 3664 0.3312167227268219
3613 3715 0.3256559371948242
3614 3786 0.42069122195243835
3618 3557 0.38742032647132874
3624 3597 0.4381753206253052
3628 3737 0.3378305733203888
3637 3371 0.3304424583911896
3642 3635 0.2925397753715515
3644 3662 0.41728442907333374
3651 3315 0.4409504234790802
3652 3394 0.5401158928871155
3653 3567 0.25798627734184265
3660 3757 0.29918742179870605
3662 3816 0.3815547227859497
3665 3405 0.3107525408267975
3667 3558 0.27400338649749756
3672 3774 0.37336528301239014
3675 3759 0.2673545777797699
3676 3776 0.3833185136318207
3678 3795 0.3188167214393616
3679 3827 0.30217477679252625
3684 3356 0.35945212841033936
3688 3361 0.4404864013195038
3691 3706 0.2798556387424469
3692 3849 0.25849756598472595
3695 3340 0.2774064838886261
3700 3344 0.3101429343223572
3701 3345 0.3810936212539673
3702 3426 0.4554964303970337
3703 3414 0.45186683535575867
3704 3404 0.3123224377632141
3705 3734 0.3283158838748932
3708 3873 0.299937903881073
3711 3438 0.33217647671699524
3712 3439 0.3558313250541687
3715 3611 0.27478766441345215
3719 3698 0.4062175154685974
3720 3733 0.39783018827438354
3724 3807 0.27835363149642944
3725 3814 0.2796054184436798
3727 3848 0.531356930732727
3729 3887 0.40178751945495605
3737 3745 0.39080050587654114
3738 3755 0.35160794854164124
3741 3872 0.4689972996711731
3742 3885 0.3306460976600647
3743 3886 0.27783724665641785
3753 3772 0.2739584445953369
3758 3412 0.29891735315322876
3760 3467 0.31505852937698364
3763 3732 0.4085400104522705
3771 3436 0.2600627541542053
3772 3466 0.3517810106277466
3781 3450 0.35806918144226074
3783 3481 0.2761210799217224
3786 3771 0.3037662208080292
3787 3784 0.27676305174827576
3788 3806 0.30988070368766785
3789 3884 0.2809423804283142
3790 3454 0.32089707255363464
3798 3410 0.3083583414554596
3799 3448 0.2751755118370056
3803 3425 0.441562682390213
3805 3480 0.28377246856689453
3808 3579 0.429879367351532
3812 3949 0.26039978861808777
3819 3516 0.2910920977592468
3821 3528 0.37334144115448
3825 3826 0.42268550395965576
3827 3812 0.2759328782558441
3830 3422 0.33757227659225464
3831 3478 0.3635217547416687
3834 3556 0.27362215518951416
3838 3899 0.3887886703014374
3847 3578 0.26172053813934326
3851 3870 0.30361998081207275
3852 3976 0.29513072967529297
3854 3452 0.4302767813205719
3856 3539 0.3325330317020416
3857 3566 0.333061158657074
3864 3933 0.3221493661403656
3865 3934 0.48788005113601685
3866 3974 0.44475820660591125
3867 3975 0.3241364359855652
3869 3513 0.39450544118881226
3873 3574 0.30237627029418945
3874 3609 0.2586923837661743
3878 4002 0.31035181879997253
3880 3453 0.30535003542900085
3881 3538 0.40682464838027954
3885 3682 0.26139578223228455
3888 3962 0.3421761393547058
3889 4012 0.34210827946662903
3890 4013 0.32076704502105713
3892 3456 0.28482499718666077
3893 3564 0.9259130954742432
3895 3596 0.2650929093360901
3897 3632 0.29665252566337585
3900 3648 0.42061901092529297
3902 4025 0.29426342248916626
3904 3486 0.6058473587036133
3906 3477 0.3011348247528076
3908 3630 0.2524391710758209
3909 3675 0.31226882338523865
3910 3676 0.2665368616580963
3911 3655 0.27613821625709534
3912 3656 0.45044010877609253
3917 3999 0.2929585576057434
3919 3509 0.26188433170318604
3921 3510 0.30244261026382446
3924 3555 0.37029018998146057
3927 3905 0.2923498749732971
3931 3882 0.2536128759384155
3933 3996 0.3274672031402588
3934 3998 0.29257968068122864
3937 3488 0.29176801443099976
3938 3677 0.3192737400531769
3940 3678 0.32382962107658386
3947 3593 0.42248034477233887
3948 3646 0.2921734154224396
3950 3972 0.2790380120277405
3951 4036 0.4310222268104553
3952 4038 0.4167761504650116
3961 4037 0.33389025926589966
3962 3508 0.28083792328834534
3963 3526 0.2718026340007782
3964 3627 0.27227091789245605
3966 3673 0.33422985672950745
3968 3947 0.2772734463214874
3969 3982 0.7981444001197815
3971 4071 0.3206337094306946
3977 3703 0.3949997127056122
3982 3971 0.3229035437107086
3983 3983 0.29935866594314575
3992 3954 0.2862950265407562
4000 3672 0.3294374644756317
4001 3727 0.2736007571220398
4003 3729 0.3437601923942566
4005 3753 0.278308242559433
4006 4069 0.500166654586792
4007 4070 0.5742998719215393
4008 4145 0.3215443789958954
4013 3563 0.30298709869384766
4017 3742 0.2889111042022705
4020 3915 0.25286516547203064
4022 4052 0.3968600928783417
4024 3623 0.39697062969207764
4025 3606 0.46478867530822754
4032 4113 0.42546430230140686
4033 4114 0.3573790490627289
4034 4102 0.381523072719574
4037 3607 0.2624604105949402
4039 3667 0.3400667607784271
4040 3625 0.3830835223197937
4043 3804 0.2713432013988495
4052 3608 0.2710338830947876
4053 3768 0.25400739908218384
4054 3769 0.5381169319152832
4058 3959 0.2833060324192047
4059 3953 0.3071345090866089
4060 3960 0.41477298736572266
4061 3961 0.2739623785018921
4064 4087 0.36864715814590454
4065 4144 0.45752912759780884
4067 3739 0.28651079535484314
4068 3844 0.3728528916835785
4074 3668 0.4038030803203583
4075 3671 0.2848448157310486
4076 3723 0.43894195556640625
4077 3781 0.6985946893692017
4081 4143 0.47437456250190735
4082 4184 0.34215426445007324
4083 3722 0.29674872756004333
4084 3766 0.6311939358711243
4086 3780 0.4026644229888916
4087 3843 0.28800931572914124
4088 3994 0.8693902492523193
4089 4023 0.2877194285392761
4092 4175 0.34820660948753357
4093 4196 0.31681811809539795
4094 4214 0.37524256110191345
4099 3765 0.38770973682403564
4106 4021 0.42390018701553345
4107 4022 0.33334365487098694
4109 4141 0.39881592988967896
4112 3690 0.2902289032936096
4113 3700 0.9560548663139343
4114 3740 0.29308852553367615
4116 3841 0.443320095539093
4122 4062 0.2757508456707001
4127 4034 0.32652854919433594
4129 4189 0.5085851550102234
4131 4241 0.26832979917526245
4142 4061 0.38327720761299133
4143 4084 0.34332475066185
4144 4173 0.3591608703136444
4150 3719 0.31008821725845337
4156 3901 0.2631581723690033
4157 4051 0.4620864987373352
4159 4068 0.41363218426704407
4160 4111 0.45553073287010193
4161 4086 0.31682538986206055
4162 4195 0.3492268919944763
4165 3840 0.346214234828949
4175 4162 0.3306467533111572
4178 4226 0.4326518177986145
4184 3751 0.27201318740844727
4185 3798 0.2749863564968109
4186 3764 0.2879140377044678
4194 4035 0.262044221162796
4199 4100 0.27534928917884827
4201 4288 0.3373386263847351
4205 3810 0.28355714678764343
4206 3811 0.25321048498153687
4208 3839 0.4404389262199402
4213 4155 0.29864805936813354
4214 4156 0.2580374777317047
4217 4237 0.2854384481906891
4218 4240 0.4651602804660797
4219 4251 0.37405312061309814
4221 4287 0.6420197486877441
4223 3778 0.3079204857349396
4224 3835 0.2962154746055603
4226 3799 0.3303447961807251
4227 3791 0.36226028203964233
4230 3879 0.35825979709625244
4231 3895 0.45116278529167175
4232 4066 0.49323904514312744
4233 4018 0.3650357127189636
4235 4009 0.2853197753429413
4236 4059 0.25063857436180115
4237 4110 0.32464906573295593
4238 4154 0.3107907772064209
4239 4140 0.31826597452163696
4240 4267 0.35452452301979065
4247 3939 0.9503270387649536
4248 4138 0.2552025318145752
4251 3838 0.30726927518844604
4255 3859 0.2632251977920532
4257 3958 0.5492365956306458
4264 4286 0.3670139014720917
4267 3833 0.3564324676990509
4269 3834 0.33026352524757385
4274 3912 0.2713612914085388
4276 3968 0.5305578708648682
4281 4295 0.39630791544914246
4283 4312 0.2933463454246521
4292 3820 0.33395490050315857
4297 4137 0.3032437860965729
4298 4170 0.2571079730987549
4299 4171 0.31537237763404846
4301 4302 0.3576187193393707
4304 3851 0.37864646315574646
4305 3894 0.3464847505092621
4307 4079 0.4326897859573364
4311 4168 0.363810658454895
4312 4169 0.42717108130455017
4314 4179 0.32198163866996765
4315 4172 0.36464011669158936
4318 4209 0.32632899284362793
4321 4307 0.46421369910240173
4325 3891 0.2938455641269684
4326 3952 0.42352598905563354
4327 4136 0.34032079577445984
4328 4180 0.32876017689704895
4329 4187 0.26463574171066284
4337 3819 0.2925437092781067
4338 3863 0.3761655390262604
4339 3864 0.25785836577415466
4342 3890 0.3668123483657837
4343 3837 0.3282185196876526
4344 3911 0.3308214843273163
4347 3957 0.4016193449497223
4348 4193 0.3356954753398895
4352 3951 0.47385457158088684
4353 4135 0.274869441986084
4354 4150 0.39397528767585754
4357 4204 0.30114975571632385
4358 4223 0.37060779333114624
4360 4210 0.27490586042404175
4371 4133 0.41632646322250366
4374 4235 0.279281884431839
4377 3874 0.25286972522735596
4380 3921 0.4135347604751587
4381 3892 0.2656382918357849
4383 4007 0.26976412534713745
4385 4109 0.4402889907360077
4386 4132 0.39210712909698486
4388 4201 0.38850921392440796
4390 4232 0.4026302397251129
4391 4233 0.3781135082244873
4393 4257 0.27038508653640747
4396 3910 0.2560352683067322
4397 3979 0.7558942437171936
4398 4200 0.3385814428329468
4399 4277 0.283448189496994
4400 4352 0.34809768199920654
4405 3936 0.3941669762134552
4406 3937 0.4071720242500305
4407 3922 0.26781365275382996
4410 4033 0.41806355118751526
4411 4231 0.3356288969516754
4412 4265 0.25907012820243835
4416 3967 0.3497588634490967
4417 3991 0.28899598121643066
4419 4008 0.25082725286483765
4420 4017 0.45823654532432556
4421 4049 0.30425503849983215
4422 4178 0.31445395946502686
4423 4256 0.2686729431152344
4424 4276 0.27209699153900146
4431 3956 0.2758902311325073
4433 3989 0.3754917085170746
4436 4078 0.25135141611099243
4446 3935 0.2506173253059387
4448 3965 0.3807485103607178
4449 3966 0.27148374915122986
4451 4016 0.29835742712020874
4452 3990 0.4155394732952118
4453 4048 0.3455643951892853
4455 4198 0.33179083466529846
4456 4199 0.26202449202537537
4457 4281 0.35838213562965393
4459 4275 0.3313762843608856
4467 4316 0.31297123432159424
4474 4094 0.360760897397995
4476 4220 0.3952307105064392
4477 4245 0.33485105633735657
4479 4323 0.45083075761795044
4482 4005 0.27138665318489075
4485 4093 0.28088265657424927
4486 4118 0.5693042874336243
4487 4107 0.2644081711769104
4489 4293 0.3605641722679138
4500 3988 0.363589346408844
4501 4029 0.396295428276062
4505 4119 0.31583377718925476
4506 4106 0.26165392994880676
4516 4130 0.28320473432540894
4518 4131 0.2846805155277252
4519 4121 0.3079313635826111
4521 4274 0.2769003212451935
4523 4300 0.390136182308197
4524 4306 0.25841376185417175
4526 4329 0.3647281229496002
4530 4305 0.4690858721733093
4531 4311 0.651332676410675
4537 4044 0.29557856917381287
4538 4065 0.286192923784256
4540 4056 0.2840326726436615
4547 4028 0.3769634962081909
4549 4075 0.3594805896282196
4557 4310 0.37175294756889343
4560 4321 0.4853462278842926
4562 4074 0.31056469678878784
4563 4105 0.30513694882392883
4564 4091 0.40223264694213867
4565 4092 0.28721827268600464
4566 4348 0.35210859775543213
4567 4064 0.35142290592193604
4569 4356 0.3061685562133789
4571 4117 0.2888135612010956
4572 4309 0.275356650352478
4574 4115 0.34694698452949524
4576 4129 0.2812431752681732
4578 4366 0.3413085639476776
4581 4104 0.3510470688343048
4583 4396 0.3657263517379761
4584 4128 0.34218233823776245
4589 4410 0.2561190128326416
4591 4346 0.279351145029068
4593 4367 0.30416741967201233
4594 4384 0.29711034893989563
4598 4116 0.40975311398506165
4599 4147 0.3284727931022644
4600 4148 0.34568700194358826
4601 4149 0.33309006690979004
4603 4167 0.27389419078826904
4607 4382 0.3437231481075287
4609 4383 0.32134756445884705
4610 4375 0.27175185084342957
4612 4431 0.3081654906272888
4613 4160 0.33353158831596375
4621 4159 0.3194772005081177
4622 4125 0.28067779541015625
4624 4403 0.29077523946762085
4626 4157 0.43645787239074707
4627 4158 0.35552603006362915
4630 4381 0.2944166660308838
4635 4219 0.30894145369529724
4636 4430 0.3095977008342743
4638 4450 0.25545623898506165
4639 4466 0.4148350954055786
4640 4441 0.47520044445991516
4641 4402 0.35099753737449646
4643 4423 0.27679604291915894
4646 4197 0.4246268570423126
4647 4229 0.3167770504951477
4660 4453 0.4344731867313385
4665 4255 0.36598071455955505
4668 4280 0.8805481791496277
4670 4259 0.30797630548477173
4672 4269 0.3728362023830414
4673 4270 0.3407309651374817
4674 4297 0.3484451174736023
4675 4279 0.4467553496360779
4676 4308 0.2556385397911072
4677 4291 0.3795159161090851
4678 4271 0.30100446939468384
4679 4469 0.29892903566360474
4682 4462 0.39036619663238525
4685 4493 0.25287237763404846
4686 4503 0.319662481546402
4688 4333 0.3897278904914856
4689 4359 0.28227823972702026
4690 4303 0.6487191319465637
4694 4485 0.26338890194892883
4697 4491 0.345395028591156
4698 4492 0.33474981784820557
4699 4517 0.37108808755874634
4700 4518 0.35817232728004456
4701 4515 0.27358508110046387
4706 4496 0.587104320526123
4707 4513 0.42104843258857727
4708 4535 0.4102970361709595
4709 4536 0.33052191138267517
4710 4345 0.5937598943710327
4713 4326 0.2581186890602112
4714 4332 0.35294708609580994
4717 4401 0.31155967712402344
4718 4392 0.2708372473716736
4720 4549 0.27648603916168213
4721 4550 0.2668232321739197
4722 4551 0.3220065236091614
4723 4374 0.3682037591934204
4731 4355 0.3291196823120117
4733 4420 0.2856181561946869
4736 4559 0.3134939968585968
4739 4357 0.33646726608276367
4740 4389 0.4748697280883789
4741 4390 0.5089621543884277
4745 4557 0.2610315680503845
4746 4558 0.2901574969291687
4748 4563 0.324161171913147
4755 4400 0.4406977593898773
4759 4554 0.2917916774749756
4761 4377 0.2821425795555115
4762 4378 0.3451796770095825
4763 4379 0.4238080084323883
4765 4427 0.42101871967315674
4766 4428 0.3975047767162323
4767 4418 0.4899848401546478
4769 4562 0.26045045256614685
4771 4438 0.27714839577674866
4774 4589 0.39684799313545227
4778 4573 0.27142030000686646
4783 4587 0.31021246314048767
4786 4454 0.330524742603302
4788 4584 0.27325159311294556
4792 4586 0.3137293756008148
4794 4460 0.3647037744522095
4795 4592 0.27990448474884033
4796 4605 0.32480359077453613
4798 4606 0.28510817885398865
4799 4607 0.2931564450263977
4800 4451 0.28965678811073303
4802 4609 0.2925933599472046
4804 4600 0.37897196412086487
4807 4604 0.28629475831985474
4809 4610 0.3071245551109314
4810 4611 0.2757292687892914
4811 4612 0.2765751779079437
4818 4473 0.7483428120613098
4819 4475 0.28417977690696716
4820 4483 0.278179794549942
4822 4458 0.32214105129241943
4823 4490 0.306601881980896
4826 4457 0.2768438160419464
4827 4480 0.39083778858184814
4828 4482 0.3953920602798462
4830 4501 0.25310859084129333
4831 4487 0.45357784628868103
4832 4479 0.30258309841156006
4833 4511 0.2893158495426178
4838 4500 0.356954962015152
4839 4489 0.345520555973053
4842 4645 0.2900794744491577
4846 4647 0.27292993664741516
4849 4498 0.3118599057197571
4851 4510 0.4436745345592499
4852 4530 0.3144053816795349
4853 4648 0.2687159776687622
4856 4477 0.438493013381958
4857 4507 0.38766905665397644
4858 4529 0.4240607023239136
4859 4662 0.31078097224235535
4863 4522 0.2664189338684082
4864 4527 0.29890936613082886
4865 4528 0.35451504588127136
4866 4658 0.2914579212665558
4869 4526 0.4284873306751251
4870 4506 0.33397433161735535
4871 4567 0.36253297328948975
4872 4663 0.3270299732685089
4873 4664 0.323188841342926
4882 4544 0.2803955376148224
4885 4670 0.3149566948413849
4886 4519 0.2914159595966339
4887 4546 0.28030624985694885
4889 4572 0.31253278255462646
4896 4560 0.3806276023387909
4900 4581 0.28625327348709106
4901 4627 0.4886716604232788
4902 4583 0.2659807801246643
4904 4566 0.36725619435310364
4910 4575 0.4401110112667084
4912 4576 0.4281511604785919
4913 4571 0.32379597425460815
4916 4598 0.2677355110645294
4918 4675 0.9646032452583313
4920 4602 0.32372188568115234
4922 4636 0.28907838463783264
4923 4618 0.28469789028167725
4924 4625 0.28710654377937317
4925 4621 0.4225464463233948
4926 4629 0.3413268029689789
4927 4630 0.2802378237247467
4928 4631 0.27722877264022827
4929 4632 0.3141326606273651
4931 4626 0.3015647530555725
4933 4653 0.35770127177238464
4936 4649 0.446387380361557
4937 4668 0.27303096652030945
4946 4672 0.2736571133136749
4947 4671 0.4200553894042969
4950 4673 0.5271821022033691
4951 4677 0.2549108862876892
4952 4676 0.2713049054145813
4953 4678 0.38660281896591187
4958 4683 0.4634007215499878
4960 4693 0.46115759015083313
4961 4695 0.4497353136539459
4962 4687 0.29158443212509155
4963 4688 0.4780704975128174
4964 4689 0.35270819067955017
4965 4690 0.3227058947086334
