1883
19 15 0.30789583921432495
21 34 0.3792358934879303
29 43 0.6469478011131287
30 25 0.3335796296596527
35 56 0.4278682768344879
45 59 0.4829089343547821
52 65 0.36912140250205994
53 66 0.45889735221862793
58 70 0.3989608883857727
60 71 0.36246347427368164
61 72 0.2587853968143463
62 73 0.258668452501297
63 74 0.28567755222320557
64 78 0.29630276560783386
69 77 0.25884416699409485
82 95 0.3103485703468323
83 96 0.315291166305542
89 98 0.25398826599121094
96 106 0.2790595591068268
97 111 0.26183390617370605
98 107 0.36688897013664246
99 110 0.2928404211997986
128 147 0.3781452178955078
139 143 0.3491676151752472
146 142 0.30337250232696533
152 154 0.36520740389823914
177 191 0.28066736459732056
181 201 0.47822463512420654
192 178 0.5860828161239624
196 218 0.30312380194664
204 235 0.39253851771354675
207 228 0.41212213039398193
211 248 0.3559283912181854
217 257 0.36182039976119995
221 253 0.27353551983833313
244 268 0.379047155380249
253 284 0.25898614525794983
260 279 0.3001333475112915
262 299 0.38355180621147156
266 292 0.2650153338909149
277 320 0.5088335275650024
281 356 0.30679550766944885
285 325 0.27707335352897644
289 319 0.27572742104530334
296 349 0.2739030718803406
297 350 0.368818074464798
303 382 0.27622881531715393
306 371 0.33720868825912476
310 344 0.29852762818336487
311 380 0.2597355842590332
315 407 0.3158442974090576
318 403 0.4032277762889862
319 404 0.2658963203430176
323 379 0.4335167109966278
325 414 0.28733113408088684
326 415 0.3906581699848175
329 389 0.2580266296863556
334 396 0.5659723281860352
335 417 0.2799266576766968
350 443 0.3645573556423187
367 413 0.2875356376171112
371 475 0.3985612094402313
377 471 0.46180102229118347
382 495 0.29949772357940674
385 500 0.3285978138446808
397 433 0.25810784101486206
399 551 0.32924774289131165
401 453 0.5688608884811401
404 510 0.27963367104530334
405 499 0.29095497727394104
415 463 0.5869559645652771
417 534 0.2890737056732178
427 541 0.737267255783081
428 549 0.48521295189857483
432 497 0.4567413628101349
433 498 0.4522220492362976
438 585 0.2668675184249878
442 540 0.3663645088672638
446 597 0.3845861852169037
447 606 0.2733808755874634
451 605 0.3411445617675781
454 530 0.31690576672554016
464 547 0.8174412846565247
479 569 0.8154122233390808
487 646 0.37444430589675903
491 641 0.3105090260505676
500 603 0.3090552091598511
501 584 0.39329320192337036
513 737 0.29936322569847107
519 615 0.3409009575843811
520 616 0.28226128220558167
521 617 0.35005149245262146
522 618 0.45542779564857483
525 719 0.2732020914554596
530 624 0.44940900802612305
531 631 0.31136125326156616
532 625 0.2923046946525574
533 688 0.5558072924613953
538 602 0.2649822235107422
539 568 0.46321865916252136
542 738 0.5627012252807617
547 720 0.31611764430999756
551 644 0.46861860156059265
556 632 0.668124794960022
562 754 0.3219773471355438
566 682 0.49541231989860535
567 672 0.4160875082015991
568 663 0.39882925152778625
569 805 0.2538759112358093
578 671 0.43264275789260864
582 673 0.3922036290168762
586 701 0.4812281131744385
589 806 0.4166545569896698
594 693 0.30429014563560486
595 814 0.5041356682777405
597 804 0.3158816695213318
605 660 0.2959348261356354
608 716 0.33551591634750366
609 717 0.4504014551639557
610 705 0.34691092371940613
618 699 0.31249791383743286
619 669 0.34543392062187195
621 769 0.3516612648963928
625 859 0.37575680017471313
626 860 0.32315555214881897
630 728 0.2582191228866577
631 840 0.4482716917991638
632 858 0.3033875524997711
635 686 0.28859743475914
637 853 0.27556443214416504
642 747 0.42664262652397156
643 749 0.4760318696498871
644 735 0.3365131616592407
649 687 0.2688177525997162
650 827 0.2722039222717285
653 784 0.3327690660953522
654 763 0.5583808422088623
656 881 0.298317015171051
658 896 0.3003710210323334
659 897 0.3335910737514496
661 852 0.34937113523483276
662 882 0.39045777916908264
666 779 0.4298703372478485
668 785 0.39884787797927856
671 788 0.27401331067085266
678 857 0.5643543004989624
680 746 0.2726013958454132
681 777 0.28464874625205994
684 813 0.3122574985027313
686 800 0.5079452991485596
689 781 0.6577345132827759
690 812 0.4974912405014038
691 770 0.2998618483543396
694 895 0.579041600227356
695 924 0.37160974740982056
699 818 0.2568795382976532
700 810 0.3801784813404083
701 811 0.4877186119556427
703 761 0.3204435706138611
704 786 0.3105587661266327
712 949 0.3186699151992798
714 950 0.32645443081855774
716 825 0.6377043128013611
717 783 0.2803744375705719
718 848 0.5859962105751038
719 819 0.4099641740322113
721 922 0.5954775214195251
727 826 0.2811841666698456
729 847 0.4175109267234802
734 836 0.4143432378768921
735 844 0.30631983280181885
736 778 0.4457429051399231
741 855 0.38135719299316406
742 879 0.33044782280921936
745 970 0.2625042200088501
747 1033 0.6269482374191284
748 878 0.6449199318885803
755 933 0.44968897104263306
760 916 0.27500027418136597
762 877 0.2679603099822998
763 907 0.6575331687927246
764 902 0.2796715497970581
765 920 0.4013451933860779
776 932 0.5953350067138672
779 866 0.5219473838806152
780 989 0.26094621419906616
782 930 0.47236475348472595
785 1055 0.2529756426811218
788 953 0.26523682475090027
790 906 0.29220324754714966
791 919 0.29884493350982666
792 977 0.3472995460033417
793 978 0.25007200241088867
798 917 0.3329935073852539
800 967 0.3998468518257141
805 1119 0.26038339734077454
807 965 0.48855331540107727
821 976 0.3767198324203491
822 1010 0.2715601325035095
823 1011 0.33179306983947754
827 1012 0.38715144991874695
833 876 0.28219854831695557
835 999 0.5791829824447632
841 1024 0.40483492612838745
844 966 0.46656155586242676
848 988 0.27412179112434387
849 996 0.4336804449558258
851 998 0.37532809376716614
860 1009 0.5624694228172302
861 1021 0.36088377237319946
868 1019 0.2599368095397949
871 1066 0.3571310043334961
877 1057 0.26583266258239746
878 986 0.32920002937316895
881 1067 0.34222638607025146
886 1046 0.29578328132629395
888 1064 0.29298707842826843
898 1022 0.3310294449329376
900 1029 0.2940289080142975
901 1053 0.3250911831855774
906 1008 0.293641060590744
907 1060 0.2547912895679474
909 1048 0.4485672116279602
917 1079 0.48251622915267944
918 1080 0.31028759479522705
919 1081 0.3178567588329315
920 1061 0.5444340705871582
922 1123 0.7456457018852234
924 1028 0.3682929575443268
938 1114 0.41398102045059204
939 1062 0.4478384256362915
940 1116 0.3097911477088928
941 1105 0.2653658390045166
943 1069 0.32245486974716187
949 1148 0.26362764835357666
950 1139 0.3027646839618683
951 1115 0.35420548915863037
952 1245 0.30071207880973816
956 1138 0.5057073831558228
960 1303 0.2794124186038971
962 1137 0.3838650584220886
963 1167 0.3664986789226532
973 1149 0.29362258315086365
975 1164 0.3846665024757385
976 1151 0.5536947846412659
977 1175 0.47665196657180786
978 1152 0.3087862432003021
991 1174 0.45073962211608887
992 1165 0.38087016344070435
1000 1190 0.2694193422794342
1001 1202 0.26070117950439453
1004 1182 0.27499791979789734
1007 1140 0.29953059554100037
1008 1288 0.2749748229980469
1011 1176 0.26615431904792786
1012 1251 0.25624290108680725
1013 1252 0.3111582100391388
1021 1279 0.28828001022338867
1024 1200 0.31259629130363464
1025 1201 0.34683120250701904
1026 1228 0.35482656955718994
1027 1203 0.44535157084465027
1028 1204 0.3631703853607178
1029 1210 0.6074302196502686
1030 1211 0.32700222730636597
1033 1221 0.34897154569625854
1034 1222 0.42686280608177185
1036 1177 0.5367827415466309
1040 1199 0.33485329151153564
1042 1220 0.26498523354530334
1043 1215 0.3001886010169983
1047 1234 0.4344785809516907
1055 1235 0.3086531460285187
1062 1358 0.2812560498714447
1064 1233 0.4044528901576996
1066 1256 0.2898648977279663
1067 1357 0.2554221451282501
1069 1231 0.2541903555393219
1070 1260 0.32019826769828796
1072 1255 0.2567636966705322
1073 1261 0.339259535074234
1077 1278 0.25615420937538147
1078 1345 0.3157094120979309
1082 1232 0.33244138956069946
1083 1249 0.35269472002983093
1084 1254 0.39772775769233704
1085 1347 0.404509961605072
1087 1366 0.5825899243354797
1091 1385 0.2835327982902527
1092 1375 0.2562844455242157
1095 1286 0.25637245178222656
1096 1276 0.2847552001476288
1097 1277 0.29854896664619446
1098 1287 0.6012920141220093
1105 1396 0.27590128779411316
1107 1268 0.27102819085121155
1109 1271 0.35588833689689636
1110 1272 0.6346029043197632
1112 1325 0.3896925747394562
1116 1269 0.39880263805389404
1117 1299 0.3328322172164917
1118 1270 0.32827767729759216
1120 1308 0.4365119934082031
1122 1309 0.3985767662525177
1128 1284 0.6551421284675598
1129 1318 0.3169006109237671
1133 1423 0.2565167248249054
1134 1382 0.6671684980392456
1136 1283 0.3368162512779236
1137 1300 0.3987623155117035
1139 1321 0.30154290795326233
1140 1322 0.31967589259147644
1143 1323 0.2860742211341858
1144 1324 0.33907389640808105
1145 1332 0.3853042423725128
1149 1294 0.2629256248474121
1150 1295 0.28041666746139526
1151 1298 0.4501747190952301
1153 1319 0.45192456245422363
1161 1441 0.2795998156070709
1163 1445 0.36362263560295105
1164 1292 0.3452936112880707
1168 1341 0.4128947854042053
1169 1342 0.4111434817314148
1170 1458 0.2781336307525635
1172 1463 0.3234919607639313
1173 1312 0.29002416133880615
1174 1314 0.3285260498523712
1175 1335 0.4549897611141205
1176 1439 0.5329458713531494
1177 1442 0.31594282388687134
1180 1282 0.25364914536476135
1182 1313 0.4336366057395935
1184 1337 0.288108766078949
1189 1490 0.33030763268470764
1190 1379 0.41218307614326477
1192 1477 0.36563360691070557
1194 1493 0.39074721932411194
1200 1339 0.38530242443084717
1205 1344 0.2560230493545532
1213 1539 0.29346972703933716
1216 1428 0.3722591996192932
1218 1534 0.30102887749671936
1225 1538 0.29093557596206665
1226 1334 0.30167722702026367
1230 1454 0.2515833079814911
1236 1364 0.28267475962638855
1238 1535 0.3200172185897827
1240 1557 0.31088829040527344
1242 1377 0.2960505485534668
1244 1404 0.3124025762081146
1245 1414 0.3057457506656647
1246 1422 0.43189001083374023
1247 1488 0.4157709777355194
1251 1400 0.25162914395332336
1252 1388 0.47725462913513184
1253 1429 0.41494548320770264
1258 1401 0.25328388810157776
1259 1403 0.4070582687854767
1260 1419 0.3861252963542938
1261 1455 0.25350645184516907
1264 1574 0.5401421785354614
1270 1402 0.2914504110813141
1271 1417 0.3696131408214569
1276 1420 0.521963357925415
1286 1631 0.2900316119194031
1291 1484 0.25948232412338257
1294 1437 0.26252874732017517
1295 1610 0.2574048340320587
1297 1611 0.33155202865600586
1298 1628 0.2511920630931854
1300 1451 0.34761500358581543
1301 1418 0.4826285243034363
1302 1433 0.3644096255302429
1305 1505 0.33536654710769653
1309 1595 0.29764607548713684
1313 1453 0.30415642261505127
1314 1514 0.29512619972229004
1316 1430 0.2521446645259857
1317 1474 0.25441858172416687
1329 1409 0.37133410573005676
1331 1483 0.3736235201358795
1342 1452 0.4309556186199188
1344 1500 0.2854101359844208
1358 1513 0.49519407749176025
1361 1705 0.2538175582885742
1366 1696 0.31922805309295654
1368 1567 0.4529925286769867
1376 1512 0.3677096664905548
1378 1568 0.30060744285583496
1382 1524 0.31602388620376587
1384 1518 0.3398657739162445
1386 1548 0.49632784724235535
1387 1563 0.2888075113296509
1398 1544 0.3072572648525238
1401 1588 0.2615371644496918
1403 1550 0.2785203754901886
1404 1486 0.35337817668914795
1405 1569 0.29953259229660034
1408 1704 0.3580411970615387
1411 1681 0.4121303856372833
1417 1545 0.36845526099205017
1418 1546 0.43402883410453796
1426 1525 0.5522850751876831
1427 1562 0.2845906615257263
1443 1747 0.26935330033302307
1445 1790 0.3243395984172821
1451 1555 0.3759790360927582
1453 1561 0.27963128685951233
1455 1589 0.3493058383464813
1458 1741 0.31095945835113525
1461 1789 0.3963290750980377
1466 1601 0.3186878263950348
1468 1637 0.38235172629356384
1469 1586 0.31269288063049316
1473 1760 0.25305935740470886
1478 1564 0.4755721986293793
1485 1761 0.321651428937912
1486 1762 0.2877380847930908
1487 1822 0.4765910506248474
1493 1600 0.25327110290527344
1495 1613 0.6487389206886292
1496 1618 0.26298004388809204
1499 1776 0.2773697078227997
1502 1884 0.3376891613006592
1507 1636 0.411129355430603
1508 1619 0.2999676764011383
1512 1678 0.4714830815792084
1513 1787 0.37074989080429077
1519 1543 0.2783905267715454
1521 1638 0.4609760046005249
1528 1679 0.660832941532135
1533 1661 0.3553931415081024
1535 1703 0.45232081413269043
1541 1658 0.39777669310569763
1542 1650 0.36838850378990173
1543 1660 0.5536044836044312
1545 1687 0.312461256980896
1546 1662 0.41173088550567627
1551 1813 0.3884403109550476
1553 1819 0.3732232451438904
1566 1688 0.40148264169692993
1567 1639 0.312923789024353
1571 1728 0.4377538859844208
1575 1735 0.4298305809497833
1576 1739 0.2766152620315552
1579 1896 0.4605923593044281
1581 1684 0.40642791986465454
1583 1686 0.3856181800365448
1587 1869 0.48700517416000366
1600 1722 0.3253451883792877
1601 1724 0.38620778918266296
1603 1711 0.27458831667900085
1608 1726 0.2779602110385895
1614 1881 0.4620746076107025
1616 1870 0.5840541124343872
1623 1698 0.4905683696269989
1624 1882 0.3041857182979584
1629 1960 0.30523738265037537
1635 1697 0.3007594048976898
1637 1699 0.2907622158527374
1639 1689 0.3414938151836395
1641 1773 0.43085041642189026
1642 1904 0.375955730676651
1648 1783 0.3148701786994934
1649 1799 0.2804717719554901
1651 1774 0.287749320268631
1659 1983 0.3225299119949341
1663 1710 0.8565616011619568
1664 1738 0.3104654848575592
1673 1751 0.32934698462486267
1674 1752 0.27391037344932556
1675 1756 0.41708073019981384
1676 1725 0.39152422547340393
1678 1932 0.288817435503006
1679 1933 0.41732263565063477
1683 2034 0.7218291163444519
1684 1772 0.27533695101737976
1685 1843 0.3325384259223938
1687 1866 0.25730273127555847
1693 2035 0.37882527709007263
1697 1734 0.3172290027141571
1699 1754 0.36615490913391113
1705 2030 0.2631303071975708
1711 1794 0.3466698229312897
1712 1782 0.25002622604370117
1713 1855 0.27438098192214966
1715 1856 0.36561164259910583
1716 1878 0.3218373656272888
1723 1971 0.30860400199890137
1729 1797 0.3124886751174927
1732 1903 0.3980320692062378
1733 1894 0.5081037282943726
1734 1895 0.34151434898376465
1735 1980 0.4169844686985016
1740 2078 0.29602259397506714
1741 2056 0.27557048201560974
1745 1770 0.43422383069992065
1747 1840 0.36604565382003784
1754 1808 0.3628314733505249
1755 1809 0.3305518329143524
1756 1811 0.33412662148475647
1757 1780 0.302289217710495
1760 1912 0.25044742226600647
1761 1891 0.383120059967041
1769 2016 0.5866028666496277
1775 1875 0.4562045931816101
1779 2017 0.3680366575717926
1785 1839 0.4722958207130432
1786 1810 0.3139418959617615
1791 1913 0.2956761121749878
1794 1900 0.25446006655693054
1797 2109 0.2813190817832947
1799 1918 0.3247528076171875
1802 1893 0.2705305814743042
1809 2111 0.3832234740257263
1810 2120 0.3487376570701599
1812 2145 0.5893993973731995
1813 2084 0.3651742935180664
1819 1929 0.3291262686252594
1820 1930 0.4490731358528137
1827 1874 0.6621590256690979
1828 1911 0.4315285086631775
1830 1956 0.3385578691959381
1831 1942 0.3083406984806061
1833 1968 0.30422285199165344
1841 2136 0.42419782280921936
1842 2119 0.2654063403606415
1848 1969 0.27506688237190247
1862 2108 0.26739612221717834
1864 2158 0.38014838099479675
1867 1910 0.29279908537864685
1869 2001 0.3194506764411926
1872 2106 0.2616928517818451
1873 2107 0.2500331401824951
1880 2105 0.4569949507713318
1881 2142 0.3053552806377411
1883 2204 0.2692028284072876
1884 2205 0.2835533618927002
1885 2227 0.4478631913661957
1886 2012 0.26818782091140747
1890 2259 0.3182887136936188
1894 1938 0.3504720628261566
1895 1939 0.3056524693965912
1898 2028 0.42954495549201965
1899 2141 0.2759094536304474
1900 2183 0.3671906888484955
1901 2175 0.2538795471191406
1903 2214 0.32090380787849426
1909 1927 0.2523493766784668
1910 1919 0.313485324382782
1911 2013 0.38694438338279724
1916 2143 0.2808491587638855
1921 1975 0.42881232500076294
1922 1937 0.3675680160522461
1925 1987 0.3078359365463257
1926 2041 0.25844407081604004
1927 2061 0.35390734672546387
1928 2174 0.38626155257225037
1934 1952 0.42028138041496277
1936 2010 0.304342120885849
1938 2026 0.2667929530143738
1940 2182 0.2637111246585846
1948 1965 0.2642030119895935
1953 2224 0.255780965089798
1956 2288 0.30193138122558594
1957 2250 0.31966981291770935
1958 2258 0.2831026613712311
1962 1976 0.25811082124710083
1966 2062 0.30883070826530457
1967 2212 0.30617058277130127
1968 2213 0.3005822002887726
1969 2198 0.2726123332977295
1970 2199 0.452652245759964
1972 2249 0.30659398436546326
1978 1978 0.25513437390327454
1981 2074 0.5031217932701111
1986 2080 0.29498016834259033
1987 2093 0.28074580430984497
1990 2240 0.3349740207195282
1993 2326 0.39885663986206055
1995 2007 0.26326611638069153
1997 2071 0.3007594048976898
1998 2038 0.49174875020980835
1999 2039 0.3263380229473114
2002 2092 0.25604185461997986
2003 2072 0.37148112058639526
2004 2117 0.46607768535614014
2005 2094 0.2967405319213867
2006 2128 0.40861988067626953
2008 2130 0.5130376219749451
2009 2131 0.31424471735954285
2011 2247 0.3594452738761902
2013 2239 0.3015190362930298
2022 2009 0.47718545794487
2024 2070 0.26945221424102783
2027 2125 0.30271732807159424
2029 2154 0.39488935470581055
2031 2273 0.2889755666255951
2033 2325 0.30709174275398254
2035 2375 0.2555025517940521
2036 2400 0.3167601227760315
2039 2059 0.2528825104236603
2041 2286 0.2954678237438202
2042 2049 0.30583441257476807
2045 2102 0.3757001757621765
2047 2171 0.28311020135879517
2060 2419 0.28088614344596863
2061 2399 0.2555581033229828
2067 2169 0.31047022342681885
2069 2305 0.46116286516189575
2074 2397 0.3597154915332794
2079 2153 0.44008582830429077
2080 2129 0.5282571315765381
2082 2373 0.26834338903427124
2084 2414 0.30901071429252625
2085 2415 0.2729874849319458
2092 2441 0.33963248133659363
2093 2433 0.36338725686073303
2094 2114 0.3348615765571594
2095 2148 0.3079017102718353
2097 2211 0.28372782468795776
2098 2351 0.31953418254852295
2100 2457 0.33934658765792847
2102 2100 0.5306200981140137
2104 2150 0.29396945238113403
2105 2167 0.3045639395713806
2109 2170 0.49349406361579895
2110 2370 0.2860409617424011
2111 2352 0.36145898699760437
2117 2503 0.453938752412796
2120 2166 0.3187367618083954
2123 2245 0.3426169455051422
2124 2384 0.29874148964881897
2128 2470 0.5656291842460632
2131 2168 0.4746134877204895
2133 2210 0.3862055540084839
2136 2193 0.2657470107078552
2139 2222 0.46228837966918945
2140 2223 0.5830546021461487
2141 2236 0.7114234566688538
2145 2502 0.30317264795303345
2148 2146 0.445027619600296
2150 2257 0.29812589287757874
2151 2283 0.3127683401107788
2152 2431 0.31494858860969543
2153 2371 0.3079008162021637
2156 2411 0.2646806538105011
2160 2190 0.41945651173591614
2161 2164 0.6024296283721924
2162 2192 0.32474783062934875
2164 2243 0.2509346604347229
2165 2282 0.4159776270389557
2173 2234 0.31489720940589905
2176 2532 0.3757173717021942
2182 2466 0.31553661823272705
2186 2533 0.35700875520706177
2187 2541 0.39798614382743835
2189 2557 0.2707479000091553
2190 2549 0.27147233486175537
2191 2242 0.28961896896362305
2192 2209 0.37037742137908936
2194 2233 0.3671427071094513
2197 2269 0.5072946548461914
2198 2332 0.293666273355484
2201 2335 0.41772401332855225
2202 2303 0.3063583970069885
2203 2284 0.32508188486099243
2204 2322 0.556728184223175
2205 2285 0.3308483064174652
2206 2455 0.2913990020751953
2210 2501 0.26003822684288025
2212 2566 0.5198773145675659
2214 2230 0.2559332251548767
2217 2220 0.29626408219337463
2222 2363 0.5469367504119873
2223 2272 0.2524391710758209
2226 2548 0.38959187269210815
2232 2349 0.3154990077018738
2233 2518 0.3438011705875397
2234 2479 0.29777470231056213
2238 2263 0.32456454634666443
2241 2318 0.3990354537963867
2245 2379 0.4497160017490387
2246 2380 0.2658207416534424
2247 2348 0.2910946011543274
2249 2383 0.2934384047985077
2250 2468 0.27020129561424255
2254 2607 0.4776220917701721
2260 2229 0.26874905824661255
2261 2262 0.3043830394744873
2263 2254 0.30362576246261597
2266 2266 0.35250237584114075
2267 2314 0.260377436876297
2271 2320 0.25150415301322937
2272 2381 0.5842657685279846
2273 2572 0.3221253752708435
2274 2597 0.3143220543861389
2275 2599 0.3177643418312073
2278 2261 0.2543365955352783
2279 2231 0.38170868158340454
2281 2267 0.28053489327430725
2284 2491 0.29779911041259766
2285 2519 0.2682545781135559
2288 2277 0.31472069025039673
2290 2279 0.4778207242488861
2292 2393 0.29364722967147827
2295 2366 0.25707486271858215
2297 2426 0.3685508668422699
2298 2428 0.3487403094768524
2303 2573 0.5776362419128418
2305 2291 0.25181448459625244
2310 2297 0.33187153935432434
2312 2280 0.32475218176841736
2316 2408 0.35506927967071533
2318 2517 0.29086926579475403
2319 2529 0.32323938608169556
2320 2594 0.32891759276390076
2321 2605 0.2837502658367157
2322 2614 0.45030567049980164
2323 2595 0.7027824521064758
2334 2362 0.252502977848053
2335 2427 0.7051597237586975
2339 2330 0.2511228322982788
2340 2346 0.32947486639022827
2341 2451 0.31357893347740173
2342 2464 0.28033939003944397
2343 2453 0.300111323595047
2344 2454 0.30755892395973206
2345 2430 0.2787255048751831
2349 2575 0.2783934473991394
2350 2340 0.2786960005760193
2353 2345 0.349986732006073
2356 2302 0.35072416067123413
2361 2603 0.39720240235328674
2362 2571 0.3816762864589691
2364 2629 0.4617050290107727
2365 2630 0.2828328013420105
2368 2639 0.2657333016395569
2369 2356 0.33656933903694153
2372 2406 0.29168593883514404
2375 2462 0.4215981066226959
2377 2410 0.4184732139110565
2380 2570 0.29281166195869446
2382 2637 0.3919871151447296
2384 2377 0.2864733636379242
2385 2358 0.2649301588535309
2389 2651 0.31399068236351013
2390 2685 0.34152737259864807
2391 2673 0.5901395678520203
2392 2401 0.3168809711933136
2398 2473 0.3500491678714752
2399 2474 0.40182432532310486
2400 2487 0.3888339102268219
2403 2613 0.3771015703678131
2405 2660 0.448025107383728
2407 2663 0.2762303948402405
2409 2420 0.30907052755355835
2410 2421 0.3280845880508423
2412 2484 0.32350459694862366
2413 2485 0.3062208294868469
2414 2477 0.2825895845890045
2416 2478 0.25248587131500244
2417 2465 0.3588249981403351
2419 2604 0.3578445613384247
2420 2683 0.28100964426994324
2423 2422 0.40271857380867004
2424 2405 0.4402604401111603
2429 2526 0.4327351748943329
2430 2496 0.25094425678253174
2431 2509 0.5123922228813171
2434 2636 0.3815922141075134
2438 2684 0.3447335958480835
2442 2423 0.45847827196121216
2445 2514 0.3763740360736847
2448 2507 0.2814556658267975
2449 2515 0.4407860040664673
2458 2508 0.34432223439216614
2459 2486 0.4698953628540039
2463 2745 0.26714658737182617
2464 2682 0.2940042316913605
2466 2471 0.30593183636665344
2474 2681 0.2714490592479706
2475 2628 0.25900983810424805
2477 2719 0.2535149157047272
2480 2459 0.482268750667572
2481 2510 0.35259854793548584
2483 2650 0.31230098009109497
2491 2505 0.316883385181427
2492 2506 0.30925658345222473
2494 2513 0.2858230769634247
2499 2528 0.27257099747657776
2500 2742 0.45812949538230896
2501 2671 0.38362938165664673
2503 2659 0.2972809672355652
2507 2747 0.42193156480789185
2509 2544 0.4533590078353882
2510 2553 0.31620174646377563
2513 2703 0.37380102276802063
2516 2792 0.27451157569885254
2518 2537 0.3495731055736542
2521 2794 0.27956515550613403
2523 2538 0.3458644151687622
2526 2568 0.30869555473327637
2528 2565 0.25532764196395874
2529 2705 0.4810808300971985
2530 2718 0.38604649901390076
2535 2791 0.35433557629585266
2536 2793 0.25571486353874207
2538 2569 0.34462544322013855
2540 2586 0.5314546823501587
2541 2587 0.30514395236968994
2547 2813 0.44616734981536865
2549 2815 0.2753855288028717
2550 2799 0.353842556476593
2552 2577 0.2958143353462219
2553 2578 0.3065296709537506
2557 2622 0.48453596234321594
2559 2562 0.32124584913253784
2563 2584 0.438780814409256
2564 2563 0.45527058839797974
2566 2593 0.2634532153606415
2567 2788 0.32220372557640076
2568 2765 0.43755480647087097
2569 2766 0.3324509263038635
2570 2767 0.35563522577285767
2574 2583 0.34384214878082275
2575 2585 0.5163769721984863
2576 2633 0.34881582856178284
2578 2776 0.29130759835243225
2579 2768 0.31009945273399353
2580 2841 0.35722705721855164
2581 2536 0.26465389132499695
2582 2601 0.3882773518562317
2583 2612 0.3471803367137909
2584 2620 0.30403462052345276
2585 2627 0.33015960454940796
2586 2743 0.35590124130249023
2588 2611 0.28697076439857483
2591 2655 0.3241002857685089
2592 2715 0.28558140993118286
2593 2656 0.3978848159313202
2594 2623 0.30643758177757263
2599 2877 0.3546087145805359
2601 2560 0.25639909505844116
2602 2610 0.2861708402633667
2603 2635 0.33889803290367126
2605 2648 0.4479464888572693
2610 2860 0.26114386320114136
2613 2600 0.32123327255249023
2614 2632 0.317112535238266
2615 2811 0.4023461937904358
2616 2812 0.4467127323150635
2618 2907 0.2712373733520508
2621 2618 0.2889011800289154
2623 2727 0.2738657295703888
2626 2822 0.4059162437915802
2627 2830 0.5367079973220825
2628 2810 0.41225382685661316
2631 2906 0.3035776913166046
2637 2646 0.8846085071563721
2638 2680 0.38804930448532104
2639 2823 0.3068101406097412
2641 2919 0.33584725856781006
2647 2634 0.2547672390937805
2648 2688 0.3159485459327698
2650 2689 0.25582024455070496
2651 2647 0.3047385513782501
2653 2904 0.3184320330619812
2654 2927 0.6506466269493103
2658 2645 0.30843982100486755
2660 2652 0.41173675656318665
2662 2728 0.31752169132232666
2664 2917 0.36132559180259705
2666 2937 0.2646753489971161
2667 2970 0.28798186779022217
2672 2687 0.31823986768722534
2673 2654 0.28779762983322144
2677 2670 0.2848581373691559
2678 2716 0.34909704327583313
2679 2808 0.3687804341316223
2684 2617 0.3414609134197235
2685 2625 0.2952081263065338
2688 2854 0.36806508898735046
2689 2855 0.5492941737174988
2690 2898 0.46922367811203003
2697 2853 0.4363742172718048
2699 2948 0.39119240641593933
2700 2980 0.3071163296699524
2701 2969 0.5491449236869812
2703 2997 0.32633957266807556
2707 2679 0.27232468128204346
2708 2725 0.28842684626579285
2709 2775 0.3082142770290375
2710 2852 0.5639486908912659
2714 2702 0.25291627645492554
2715 2981 0.37681326270103455
2717 2763 0.3678741753101349
2722 2729 0.5061744451522827
2723 2978 0.40840911865234375
2726 2947 0.26245689392089844
2727 2665 0.35406938195228577
2728 2674 0.26610103249549866
2729 2675 0.3099120259284973
2734 2750 0.7202503085136414
2735 2762 0.3701860308647156
2736 2807 0.3000108599662781
2737 2934 0.3135651648044586
2739 2979 0.3578759729862213
2744 2709 0.28158777952194214
2745 3014 0.26635339856147766
2747 3037 0.3485717475414276
2761 3013 0.466853529214859
2762 3025 0.32384413480758667
2765 2699 0.3103817105293274
2766 2739 0.3413209319114685
2769 2749 0.31410568952560425
2773 3026 0.436830997467041
2774 3049 0.28811344504356384
2775 3050 0.7359627485275269
2777 2761 0.3108040988445282
2779 2708 0.28037041425704956
2783 2797 0.31325849890708923
2786 2838 0.31605854630470276
2789 3079 0.30929964780807495
2792 2786 0.37013518810272217
2794 2966 0.26785528659820557
2795 3011 0.26309141516685486
2798 3068 0.4938843548297882
2800 3089 0.28019213676452637
2801 3099 0.3487732410430908
2805 2785 0.37637653946876526
2808 3008 0.4343182444572449
2809 3009 0.3718724250793457
2810 3126 0.38933447003364563
2812 2795 0.3220602571964264
2814 2784 0.29815545678138733
2816 2740 0.3229072391986847
2818 3007 0.3946676254272461
2819 3046 0.3117849826812744
2820 3032 0.43081754446029663
2821 3035 0.2604760527610779
2822 3067 0.47778061032295227
2824 3076 0.45594319701194763
2825 3116 0.2906804084777832
2834 3033 0.3798294961452484
2835 3034 0.3928886950016022
2836 3066 0.44679495692253113
2837 3047 0.3429304361343384
2838 3048 0.2794393301010132
2839 3105 0.3001980483531952
2841 3125 0.2934568524360657
2844 2770 0.28050440549850464
2845 2821 0.2867538332939148
2846 2875 0.27501967549324036
2847 2885 0.2999650835990906
2848 2760 0.3197563886642456
2849 2804 0.2648882269859314
2850 2829 0.26019275188446045
2852 2884 0.3889763355255127
2853 3045 0.36318838596343994
2854 3088 0.3532097339630127
2855 3123 0.3210841119289398
2856 3117 0.3121875524520874
2859 2735 0.25824475288391113
2860 2817 0.29055431485176086
2861 2828 0.4503391683101654
2862 2848 0.27999767661094666
2865 2849 0.33416229486465454
2866 3072 0.4122050702571869
2868 3115 0.29879677295684814
2869 3124 0.4032900631427765
2871 2801 0.28263190388679504
2876 2873 0.4599032700061798
2878 2850 0.34031009674072266
2879 2896 0.4847263991832733
2881 2946 0.2643839716911316
2882 3071 0.35541483759880066
2883 3103 0.39161720871925354
2884 3091 0.3532114028930664
2885 3163 0.3535615801811218
2890 2870 0.26752954721450806
2891 2874 0.2820134460926056
2892 2895 0.39210861921310425
2894 3161 0.26100343465805054
2900 2869 0.2622069716453552
2906 3087 0.2824559509754181
2908 2843 0.3413065969944
2917 2964 0.28971067070961
2918 3157 0.31375691294670105
2921 3237 0.26595234870910645
2924 2864 0.38791242241859436
2927 3121 0.2905554175376892
2928 3159 0.4008219540119171
2932 3197 0.2657971680164337
2934 3222 0.506945013999939
2936 2892 0.41349175572395325
2942 3158 0.2998161017894745
2943 3174 0.4021451771259308
2944 3182 0.3111329972743988
2946 3207 0.25844210386276245
2948 3220 0.4340793192386627
2949 3221 0.5065298676490784
2956 2944 0.4535484313964844
2957 2945 0.49476876854896545
2958 2994 0.2677166163921356
2959 3173 0.32971060276031494
2960 3194 0.3376579284667969
2961 3181 0.3394155204296112
2964 3200 0.25569242238998413
2967 2880 0.4010831117630005
2968 2881 0.3840041756629944
2969 2889 0.44815200567245483
2970 2890 0.2904994487762451
2973 2962 0.3536728620529175
2979 2888 0.2674996852874756
2981 2932 0.44417834281921387
2985 3113 0.30349403619766235
2988 3260 0.3426038920879364
2990 3261 0.6397375464439392
2994 2923 0.42020684480667114
2997 2985 0.4250003695487976
3000 3262 0.26025480031967163
3002 3276 0.32681047916412354
3005 2930 0.27517762780189514
3008 2976 0.8664237856864929
3009 3193 0.4916155934333801
3010 3267 0.2977854907512665
3013 2992 0.3565385341644287
3014 3031 0.31521689891815186
3016 3232 0.6025657653808594
3017 3233 0.3785851001739502
3018 3234 0.3967874348163605
3020 3251 0.36038437485694885
3021 3286 0.4192105829715729
3022 2929 0.25879231095314026
3023 2951 0.4515191912651062
3024 2961 0.27979373931884766
3026 3023 0.29100826382637024
3027 3294 0.3887842297554016
3031 3006 0.36971747875213623
3033 3274 0.6427757740020752
3035 3240 0.30622023344039917
3038 2973 0.3098650276660919
3040 2974 0.37569230794906616
3042 3030 0.3242746591567993
3044 3258 0.5212355852127075
3045 3231 0.38360559940338135
3046 3275 0.4588474631309509
3047 3320 0.5074514150619507
3048 3311 0.4446004331111908
3051 2952 0.3421425223350525
3052 3005 0.26201048493385315
3053 3134 0.5553727746009827
3054 3044 0.4551776945590973
3055 3064 0.2591239809989929
3060 2988 0.34398382902145386
3062 2991 0.5668495893478394
3065 3284 0.5019251108169556
3068 3285 0.2880879044532776
3069 3000 0.26559802889823914
3073 2989 0.2726539373397827
3074 2990 0.2533464729785919
3075 3070 0.4152581989765167
3078 3293 0.41748544573783875
3080 3321 0.4325028955936432
3082 3003 0.2745346128940582
3083 3028 0.32879653573036194
3085 3062 0.4820369780063629
3087 3063 0.31323879957199097
3088 3085 0.25082987546920776
3089 3302 0.4810780882835388
3091 3303 0.46275681257247925
3093 2984 0.31295812129974365
3094 3029 0.47562527656555176
3095 3086 0.254144549369812
3096 3273 0.3357575833797455
3098 3332 0.3960135877132416
3099 3361 0.2898706793785095
3104 3272 0.44868358969688416
3105 3325 0.5320307612419128
3106 3319 0.7607758641242981
3109 3333 0.340250700712204
3110 3340 0.5099756717681885
3112 3001 0.4217718243598938
3113 3060 0.4265986979007721
3114 3040 0.39901188015937805
3115 3041 0.2592903673648834
3118 3083 0.3194783926010132
3120 3110 0.42630910873413086
3121 3112 0.2706774175167084
3125 3018 0.30422544479370117
3127 3109 0.34532850980758667
3128 3331 0.34072381258010864
3129 3388 0.2901538908481598
3137 3300 0.2684680223464966
3138 3357 0.4078618586063385
3139 3358 0.33405205607414246
3142 3058 0.27847522497177124
3143 3095 0.4794411361217499
3145 3108 0.45584145188331604
3146 3135 0.49513551592826843
3147 3155 0.2975478768348694
3150 3356 0.42416343092918396
3155 3057 0.2565328776836395
3157 3142 0.32961031794548035
3160 3408 0.29880189895629883
3167 3172 0.436723530292511
3170 3156 0.46580973267555237
3171 3328 0.28866708278656006
3172 3378 0.4774617850780487
3175 3179 0.31794196367263794
3178 3354 0.29183757305145264
3179 3392 0.3028154969215393
3180 3395 0.3182125389575958
3184 3101 0.3905583322048187
3185 3394 0.6266523599624634
3186 3132 0.29370492696762085
3188 3227 0.39863988757133484
3189 3265 0.2984667122364044
3190 3191 0.3691023886203766
3191 3416 0.462980180978775
3192 3438 0.42677122354507446
3194 3439 0.3047504723072052
3197 3093 0.3916422128677368
3198 3205 0.3039902448654175
3199 3218 0.35883527994155884
3200 3352 0.2759615480899811
3202 3377 0.3267967700958252
3208 3141 0.36789172887802124
3210 3417 0.29632821679115295
3211 3431 0.4095366895198822
3214 3418 0.47588616609573364
3215 3168 0.37378284335136414
3219 3249 0.4174460470676422
3222 3120 0.3154999017715454
3223 3129 0.43770837783813477
3224 3239 0.2901804745197296
3225 3351 0.2503865361213684
3226 3376 0.49334535002708435
3230 3178 0.41959255933761597
3231 3458 0.40129467844963074
3232 3481 0.27860885858535767
3234 3317 0.3438231348991394
3235 3292 0.325769305229187
3236 3310 0.33833128213882446
3237 3152 0.36864224076271057
3239 3140 0.39537209272384644
3240 3189 0.40268170833587646
3247 3316 0.6554933786392212
3248 3188 0.30801740288734436
3252 3324 0.28913792967796326
3254 3496 0.28271573781967163
3256 3210 0.25940364599227905
3258 3256 0.4429819881916046
3259 3270 0.44241076707839966
3260 3283 0.5110267400741577
3261 3345 0.2548471987247467
3262 3401 0.372344046831131
3263 3449 0.44871482253074646
3264 3493 0.28826624155044556
3265 3494 0.2814334034919739
3267 3495 0.2917132079601288
3270 3211 0.30936986207962036
3272 3213 0.2606765925884247
3273 3201 0.289114773273468
3274 3456 0.6009199619293213
3276 3244 0.29895469546318054
3278 3238 0.3203754127025604
3279 3248 0.9244096875190735
3286 3455 0.3859706521034241
3289 3467 0.5417253971099854
3290 3202 0.4410303235054016
3291 3281 0.27895739674568176
3297 3429 0.3697330057621002
3298 3518 0.32362493872642517
3300 3530 0.25889450311660767
3301 3568 0.2568609118461609
3304 3543 0.34723132848739624
3305 3511 0.3496447801589966
3307 3277 0.3356122672557831
3310 3264 0.39547616243362427
3312 3407 0.2798444330692291
3316 3480 0.38231053948402405
3322 3398 0.5748472809791565
3325 3412 0.32299748063087463
3326 3425 0.3473048508167267
3327 3448 0.43072018027305603
3328 3454 0.33190032839775085
3330 3479 0.4564787745475769
3331 3584 0.4379447102546692
3332 3254 0.46536216139793396
3338 3427 0.27758511900901794
3340 3478 0.2651880085468292
3344 3554 0.40208306908607483
3345 3492 0.37530517578125
3346 3592 0.3801048994064331
3347 3593 0.4240497648715973
3351 3252 0.2685832679271698
3352 3304 0.3623017370700836
3354 3297 0.2755410671234131
3359 3484 0.29082292318344116
3360 3510 0.4323853552341461
3373 3204 0.32966846227645874
3374 3369 0.36756592988967896
3375 3339 0.4175204932689667
3376 3617 0.2738821804523468
3378 3685 0.254997193813324
3379 3287 0.29057565331459045
3384 3509 0.3050418198108673
3385 3566 0.34709957242012024
3387 3672 0.35066595673561096
3388 3296 0.25776493549346924
3393 3516 0.2594202160835266
3394 3581 0.4042716324329376
3395 3623 0.31627172231674194
3400 3338 0.39269503951072693
3401 3344 0.2906515896320343
3404 3349 0.4434782564640045
3407 3624 0.498434841632843
3409 3643 0.5558088421821594
3412 3312 0.26633206009864807
3415 3314 0.30549800395965576
3418 3552 0.33739912509918213
3423 3491 0.7449697852134705
3429 3655 0.26715245842933655
3430 3656 0.2913731634616852
3436 3451 0.5111286044120789
3439 3615 0.4580814242362976
3440 3668 0.49409446120262146
3445 3336 0.27807000279426575
3447 3709 0.3186188340187073
3448 3342 0.3043014705181122
3450 3326 0.3111042082309723
3451 3373 0.4548357427120209
3452 3405 0.5321840643882751
3454 3667 0.4564204514026642
3455 3697 0.37874579429626465
3457 3390 0.35113948583602905
3459 3436 0.34419679641723633
3466 3698 0.36528122425079346
3473 3590 0.2870698571205139
3474 3733 0.26019152998924255
3475 3752 0.257245808839798
3476 3435 0.370806485414505
3481 3654 0.3582037687301636
3482 3798 0.33553287386894226
3484 3389 0.42725256085395813
3486 3452 0.45863044261932373
3491 3577 0.29389265179634094
3492 3579 0.32811492681503296
3495 3783 0.3881744146347046
3499 3696 0.3919590711593628
3501 3781 0.37056538462638855
3502 3782 0.4055413007736206
3504 3812 0.33406001329421997
3505 3831 0.3618052303791046
3506 3404 0.2935786247253418
3507 3450 0.5264962911605835
3509 3693 0.48014992475509644
3511 3695 0.4545382857322693
3513 3810 0.3131664991378784
3514 3409 0.3887872099876404
3516 3588 0.265023410320282
3517 3621 0.3923816978931427
3518 3706 0.2702809274196625
3519 3731 0.5113953351974487
3523 3383 0.32623347640037537
3524 3397 0.33058682084083557
3526 3564 0.2931041717529297
3527 3718 0.446560263633728
3528 3750 0.49801766872406006
3529 3767 0.32495632767677307
3530 3829 0.3522449731826782
3539 3730 0.3152286410331726
3540 3766 0.2997886538505554
3541 3796 0.4515906870365143
3542 3826 0.4439665675163269
3543 3828 0.32701626420021057
3545 3420 0.8804004192352295
3546 3442 0.37194088101387024
3551 3613 0.4114086329936981
3552 3765 0.48047009110450745
3555 3846 0.2974780797958374
3557 3869 0.3055516183376312
3560 3847 0.4964362382888794
3562 3476 0.3539826273918152
3563 3764 0.2797406315803528
3564 3859 0.3107626140117645
3566 3503 0.272774338722229
3569 3844 0.3335929811000824
3572 3441 0.3867584466934204
3573 3446 0.4288102686405182
3574 3464 0.5220723748207092
3575 3421 0.2635838985443115
3576 3664 0.2515154182910919
3577 3683 0.27215149998664856
3580 3795 0.3884143829345703
3581 3825 0.3471667766571045
3584 3916 0.35331517457962036
3585 3900 0.3264908790588379
3586 3937 0.3312040865421295
3587 3951 0.395405650138855
3590 3440 0.4939192235469818
3594 3475 0.3746311068534851
3595 3612 0.48225539922714233
3605 3963 0.2542255222797394
3609 3794 0.4000783860683441
3613 3962 0.3631748855113983
3614 3979 0.517590343952179
3618 3716 0.35613176226615906
3625 3889 0.3009275496006012
3627 3950 0.32957950234413147
3637 3574 0.33875390887260437
3643 3886 0.3492668569087982
3644 3898 0.40873992443084717
3645 3915 0.32137301564216614
3651 3482 0.39681392908096313
3661 3977 0.2773638963699341
3665 3610 0.36163172125816345
3667 3777 0.4856434762477875
3671 3928 0.2853546142578125
3672 3969 0.3364403247833252
3673 3999 0.2748437523841858
3676 4000 0.35692092776298523
3677 4012 0.3782123029232025
3679 4013 0.32163485884666443
3684 3483 0.4107457101345062
3688 3536 0.40727803111076355
3691 3887 0.3495151102542877
3695 3487 0.3995998203754425
3699 3528 0.25229331851005554
3700 3512 0.3719114363193512
3701 3513 0.40620124340057373
3702 3600 0.4217533469200134
3704 3561 0.3286858797073364
3705 3897 0.28857046365737915
3708 4058 0.3548133671283722
3710 3488 0.2611236870288849
3712 3611 0.30402475595474243
3715 3806 0.34701383113861084
3716 3807 0.32409748435020447
3719 3914 0.31643253564834595
3720 3926 0.4609571099281311
3721 3935 0.4624907672405243
3724 4025 0.2740914821624756
3727 4055 0.33494141697883606
3729 4078 0.3527875542640686
3737 3968 0.47027599811553955
3740 4026 0.2683602571487427
3742 4090 0.30276814103126526
3743 4105 0.3241543769836426
3744 3522 0.3261541426181793
3751 3727 0.2634667754173279
3753 3960 0.33599013090133667
3758 3559 0.3076026439666748
3760 3641 0.2710563540458679
3763 3947 0.34392184019088745
3766 4104 0.2942218780517578
3772 3649 0.31336846947669983
3773 3867 0.28872984647750854
3775 4077 0.48183751106262207
3778 3557 0.4011821746826172
3781 3573 0.3048100471496582
3783 3682 0.27750861644744873
3786 3959 0.2683679461479187
3789 4089 0.43931844830513
3791 3607 0.2909291684627533
3792 3631 0.5729535818099976
3795 3995 0.31091853976249695
3798 3556 0.3005349040031433
3803 3546 0.3664490580558777
3804 3688 0.34266531467437744
3806 3702 0.28581270575523376
3808 3793 0.5275492668151855
3811 4069 0.2841700315475464
3814 4143 0.2681256830692291
3817 3596 0.28213611245155334
3818 3638 0.27296483516693115
3821 3689 0.2556036710739136
3822 3822 0.2887750267982483
3826 4039 0.33371707797050476
3827 4023 0.32236602902412415
3830 3597 0.4268566966056824
3831 3640 0.3953234553337097
3834 3661 0.31965577602386475
3836 4038 0.2911567687988281
3837 4101 0.264656662940979
3838 4102 0.3117772340774536
3839 4103 0.3152647018432617
3840 4169 0.2563169598579407
3841 4170 0.29921481013298035
3846 3722 0.2687910795211792
3847 3775 0.28324657678604126
3850 4011 0.2580559253692627
3854 3627 0.37968897819519043
3857 3723 0.3051029145717621
3858 3724 0.2549057602882385
3861 3992 0.2910299003124237
3864 4142 0.38370034098625183
3866 4178 0.5504032373428345
3867 4195 0.4262513816356659
3869 3681 0.42201685905456543
3871 3740 0.26587221026420593
3873 3759 0.2998289465904236
3874 3821 0.32940950989723206
3875 4208 0.26366132497787476
3877 4235 0.2688705623149872
3880 3628 0.2946065366268158
3881 3699 0.30715909600257874
3885 3840 0.3362465798854828
3889 4221 0.3154875636100769
3890 4222 0.3247936964035034
3892 3639 0.33653178811073303
3893 3700 0.4582422375679016
3894 3774 0.2523481845855713
3897 3838 0.30623599886894226
3900 3856 0.5406461954116821
3902 4207 0.34422239661216736
3904 3636 0.5624356269836426
3906 3660 0.342961847782135
3908 3803 0.3197469413280487
3909 3851 0.2784014046192169
3910 3865 0.3000060021877289
3911 3852 0.32090380787849426
3915 4076 0.45206552743911743
3919 3637 0.2765337824821472
3920 3659 0.2821692228317261
3923 3818 0.8843200206756592
3925 3880 0.3630564510822296
3929 4125 0.2821463644504547
3931 4126 0.3288140892982483
3932 4141 0.27820315957069397
3933 4204 0.255592942237854
3934 4205 0.261245995759964
3936 3679 0.27447912096977234
3937 3680 0.30230534076690674
3938 3881 0.3306190073490143
3940 3882 0.2573029696941376
3943 4168 0.6745309233665466
3944 4234 0.275510311126709
3946 3645 0.3962704837322235
3947 3788 0.3911871910095215
3951 4246 0.5459372401237488
3952 4249 0.4184233248233795
3954 3677 0.26327764987945557
3963 3713 0.31734639406204224
3964 3819 0.2726411819458008
3969 4202 0.7016065120697021
3970 4250 0.2840026021003723
3971 4303 0.35037046670913696
3972 3686 0.3411028981208801
3977 3908 0.39798957109451294
3979 3934 0.2736312747001648
3982 4167 0.330329030752182
3983 4203 0.28614136576652527
3984 3736 0.34778380393981934
3992 4193 0.2858794927597046
3993 4285 0.2504918575286865
3998 3849 0.27187782526016235
4000 3875 0.35572171211242676
4002 3943 0.308016836643219
4003 3920 0.2893558740615845
4006 4283 0.5451282262802124
4007 4284 0.6433460712432861
4010 3719 0.2991917133331299
4013 3773 0.34677067399024963
4015 3919 0.2538127303123474
4017 3944 0.37937334179878235
4018 3933 0.3031477928161621
4020 4097 0.27542808651924133
4022 4260 0.3365077078342438
4024 3785 0.41150906682014465
4025 3772 0.4626125395298004
4032 4323 0.27713465690612793
4033 4324 0.30465689301490784
4034 4325 0.34729889035224915
4037 3786 0.28390130400657654
4039 3816 0.3792482018470764
4040 3801 0.39454004168510437
4043 3991 0.3516213595867157
4054 3987 0.406671404838562
4056 3988 0.25432056188583374
4058 4145 0.3367709517478943
4060 4155 0.4186592400074005
4061 4156 0.3078024685382843
4063 4192 0.26763516664505005
4065 4372 0.5054740309715271
4066 4381 0.26882055401802063
4067 3833 0.25831469893455505
4068 4022 0.2994483411312103
4069 4154 0.3334008753299713
4071 4177 0.37458252906799316
4074 3848 0.43226662278175354
4075 3930 0.3556274175643921
4076 3905 0.27811986207962036
4077 3986 0.7590293288230896
4081 4355 0.4199548661708832
4082 4380 0.3497164845466614
4083 3942 0.4707592725753784
4085 3967 0.2948308289051056
4086 4007 0.5575751662254333
4088 4190 0.8581396341323853
4099 3955 0.4594477713108063
4102 4037 0.3463374078273773
4103 4052 0.30550703406333923
4107 4176 0.2619270384311676
4109 4321 0.6272287368774414
4112 3815 0.3096349239349365
4113 3863 0.9511294364929199
4114 3941 0.2642216384410858
4116 4034 0.3012459874153137
4120 4200 0.5262749195098877
4121 4299 0.27457234263420105
4122 4300 0.3031899929046631
4123 4322 0.4109474718570709
4124 4006 0.3072390854358673
4127 4189 0.41741976141929626
4129 4386 0.5398784875869751
4131 4414 0.28677651286125183
4142 4259 0.41772958636283875
4143 4298 0.27568456530570984
4144 4379 0.42149680852890015
4150 3891 0.2832825183868408
4151 4085 0.305303156375885
4153 4093 0.39236074686050415
4154 4106 0.3609718680381775
4155 4107 0.3778654932975769
4156 4118 0.27525320649147034
4157 4242 0.4717947840690613
4159 4269 0.47080549597740173
4160 4279 0.29888540506362915
4165 4083 0.4189959466457367
4171 4232 0.33536460995674133
4172 4241 0.3805691599845886
4185 3972 0.278304785490036
4188 4133 0.27803656458854675
4189 4134 0.28123003244400024
4192 4165 0.25667238235473633
4193 4217 0.2690401077270508
4196 4412 0.2668827772140503
4197 4444 0.3576514720916748
4199 4320 0.4162708818912506
4200 4432 0.3773559331893921
4207 4005 0.2571609318256378
4208 4067 0.39528271555900574
4209 4081 0.563203752040863
4210 4229 0.2994057834148407
4213 4347 0.2592001259326935
4216 4430 0.298603355884552
4218 4439 0.47977137565612793
4219 4442 0.27725282311439514
4221 4484 0.6352344751358032
4224 4017 0.39880529046058655
4226 3984 0.3563128411769867
4228 3973 0.32528284192085266
4230 4082 0.280607134103775
4232 4309 0.2981952726840973
4233 4230 0.30702731013298035
4234 4231 0.35169950127601624
4237 4312 0.31098228693008423
4239 4345 0.42253273725509644
4240 4476 0.3635331988334656
4241 4485 0.2988426685333252
4244 3940 0.2603198289871216
4245 3966 0.26507726311683655
4246 4131 0.25540435314178467
4248 4353 0.3163507580757141
4251 4033 0.26604241132736206
4255 4050 0.3450588881969452
4257 4117 0.5467959046363831
4261 4367 0.33592063188552856
4262 4360 0.4714462161064148
4264 4461 0.329237699508667
4266 3939 0.26275843381881714
4267 4015 0.34165507555007935
4268 4016 0.31067726016044617
4270 4018 0.30237916111946106
4272 4021 0.31699100136756897
4274 4116 0.33666083216667175
4276 4153 0.47385096549987793
4278 4344 0.3510604798793793
4279 4423 0.3127104938030243
4280 4490 0.3446369469165802
4281 4491 0.3573623299598694
4283 4520 0.3221118748188019
4288 3971 0.268002450466156
4290 3981 0.25713860988616943
4291 4003 0.2558063268661499
4292 4014 0.3329385817050934
4306 4164 0.3020932376384735
4307 4275 0.3074539303779602
4310 4332 0.33374953269958496
4311 4390 0.29474592208862305
4312 4368 0.4297170341014862
4313 4384 0.3060605525970459
4315 4369 0.36149275302886963
4316 4385 0.32369717955589294
4317 4396 0.25564244389533997
4318 4397 0.30202266573905945
4321 4509 0.4818430244922638
4324 4044 0.3002449870109558
4325 4066 0.3171887695789337
4328 4375 0.2861692011356354
4337 4031 0.3655056357383728
4338 4042 0.4152297079563141
4341 4032 0.39274558424949646
4345 4152 0.3439129889011383
4347 4174 0.40481483936309814
4348 4392 0.36182284355163574
4350 4028 0.4058496654033661
4351 4062 0.2645415961742401
4352 4151 0.47089844942092896
4355 4343 0.35852161049842834
4358 4422 0.38760364055633545
4374 4421 0.27791595458984375
4375 4457 0.5318603515625
4376 4407 0.2817905843257904
4380 4113 0.3851330578327179
4381 4092 0.37629076838493347
4383 4172 0.29949116706848145
4384 4228 0.26585853099823
4385 4310 0.31042760610580444
4387 4330 0.38857296109199524
4388 4405 0.2899063527584076
4389 4391 0.26398590207099915
4390 4454 0.34118521213531494
4397 4171 0.6860136389732361
4399 4471 0.32750532031059265
4405 4130 0.39541658759117126
4406 4114 0.3862534463405609
4409 4239 0.2750333249568939
4410 4240 0.29250073432922363
4411 4419 0.3596125841140747
4416 4163 0.3496924936771393
4417 4188 0.293201744556427
4420 4216 0.30617469549179077
4421 4268 0.26097384095191956
4422 4365 0.30091404914855957
4423 4453 0.3289979100227356
4433 4185 0.36128631234169006
4436 4274 0.2597598731517792
4437 4366 0.2705076038837433
4438 4404 0.39915648102760315
4439 4452 0.3108865022659302
4448 4147 0.36493340134620667
4449 4148 0.26491373777389526
4451 4198 0.29711177945137024
4453 4258 0.39358362555503845
4455 4388 0.2989327311515808
4458 4483 0.3176991939544678
4459 4469 0.309255987405777
4460 4470 0.3536583483219147
4461 4580 0.2727717459201813
4466 4161 0.4089309573173523
4467 4497 0.3363030254840851
4472 4183 0.25276076793670654
4474 4308 0.3583790361881256
4475 4293 0.34182941913604736
4476 4403 0.40174537897109985
4477 4436 0.38238272070884705
4478 4482 0.41047510504722595
4479 4526 0.28584596514701843
4482 4180 0.2724841833114624
4485 4307 0.3635297119617462
4486 4292 0.6273812651634216
4487 4319 0.3023999333381653
4488 4426 0.35865461826324463
4501 4197 0.3182092010974884
4505 4326 0.40119826793670654
4506 4329 0.3064279556274414
4507 4517 0.35187363624572754
4517 4340 0.2579897344112396
4518 4341 0.27754542231559753
4521 4478 0.31754228472709656
4522 4481 0.4086752235889435
4523 4504 0.42462441325187683
4526 4516 0.45925021171569824
4530 4503 0.37770119309425354
4538 4237 0.28825992345809937
4540 4255 0.2743174135684967
4542 4291 0.2676027715206146
4547 4236 0.37955790758132935
4548 4286 0.3470267355442047
4549 4253 0.27533432841300964
4550 4254 0.3168480396270752
4556 4524 0.4201868176460266
4557 4505 0.3399205505847931
4558 4545 0.3299553096294403
4560 4502 0.703524112701416
4562 4252 0.40239763259887695
4563 4273 0.3193468153476715
4564 4289 0.2657110095024109
4565 4290 0.3053532540798187
4566 4525 0.3990134000778198
4567 4272 0.3577507436275482
4568 4251 0.2945006489753723
4569 4564 0.3209429979324341
4573 4539 0.3860829472541809
4578 4551 0.34431761503219604
4579 4563 0.30084776878356934
4581 4271 0.31607604026794434
4583 4589 0.32838916778564453
4584 4317 0.3145349621772766
4585 4318 0.3707287013530731
4587 4578 0.3628023862838745
4588 4559 0.31204912066459656
4589 4604 0.32780277729034424
4590 4306 0.4685395061969757
4594 4594 0.3224917948246002
4595 4588 0.2535272538661957
4598 4314 0.4056263864040375
4599 4315 0.3136964738368988
4600 4316 0.4353678524494171
4601 4338 0.47089889645576477
4602 4339 0.41172027587890625
4604 4351 0.2828964591026306
4605 4352 0.2751471698284149
4608 4577 0.2785073518753052
4609 4593 0.29112401604652405
4610 4579 0.2902413606643677
4613 4337 0.3955863118171692
4615 4573 0.25841695070266724
4617 4575 0.2579774260520935
4626 4335 0.4238003194332123
4627 4336 0.3165445029735565
4629 4374 0.250705748796463
4630 4591 0.278545618057251
4635 4383 0.3736798167228699
4638 4652 0.26445457339286804
4639 4659 0.32327020168304443
4640 4660 0.29654985666275024
4641 4599 0.27291926741600037
4642 4592 0.3179474174976349
4643 4633 0.2526445984840393
4647 4417 0.3558204472064972
4650 4642 0.27682849764823914
4651 4650 0.2557072937488556
4652 4651 0.2773668169975281
4654 4649 0.2541280686855316
4660 4683 0.41767698526382446
4665 4402 0.31929442286491394
4666 4448 0.25600767135620117
4671 4467 0.4119669198989868
4672 4463 0.45866456627845764
4673 4464 0.38188454508781433
4674 4465 0.46467745304107666
4675 4487 0.4155656397342682
4676 4486 0.3357444703578949
4678 4466 0.37702858448028564
4679 4690 0.35957348346710205
4681 4522 0.2964627742767334
4682 4689 0.32528966665267944
4685 4701 0.27795732021331787
4686 4703 0.3721800446510315
4688 4511 0.338003933429718
4689 4554 0.39591580629348755
4690 4500 0.854386568069458
4694 4698 0.3020200729370117
4697 4699 0.35456305742263794
4700 4726 0.4571762681007385
4701 4716 0.2696962058544159
4703 4514 0.25632941722869873
4704 4533 0.33164942264556885
4707 4742 0.2508750855922699
4709 4727 0.3911360800266266
4710 4543 0.5521455407142639
4712 4735 0.30337509512901306
4714 4531 0.3385455906391144
4716 4568 0.3510849177837372
4717 4572 0.26875853538513184
4720 4754 0.3201991617679596
4721 4755 0.4004765450954437
4723 4561 0.36753717064857483
4731 4542 0.3276868462562561
4732 4586 0.3760005533695221
4733 4598 0.3458541929721832
4734 4776 0.35322487354278564
4736 4769 0.2758142054080963
4739 4553 0.328776478767395
4740 4590 0.5806130766868591
4745 4764 0.29564088582992554
4746 4765 0.32147783041000366
4748 4783 0.2560804486274719
4751 4611 0.28249314427375793
4752 4597 0.43594205379486084
4755 4612 0.5089179873466492
4757 4741 0.25425484776496887
4759 4759 0.256361186504364
4761 4570 0.3670923113822937
4762 4571 0.32068905234336853
4763 4596 0.5665901899337769
4764 4619 0.43349066376686096
4765 4620 0.39036619663238525
4766 4621 0.41439658403396606
4770 4567 0.45180433988571167
4771 4629 0.44004008173942566
4777 4790 0.31298795342445374
4778 4780 0.35145607590675354
4783 4799 0.41116073727607727
4784 4645 0.28860706090927124
4785 4825 0.26889440417289734
4786 4665 0.2622714936733246
4788 4801 0.25457537174224854
4792 4802 0.43084096908569336
4794 4664 0.3887152671813965
4795 4805 0.26858633756637573
4796 4824 0.26522088050842285
4797 4807 0.28607067465782166
4800 4663 0.31133899092674255
4801 4815 0.3033210039138794
4802 4816 0.250403493642807
4806 4657 0.2507012188434601
4809 4821 0.28748080134391785
4810 4822 0.2764182984828949
4811 4823 0.26742494106292725
4814 4668 0.26439860463142395
4816 4676 0.555435836315155
4818 4675 0.8401376008987427
4820 4714 0.3413332998752594
4822 4662 0.3150693476200104
4826 4672 0.5140367150306702
4827 4687 0.3836388885974884
4828 4694 0.44358059763908386
4831 4691 0.5195982456207275
4837 4693 0.2744275629520416
4838 4705 0.27886509895324707
4839 4697 0.4627285599708557
4840 4708 0.2864236533641815
4841 4847 0.2616679072380066
4845 4707 0.3486920893192291
4851 4725 0.37841182947158813
4856 4684 0.4275301396846771
4858 4733 0.3024645447731018
4859 4870 0.30592718720436096
4862 4731 0.3080955743789673
4863 4732 0.4115459620952606
4865 4736 0.3520038425922394
4869 4710 0.39876648783683777
4871 4753 0.387942373752594
4872 4875 0.28494778275489807
4873 4882 0.2716992497444153
4878 4729 0.262556791305542
4884 4779 0.4020063877105713
4886 4721 0.3309246599674225
4887 4744 0.3238336443901062
4889 4793 0.37289947271347046
4891 4757 0.27353212237358093
4896 4752 0.3305925130844116
4902 4813 0.35753825306892395
4903 4756 0.2667423188686371
4904 4789 0.34842950105667114
4910 4792 0.4799223840236664
4911 4787 0.46728426218032837
4918 4895 0.503425121307373
4919 4817 0.4173755645751953
4920 4809 0.2558121681213379
4922 4846 0.3220212757587433
4925 4831 0.32183152437210083
4928 4839 0.2996117174625397
4929 4843 0.3258510231971741
4930 4845 0.2929644286632538
4931 4840 0.3094991147518158
4932 4844 0.28726866841316223
4933 4868 0.43898341059684753
4935 4830 0.31090906262397766
4937 4879 0.30098408460617065
4938 4880 0.25046390295028687
4941 4888 0.29634347558021545
4944 4874 0.5033334493637085
4945 4878 0.2618396282196045
4947 4891 0.535411536693573
4948 4887 0.2758581340312958
4952 4894 0.3573418855667114
4953 4897 0.4595376253128052
4955 4898 0.26812031865119934
4957 4901 0.2993817925453186
4958 4902 0.6491070985794067
4959 4904 0.7854810953140259
4962 4906 0.3928358852863312
4963 4909 0.3280654847621918
4964 4907 0.3573882579803467
4965 4908 0.3105969727039337
