1755
19 11 0.3048231303691864
21 33 0.4079252779483795
25 12 0.2799394428730011
29 37 0.5725717544555664
30 13 0.3290603458881378
35 42 0.3466179370880127
45 48 0.5965489745140076
49 51 0.26499056816101074
52 53 0.3271513283252716
53 54 0.32646751403808594
55 56 0.30657848715782166
60 59 0.3372154235839844
63 62 0.25699642300605774
64 65 0.34172382950782776
65 66 0.2857595682144165
68 68 0.3290722668170929
69 64 0.30046382546424866
82 82 0.3479692339897156
98 92 0.25540411472320557
99 93 0.2702193558216095
139 128 0.262541264295578
152 132 0.34628555178642273
178 171 0.2925989329814911
180 184 0.2564658522605896
192 116 0.6203464865684509
196 208 0.276176393032074
204 213 0.2911098599433899
206 207 0.2760702669620514
207 216 0.3527640104293823
211 223 0.306796669960022
217 230 0.34924256801605225
227 231 0.2935033142566681
228 232 0.3103497624397278
244 249 0.28777843713760376
253 258 0.31816035509109497
254 257 0.4709559381008148
259 255 0.3707873821258545
260 282 0.34430646896362305
263 275 0.32890599966049194
266 265 0.25086960196495056
269 274 0.31045928597450256
277 307 0.40977734327316284
283 325 0.3004096746444702
285 339 0.28358957171440125
288 341 0.3133851885795593
296 338 0.3590748906135559
297 317 0.27455034852027893
302 383 0.27145707607269287
304 280 0.2599187195301056
306 355 0.3029983639717102
310 306 0.3683358132839203
315 407 0.2654266059398651
318 403 0.32527104020118713
323 380 0.4308364689350128
325 370 0.31555768847465515
326 398 0.375984787940979
334 381 0.5580092668533325
335 402 0.30809056758880615
347 425 0.2531443238258362
350 427 0.28987428545951843
366 353 0.40597236156463623
367 388 0.2706608772277832
371 466 0.4077051281929016
377 458 0.45068246126174927
382 474 0.4612807631492615
385 497 0.3284771740436554
386 377 0.4985465705394745
390 439 0.2527026832103729
393 495 0.34451600909233093
398 480 0.29858314990997314
399 519 0.3292672336101532
401 411 0.36764270067214966
402 378 0.47258734703063965
404 479 0.2765424847602844
405 504 0.3057323396205902
415 422 0.6703279614448547
427 510 0.4902825951576233
428 518 0.49799343943595886
432 435 0.3956810235977173
433 448 0.4269971549510956
442 502 0.29415062069892883
446 591 0.29409003257751465
447 580 0.275344580411911
453 471 0.2686488628387451
456 592 0.27029848098754883
461 620 0.2511886954307556
468 609 0.38751232624053955
479 514 0.5970754623413086
487 656 0.42234179377555847
489 508 0.2655119001865387
500 539 0.3036327064037323
513 708 0.5033305287361145
514 691 0.25393328070640564
519 542 0.3810485601425171
520 547 0.25868695974349976
522 549 0.3598794937133789
526 690 0.4460218548774719
530 550 0.36434951424598694
531 566 0.30124568939208984
532 567 0.269671767950058
533 661 0.4848105311393738
542 689 0.6503947377204895
547 701 0.4183203876018524
551 588 0.4245304763317108
564 629 0.3240010738372803
567 616 0.3589786887168884
568 617 0.3880844712257385
578 630 0.32586780190467834
580 631 0.348285973072052
589 760 0.46606969833374023
594 640 0.43298080563545227
595 759 0.6085724830627441
596 762 0.3562737703323364
608 688 0.3056375980377197
610 652 0.2987021803855896
617 669 0.29176023602485657
618 670 0.26986241340637207
619 671 0.2902914583683014
620 673 0.45835673809051514
622 674 0.2761479616165161
625 819 0.29012152552604675
626 820 0.2753264605998993
630 680 0.34925520420074463
631 790 0.49908649921417236
632 827 0.2956518828868866
635 568 0.3075999915599823
642 687 0.3016415536403656
643 699 0.4655943512916565
644 681 0.3068162798881531
654 700 0.39943942427635193
656 826 0.2562023401260376
657 864 0.28782591223716736
658 865 0.2508322596549988
660 789 0.2634386420249939
661 813 0.4215679466724396
662 845 0.3670404851436615
666 745 0.7406358122825623
668 722 0.43782317638397217
678 814 0.5055280327796936
680 715 0.2685171961784363
682 757 0.37207356095314026
683 721 0.3520629405975342
684 737 0.3946100175380707
685 738 0.3347814381122589
686 740 0.41655126214027405
688 897 0.2564717233181
689 733 0.6630873084068298
690 736 0.5867170095443726
694 844 0.5689617991447449
700 751 0.44696587324142456
701 752 0.4695885181427002
704 755 0.2707597613334656
713 916 0.3764799237251282
716 716 0.5428336262702942
718 771 0.36451634764671326
719 772 0.3436861038208008
721 882 0.6503289937973022
722 945 0.25934499502182007
734 777 0.35471391677856445
735 778 0.3084471821784973
736 779 0.7025459408760071
741 783 0.360594779253006
747 978 0.6469749808311462
748 780 0.30236274003982544
750 838 0.525309145450592
762 806 0.3378273546695709
763 822 0.8394008278846741
764 839 0.3258190155029297
776 860 0.42611807584762573
780 892 0.25335660576820374
782 874 0.4550960958003998
791 873 0.3223571181297302
793 875 0.2940179705619812
800 862 0.3301687240600586
806 850 0.30796101689338684
819 890 0.33348163962364197
821 922 0.3387451767921448
822 909 0.3210660517215729
823 910 0.33096790313720703
827 923 0.27802491188049316
833 835 0.2520742118358612
835 908 0.4462086260318756
841 949 0.3866717517375946
843 942 0.34265780448913574
844 893 0.5433334112167358
848 930 0.26995816826820374
849 938 0.3637981414794922
851 939 0.4010976552963257
860 940 0.5533310770988464
861 941 0.3663327097892761
868 947 0.2624130845069885
870 931 0.3237990736961365
871 973 0.3779296278953552
878 956 0.2975280284881592
881 974 0.5531442761421204
888 957 0.3037262558937073
898 955 0.4118970036506653
900 880 0.25113314390182495
910 982 0.4348077178001404
917 992 0.4363163709640503
918 968 0.27179384231567383
919 1027 0.2946857810020447
920 993 0.6708785891532898
921 994 0.26737597584724426
922 1006 0.7883493304252625
924 853 0.2992125451564789
927 983 0.29194894433021545
932 926 0.25784608721733093
934 1185 0.2891862094402313
938 1005 0.3750532865524292
939 971 0.38064104318618774
940 1030 0.4359736442565918
943 924 0.2680850327014923
950 1020 0.3090755343437195
951 1001 0.3406451940536499
952 1114 0.30636483430862427
956 1028 0.4314865469932556
960 1227 0.3449588716030121
963 1066 0.3083392381668091
973 1037 0.32679179310798645
975 1038 0.42107775807380676
976 1039 0.5565668344497681
977 1062 0.35475990176200867
987 1079 0.30226844549179077
992 1040 0.40085482597351074
1001 1061 0.2911020815372467
1004 1063 0.29366374015808105
1007 975 0.28035035729408264
1008 1168 0.2750779092311859
1012 1146 0.276929646730423
1013 1147 0.3084912896156311
1018 1078 0.31231260299682617
1021 1175 0.26435548067092896
1024 1084 0.27259281277656555
1026 1085 0.26429876685142517
1028 1086 0.3599642813205719
1034 1097 0.41882097721099854
1036 1002 0.47593608498573303
1040 1083 0.27470460534095764
1042 1096 0.2593316435813904
1043 1032 0.2831558287143707
1047 1108 0.44749048352241516
1059 1107 0.37874722480773926
1063 1126 0.29657700657844543
1065 1132 0.28036078810691833
1066 1133 0.491317480802536
1071 1155 0.2745411694049835
1072 1156 0.25215667486190796
1073 1157 0.30389344692230225
1075 1158 0.29406338930130005
1077 1145 0.33269670605659485
1078 1246 0.3540940284729004
1082 1128 0.3271622359752655
1083 1144 0.3046092391014099
1084 1154 0.4067365825176239
1085 1267 0.3446270823478699
1087 1281 0.585963249206543
1089 1304 0.258232444524765
1095 1159 0.29676204919815063
1096 1166 0.30221715569496155
1098 1174 0.4827454686164856
1101 1180 0.2912314832210541
1102 1181 0.273714542388916
1103 1303 0.27091705799102783
1107 1153 0.2549864947795868
1109 1172 0.407805860042572
1112 1173 0.3687090575695038
1116 1193 0.33642300963401794
1117 1194 0.3490820527076721
1118 1171 0.348846435546875
1119 1198 0.42504414916038513
1121 1220 0.5146989226341248
1122 1199 0.3744935989379883
1128 1195 0.6563891768455505
1133 1342 0.25624191761016846
1134 1277 0.5420545935630798
1136 1190 0.2996177077293396
1138 1215 0.3453321158885956
1139 1216 0.35470443964004517
1143 1217 0.31464746594429016
1144 1218 0.3644023537635803
1145 1219 0.44284555315971375
1149 1208 0.29520559310913086
1150 1191 0.3132931590080261
1151 1209 0.34105184674263
1153 1223 0.3918118178844452
1163 1353 0.2811589539051056
1164 1207 0.319296270608902
1167 1235 0.3957674205303192
1169 1244 0.35292351245880127
1173 1189 0.2724974453449249
1174 1196 0.3783760964870453
1177 1362 0.2537524700164795
1182 1210 0.3882099688053131
1184 1161 0.2632078528404236
1189 1405 0.30674663186073303
1190 1275 0.3827333450317383
1192 1387 0.31423723697662354
1194 1391 0.35447314381599426
1197 1390 0.2539161145687103
1200 1241 0.3436942994594574
1201 1254 0.3740570545196533
1204 1200 0.3643752336502075
1210 1403 0.25222018361091614
1213 1430 0.37875229120254517
1215 1242 0.2844110429286957
1216 1333 0.28372809290885925
1225 1474 0.2660627067089081
1228 1274 0.26822566986083984
1235 1225 0.25705084204673767
1236 1183 0.2567943036556244
1238 1427 0.2622304856777191
1240 1473 0.2648399770259857
1242 1289 0.2612963318824768
1243 1300 0.27272647619247437
1244 1309 0.36767110228538513
1247 1372 0.35544466972351074
1252 1308 0.4261379837989807
1259 1320 0.37381741404533386
1260 1310 0.3176555633544922
1261 1340 0.25441616773605347
1264 1450 0.3317338824272156
1267 1517 0.3195231854915619
1271 1321 0.3689802587032318
1277 1323 0.4558179974555969
1279 1257 0.3107990622520447
1290 1368 0.26818040013313293
1291 1369 0.26024213433265686
1294 1265 0.4085844159126282
1297 1493 0.31995314359664917
1298 1541 0.26952803134918213
1300 1349 0.40721240639686584
1301 1330 0.4040480852127075
1305 1380 0.2659594714641571
1309 1506 0.27644386887550354
1312 1348 0.41564568877220154
1320 1513 0.2764306664466858
1331 1367 0.40988051891326904
1335 1377 0.3833850622177124
1342 1358 0.41783398389816284
1343 1397 0.3449934124946594
1344 1399 0.3492512106895447
1349 1525 0.30043262243270874
1358 1398 0.4333963990211487
1366 1573 0.3120015263557434
1376 1396 0.4368426501750946
1377 1421 0.35229671001434326
1378 1461 0.36834144592285156
1381 1409 0.5074079036712646
1383 1440 0.28458985686302185
1384 1410 0.28001368045806885
1385 1466 0.36166688799858093
1386 1420 0.4025143086910248
1387 1444 0.33080601692199707
1389 1447 0.26784661412239075
1404 1480 0.7751669883728027
1411 1547 0.2956160604953766
1417 1441 0.316428005695343
1418 1442 0.372673362493515
1421 1581 0.25970637798309326
1426 1417 0.6829833984375
1428 1454 0.3716522753238678
1429 1455 0.34086552262306213
1431 1469 0.27697718143463135
1442 1667 0.4222846031188965
1445 1669 0.34234291315078735
1451 1439 0.5258961319923401
1452 1443 0.27121150493621826
1453 1452 0.2512289583683014
1461 1668 0.3215315043926239
1465 1724 0.2660462260246277
1468 1467 0.3775254487991333
1469 1477 0.3422805666923523
1472 1511 0.253073126077652
1477 1501 0.35950490832328796
1478 1503 0.49169623851776123
1485 1645 0.2868090569972992
1487 1700 0.5499646067619324
1493 1489 0.2942535877227783
1495 1500 0.5100529789924622
1499 1654 0.26594677567481995
1502 1770 0.3043685257434845
1507 1490 0.3171866536140442
1511 1535 0.2509729564189911
1512 1545 0.539178729057312
1528 1555 0.6612963080406189
1533 1532 0.3711422383785248
1535 1556 0.4276447296142578
1542 1543 0.37846994400024414
1543 1519 0.41148945689201355
1545 1531 0.3510377109050751
1546 1523 0.3373035788536072
1553 1675 0.25287842750549316
1575 1599 0.4768524765968323
1576 1610 0.25338584184646606
1579 1714 0.3621891140937805
1581 1552 0.31662723422050476
1584 1553 0.48674145340919495
1587 1715 0.34063512086868286
1600 1563 0.3098399043083191
1601 1564 0.43150794506073
1604 1825 0.2814376950263977
1609 1626 0.4124205708503723
1614 1738 0.44323089718818665
1616 1698 0.3308599591255188
1622 1574 0.35015031695365906
1625 1756 0.3130384087562561
1629 1845 0.2989504039287567
1635 1587 0.25261640548706055
1637 1562 0.31308168172836304
1638 1597 0.28708764910697937
1639 1565 0.5951624512672424
1641 1640 0.3582803010940552
1642 1767 0.31239452958106995
1647 1641 0.3203069865703583
1651 1660 0.2593838572502136
1659 1857 0.38107290863990784
1663 1588 0.6556134223937988
1673 1621 0.33505547046661377
1674 1634 0.283779501914978
1675 1636 0.3805695176124573
1679 1789 0.43085578083992004
1683 1911 0.6968965530395508
1684 1624 0.325680136680603
1685 1685 0.2753787040710449
1687 1736 0.2778330147266388
1688 1804 0.3307618498802185
1692 1970 0.25404423475265503
1693 1912 0.38072818517684937
1697 1619 0.28816813230514526
1699 1622 0.33565130829811096
1700 1625 0.2581118047237396
1703 1732 0.29463744163513184
1705 1905 0.2761703431606293
1711 1650 0.32299718260765076
1712 1637 0.38777628540992737
1714 1684 0.28884056210517883
1716 1735 0.35487768054008484
1717 1707 0.2720988094806671
1723 1829 0.2735271751880646
1728 1673 0.42671141028404236
1732 1751 0.48298123478889465
1733 1737 0.5443826913833618
1734 1752 0.34433501958847046
1735 1840 0.4019082486629486
1741 1937 0.2943807542324066
1746 1651 0.3316364586353302
1747 1665 0.30865374207496643
1752 1852 0.2796296775341034
1753 1927 0.27440714836120605
1754 1672 0.2903471291065216
1756 1635 0.29346972703933716
1757 1664 0.3379339873790741
1758 1761 0.2860826849937439
1761 1733 0.3772397041320801
1769 1880 0.6515817642211914
1774 1705 0.27181869745254517
1778 1785 0.49675166606903076
1779 1881 0.4277752637863159
1782 1993 0.25401297211647034
1785 1682 0.5801470875740051
1786 1729 0.3007442057132721
1797 1991 0.269202321767807
1799 1758 0.3064042627811432
1802 1762 0.2513207495212555
1807 1710 0.28096088767051697
1809 2004 0.27831724286079407
1810 2006 0.3378041386604309
1812 2040 0.7089533805847168
1819 1817 0.27887412905693054
1820 1918 0.35601869225502014
1825 1890 0.3034535348415375
1827 1727 0.8692169785499573
1830 1799 0.31138619780540466
1831 1800 0.29161667823791504
1832 1783 0.2865815758705139
1833 1818 0.3195113241672516
1839 1936 0.25230270624160767
1841 2024 0.40741363167762756
1842 2003 0.2732195556163788
1849 1819 0.35716575384140015
1858 2072 0.2638404369354248
1859 2054 0.2856658399105072
1864 2038 0.3362703025341034
1867 1781 0.37622615694999695
1869 1851 0.33011868596076965
1872 1967 0.28737005591392517
1880 1966 0.44341862201690674
1884 2090 0.3325403332710266
1886 1878 0.3989121913909912
1890 2127 0.3467792868614197
1893 1814 0.3966270387172699
1894 1834 0.26522037386894226
1895 1792 0.26105597615242004
1898 1888 0.35984450578689575
1899 1990 0.27208688855171204
1900 2047 0.36629217863082886
1903 2089 0.309012770652771
1904 2135 0.40882179141044617
1910 1773 0.26040127873420715
1921 1896 0.9193246364593506
1922 1833 0.2757508456707001
1925 1877 0.2660835087299347
1929 2018 0.4204910695552826
1931 2105 0.3365645110607147
1934 1813 0.4059026837348938
1935 1836 0.30323800444602966
1936 1849 0.390813946723938
1938 1885 0.29081931710243225
1940 2037 0.28185510635375977
1957 2125 0.3406835198402405
1958 2116 0.3358639180660248
1965 1933 0.2908207178115845
1966 1934 0.2708876132965088
1967 2059 0.2988768517971039
1968 2060 0.3458162546157837
1969 2061 0.29649782180786133
1970 2046 0.354935884475708
1977 1898 0.4440292418003082
1981 1950 0.6482144594192505
1982 2086 0.26575207710266113
1993 2170 0.47718408703804016
1998 1883 0.2849358320236206
1999 1900 0.27368372678756714
2003 1902 0.33610424399375916
2005 1964 0.2982993721961975
2006 2016 0.3283979296684265
2008 1987 0.4604465663433075
2012 2145 0.30342283844947815
2013 2078 0.31971797347068787
2016 2206 0.3054875135421753
2022 1874 0.45027774572372437
2028 1986 0.4546145796775818
2033 2184 0.2801830470561981
2034 2205 0.3086310923099518
2036 2230 0.2536830008029938
2043 1914 0.294655442237854
2046 2067 0.3232917785644531
2050 2217 0.2671498954296112
2053 1960 0.26772862672805786
2056 2122 0.31812211871147156
2060 2255 0.3104705214500427
2062 2256 0.34016668796539307
2067 2014 0.34592774510383606
2068 2015 0.2617427706718445
2069 2144 0.3240019977092743
2074 2254 0.5267951488494873
2076 1984 0.5006171464920044
2077 1985 0.43555763363838196
2079 2045 0.4320366680622101
2084 2252 0.29747268557548523
2088 1949 0.2592465877532959
2092 2290 0.3879838287830353
2094 1977 0.3510347008705139
2095 1983 0.3322784900665283
2097 2068 0.2831237018108368
2098 2181 0.29481929540634155
2099 2238 0.2995368540287018
2100 2297 0.2789866626262665
2102 1976 0.6003133654594421
2103 2029 0.2817365825176239
2104 2031 0.36657872796058655
2105 2032 0.31593409180641174
2106 2033 0.2531778812408447
2108 2057 0.5632767677307129
2109 2017 0.4349818825721741
2111 2226 0.3577149212360382
2114 2269 0.3252356946468353
2117 2354 0.32783499360084534
2120 2028 0.338374525308609
2123 2103 0.3799997866153717
2125 2157 0.2943709194660187
2128 2296 0.43133020401000977
2129 2355 0.26354870200157166
2130 2042 0.2906903922557831
2132 2099 0.44279447197914124
2133 2102 0.3624372184276581
2135 2334 0.3060789406299591
2138 2043 0.2501681447029114
2139 2100 0.4592423439025879
2140 2084 0.6918452978134155
2141 2085 0.5215573310852051
2146 2341 0.3495267629623413
2148 2010 0.7210234999656677
2150 2111 0.4001966714859009
2151 2133 0.3566412329673767
2153 2200 0.4231630265712738
2165 2120 0.42652952671051025
2168 2399 0.2790800631046295
2169 2082 0.25167763233184814
2171 2012 0.2515077590942383
2172 2093 0.39950990676879883
2173 2094 0.30827954411506653
2176 2364 0.3573493957519531
2186 2370 0.33703795075416565
2187 2371 0.3743721842765808
2189 2384 0.36611685156822205
2191 2106 0.26298630237579346
2193 2091 0.6190416216850281
2194 2075 0.3731171786785126
2197 2098 0.49669149518013
2198 2164 0.28843042254447937
2200 2155 0.2828991413116455
2201 2166 0.41252243518829346
2202 2112 0.2692290246486664
2204 2134 0.6867009401321411
2205 2121 0.3543592393398285
2210 2353 0.28975266218185425
2212 2392 0.7119725346565247
2213 2136 0.2896968722343445
2214 2118 0.2758852541446686
2217 2074 0.29209432005882263
2223 2104 0.3070571720600128
2224 2380 0.3666413128376007
2225 2381 0.3536789119243622
2226 2383 0.5377644896507263
2230 2109 0.4504968225955963
2233 2333 0.2835555076599121
2234 2267 0.4009266793727875
2235 2227 0.2604737877845764
2238 2153 0.3153856098651886
2239 2110 0.5114694833755493
2241 2163 0.4740118682384491
2244 2197 0.30140891671180725
2245 2210 0.396838903427124
2247 2168 0.26024338603019714
2248 2178 0.2694144546985626
2249 2180 0.3668564260005951
2254 2428 0.3532649576663971
2257 2171 0.3120800852775574
2259 2149 0.27552029490470886
2260 2151 0.2510828375816345
2261 2152 0.31665077805519104
2263 2107 0.2620599865913391
2264 2092 0.28201615810394287
2271 2236 0.29421737790107727
2272 2179 0.42579635977745056
2274 2429 0.3514383137226105
2275 2430 0.3142782747745514
2278 2150 0.2884788513183594
2283 2324 0.25445643067359924
2291 2196 0.27305230498313904
2292 2235 0.33408424258232117
2295 2237 0.29654785990715027
2297 2250 0.3436497151851654
2298 2223 0.33318760991096497
2299 2224 0.2689133882522583
2300 2198 0.28641244769096375
2303 2400 0.46429339051246643
2310 2139 0.369376003742218
2318 2376 0.2784040570259094
2319 2362 0.25729143619537354
2322 2444 0.4337896406650543
2323 2460 0.5466770529747009
2324 2461 0.3290594220161438
2325 2445 0.2926687002182007
2335 2221 0.5847563147544861
2341 2279 0.3336890637874603
2342 2295 0.297261118888855
2343 2264 0.3477436602115631
2346 2350 0.322346955537796
2349 2395 0.28501084446907043
2355 2194 0.5063086748123169
2356 2294 0.5290572047233582
2361 2377 0.3047763407230377
2362 2379 0.474651038646698
2364 2477 0.2821681499481201
2368 2479 0.2594912350177765
2369 2246 0.4603389799594879
2375 2263 0.37535494565963745
2377 2199 0.40020468831062317
2383 2273 0.2981833219528198
2389 2490 0.4275183081626892
2390 2501 0.3666154444217682
2392 2291 0.2580999732017517
2396 2249 0.29226261377334595
2398 2301 0.35155901312828064
2400 2319 0.37238526344299316
2403 2427 0.3294883668422699
2405 2497 0.40877190232276917
2406 2498 0.27834564447402954
2413 2331 0.3619205057621002
2414 2303 0.302145391702652
2415 2332 0.28167450428009033
2417 2305 0.3031960725784302
2420 2522 0.3032163083553314
2423 2259 0.36157137155532837
2424 2248 0.5200369954109192
2428 2316 0.4024643898010254
2430 2338 0.2940429151058197
2431 2339 0.6744344234466553
2438 2544 0.30535760521888733
2444 2260 0.327692449092865
2445 2345 0.3444240391254425
2446 2330 0.34323376417160034
2448 2337 0.3592471778392792
2449 2347 0.4171714186668396
2456 2530 0.27011576294898987
2458 2346 0.3667144179344177
2466 2329 0.3624831736087799
2467 2247 0.2769906520843506
2468 2300 0.2839961051940918
2475 2475 0.29211658239364624
2477 2560 0.29676344990730286
2479 2258 0.3298933207988739
2480 2276 0.6149638891220093
2483 2473 0.32412809133529663
2489 2526 0.2825378477573395
2491 2357 0.32654038071632385
2494 2344 0.2720593810081482
2498 2389 0.3666084408760071
2499 2340 0.29888400435447693
2500 2527 0.5689075589179993
2501 2487 0.3350040316581726
2502 2494 0.2642826437950134
2503 2488 0.35567763447761536
2507 2588 0.294033944606781
2510 2388 0.3977831304073334
2513 2521 0.35352110862731934
2518 2343 0.35994336009025574
2523 2365 0.28736621141433716
2525 2374 0.2684995234012604
2526 2396 0.3339131772518158
2529 2585 0.3724747598171234
2530 2543 0.2692146301269531
2533 2628 0.43825554847717285
2535 2616 0.2895192801952362
2538 2397 0.35611748695373535
2540 2405 0.5257371664047241
2543 2411 0.2675856649875641
2547 2650 0.3375275135040283
2550 2630 0.25844481587409973
2552 2425 0.330735981464386
2553 2406 0.2957861125469208
2557 2413 0.4051640033721924
2559 2386 0.2813724875450134
2561 2402 0.27944865822792053
2565 2418 0.316468745470047
2568 2586 0.3956145942211151
2569 2587 0.2744474709033966
2573 2677 0.2536048889160156
2574 2423 0.4399746060371399
2575 2417 0.47507810592651367
2576 2424 0.3019290566444397
2579 2529 0.30694153904914856
2580 2643 0.2503499984741211
2581 2358 0.28768429160118103
2582 2422 0.5110618472099304
2584 2438 0.338374525308609
2585 2440 0.3966822624206543
2586 2575 0.3743754029273987
2589 2436 0.3254714906215668
2592 2471 0.3488001823425293
2594 2426 0.2858814001083374
2599 2692 0.3477788269519806
2602 2455 0.31838616728782654
2603 2449 0.32844334840774536
2605 2451 0.3603362739086151
2606 2611 0.33575791120529175
2607 2603 0.2733535170555115
2615 2612 0.290048211812973
2616 2613 0.3632483184337616
2619 2715 0.2510203719139099
2621 2434 0.3527795076370239
2622 2485 0.3721640706062317
2623 2486 0.3106224536895752
2625 2639 0.4152297079563141
2627 2640 0.3898014724254608
2633 2401 0.2609631419181824
2637 2484 0.6712299585342407
2638 2472 0.28958719968795776
2641 2725 0.4447552263736725
2645 2467 0.2519718408584595
2646 2468 0.3421930968761444
2647 2491 0.29337459802627563
2648 2555 0.26396575570106506
2653 2722 0.30916133522987366
2654 2736 0.9269927740097046
2655 2771 0.35650521516799927
2656 2772 0.29053157567977905
2662 2541 0.3772224187850952
2663 2714 0.257240891456604
2664 2723 0.2960372865200043
2672 2506 0.30288076400756836
2673 2524 0.35848569869995117
2678 2525 0.27805382013320923
2679 2624 0.3438175618648529
2683 2448 0.2545280456542969
2684 2432 0.3246450424194336
2685 2465 0.31997907161712646
2688 2670 0.3883914053440094
2690 2712 0.4305715262889862
2697 2669 0.48507601022720337
2700 2753 0.3446027636528015
2701 2754 0.46662116050720215
2702 2773 0.2513478100299835
2708 2519 0.2673494815826416
2709 2572 0.2509734332561493
2710 2668 0.5755028128623962
2712 2535 0.2962649166584015
2713 2566 0.2809298038482666
2715 2791 0.28308212757110596
2717 2567 0.42849671840667725
2723 2748 0.380134254693985
2725 2749 0.30762991309165955
2726 2750 0.2715414762496948
2727 2532 0.4622896909713745
2728 2533 0.396156370639801
2729 2534 0.5707476139068604
2732 2550 0.29435884952545166
2734 2581 0.6101089715957642
2735 2556 0.3610324561595917
2737 2751 0.28556370735168457
2739 2783 0.3582454323768616
2745 2814 0.3648335337638855
2747 2816 0.33942848443984985
2761 2823 0.407161146402359
2764 2597 0.3040296733379364
2765 2589 0.31789010763168335
2766 2598 0.35687634348869324
2772 2782 0.30910974740982056
2773 2825 0.37957456707954407
2774 2875 0.36395326256752014
2775 2846 0.45910921692848206
2776 2848 0.3434770405292511
2782 2592 0.33001574873924255
2786 2637 0.2751072943210602
2787 2821 0.2609773278236389
2789 2847 0.3186820447444916
2790 2859 0.2570832073688507
2797 2822 0.2776825428009033
2798 2858 0.5099849104881287
2800 2907 0.27124565839767456
2801 2897 0.5062444806098938
2802 2596 0.3667738735675812
2804 2620 0.2700580656528473
2805 2633 0.3178861737251282
2808 2797 0.464123398065567
2809 2809 0.38996434211730957
2810 2929 0.43066391348838806
2814 2608 0.268209308385849
2816 2610 0.26052647829055786
2818 2781 0.5312986373901367
2819 2810 0.3083224892616272
2822 2857 0.37805795669555664
2824 2874 0.4978386461734772
2825 2916 0.34617558121681213
2833 2888 0.2807216942310333
2834 2864 0.3228358030319214
2835 2832 0.4333277940750122
2836 2811 0.2788946330547333
2839 2914 0.3079075813293457
2841 2928 0.329215407371521
2843 2607 0.39398807287216187
2846 2623 0.2757261097431183
2848 2645 0.43560126423835754
2849 2656 0.28314343094825745
2852 2661 0.4873596727848053
2853 2808 0.4827583432197571
2855 2906 0.3952951729297638
2860 2652 0.25036385655403137
2861 2685 0.36484605073928833
2862 2665 0.299509733915329
2866 2856 0.3127140700817108
2868 2941 0.2833781838417053
2869 2934 0.3294914960861206
2871 2663 0.2853456437587738
2876 2659 0.32320454716682434
2877 2660 0.3600243628025055
2878 2666 0.4703769087791443
2879 2648 0.25267544388771057
2882 2886 0.305061012506485
2883 2913 0.399650901556015
2884 2879 0.31566181778907776
2885 2967 0.37229397892951965
2890 2688 0.3312685191631317
2892 2682 0.37768858671188354
2893 2905 0.33111122250556946
2894 2954 0.2663930356502533
2900 2696 0.25488001108169556
2906 2896 0.3069099187850952
2907 2964 0.2590671479701996
2908 2693 0.2740817964076996
2915 2735 0.5021482110023499
2916 2699 0.3131524622440338
2918 2939 0.29327499866485596
2920 2955 0.2792579233646393
2928 2940 0.3955044448375702
2929 2966 0.27490246295928955
2932 2986 0.29155606031417847
2933 3002 0.35694271326065063
2934 3021 0.39232930541038513
2936 2717 0.3663061559200287
2944 2975 0.5963373780250549
2946 3001 0.2557831406593323
2949 3012 0.5488470196723938
2956 2709 0.45884087681770325
2959 2973 0.3910771608352661
2960 2974 0.33897754549980164
2961 2963 0.2530726194381714
2965 2706 0.3207685649394989
2967 2729 0.3563441038131714
2968 2730 0.3782588541507721
2969 2742 0.4810239374637604
2970 2731 0.2745197117328644
2977 3020 0.2622454762458801
2979 2728 0.2974434792995453
2981 2759 0.4696328341960907
2985 2926 0.32920128107070923
2988 3041 0.3816329836845398
2989 3049 0.33800652623176575
2990 3050 0.5601745247840881
2992 2739 0.3133188486099243
2994 2764 0.36371803283691406
2997 2807 0.39499858021736145
2998 2951 0.25049903988838196
2999 3061 0.2817094326019287
3002 3043 0.2643093466758728
3005 2778 0.33646535873413086
3006 2802 0.26295119524002075
3008 2768 0.8411188721656799
3009 3009 0.4435230791568756
3013 2770 0.38756704330444336
3015 2999 0.5909663438796997
3016 3008 0.5495781898498535
3017 3010 0.41325679421424866
3018 3028 0.36862993240356445
3020 3060 0.37404778599739075
3022 2789 0.36597931385040283
3023 2792 0.3944053649902344
3024 2790 0.37832197546958923
3027 3111 0.31548425555229187
3030 2777 0.2586168944835663
3031 2853 0.3338170349597931
3033 3039 0.5953622460365295
3034 3068 0.28227606415748596
3035 3029 0.2850499749183655
3038 2803 0.32827141880989075
3039 2804 0.3369499146938324
3042 2820 0.37604859471321106
3043 2830 0.2656448781490326
3045 3019 0.3741244971752167
3046 3069 0.334514319896698
3047 3089 0.4755980670452118
3048 3094 0.3911174237728119
3050 2827 0.4385477900505066
3051 2780 0.33143314719200134
3055 2841 0.3027265667915344
3056 2852 0.4247985780239105
3058 3059 0.33771008253097534
3060 2801 0.33111312985420227
3062 2769 0.3960268199443817
3067 3143 0.29496610164642334
3069 2835 0.26655668020248413
3073 2819 0.3262975811958313
3074 2828 0.3182359039783478
3075 2851 0.3767758905887604
3077 3058 0.33668553829193115
3080 3120 0.3580555319786072
3081 3127 0.2569640576839447
3082 2818 0.31567448377609253
3083 2838 0.27907899022102356
3085 2839 0.4940869212150574
3087 2872 0.2846968173980713
3089 3088 0.4964163601398468
3091 3067 0.5519349575042725
3092 3158 0.2950451672077179
3093 2805 0.29652440547943115
3096 3077 0.3204108774662018
3098 3119 0.37858474254608154
3099 3157 0.47892338037490845
3100 3169 0.278335303068161
3105 3105 0.5461694598197937
3106 3106 0.7433637380599976
3107 3107 0.4058825373649597
3108 3108 0.32741913199424744
3112 2836 0.38541632890701294
3113 2868 0.4127829670906067
3114 2869 0.36757153272628784
3117 2870 0.30769914388656616
3119 2882 0.33371102809906006
3120 2904 0.32646751403808594
3123 3141 0.46065473556518555
3125 2837 0.3882247805595398
3127 2895 0.4410282075405121
3129 3189 0.2926954925060272
3135 2881 0.2823929190635681
3139 3153 0.27646520733833313
3140 3167 0.46167904138565063
3143 2901 0.5235127210617065
3145 2902 0.3773181438446045
3146 2903 0.31090429425239563
3150 3172 0.4000978469848633
3157 2924 0.3979671597480774
3159 3135 0.2935156524181366
3168 2949 0.38162970542907715
3170 2950 0.3208150863647461
3172 3186 0.4369617998600006
3175 2948 0.3431224822998047
3176 3140 0.27625593543052673
3178 3166 0.33426493406295776
3179 3196 0.314453661441803
3187 2981 0.26903703808784485
3190 2984 0.35350626707077026
3191 3213 0.3642689287662506
3192 3241 0.28027576208114624
3195 3262 0.357380747795105
3196 2899 0.251295804977417
3197 2921 0.3363521099090576
3198 2961 0.30612388253211975
3199 2982 0.441530704498291
3200 3133 0.2874149978160858
3202 3176 0.3430737257003784
3206 2937 0.25219324231147766
3209 3134 0.2559727728366852
3210 3228 0.2892358601093292
3211 3239 0.28234097361564636
3213 3261 0.26553672552108765
3214 3215 0.3964715898036957
3215 2991 0.28607067465782166
3217 3037 0.28104984760284424
3219 3007 0.3170245587825775
3221 2946 0.2537998855113983
3222 2947 0.2613142728805542
3223 2936 0.2869061827659607
3224 2996 0.2845396399497986
3225 3164 0.31079432368278503
3230 2992 0.4027954041957855
3231 3273 0.41232773661613464
3232 3275 0.25202855467796326
3235 3092 0.4022080898284912
3237 2968 0.3047609329223633
3240 2979 0.4081941843032837
3241 3026 0.35747960209846497
3244 3006 0.25170546770095825
3248 2989 0.29414305090904236
3250 2994 0.3471684157848358
3256 3005 0.3062640428543091
3257 3024 0.3444082736968994
3258 3017 0.3840525448322296
3260 3057 0.4274400472640991
3261 3093 0.2775978147983551
3262 3185 0.33453983068466187
3264 3316 0.25036337971687317
3266 3317 0.29182198643684387
3267 3318 0.3622201979160309
3270 3032 0.2883124351501465
3271 3033 0.2599499523639679
3272 3034 0.28494343161582947
3273 3035 0.3572550117969513
3274 3252 0.5805953741073608
3279 3091 0.7701519131660461
3286 3259 0.3388530910015106
3289 3298 0.5317842364311218
3290 2990 0.3365638852119446
3291 3047 0.3825691044330597
3297 3212 0.39997729659080505
3298 3329 0.3006831407546997
3300 3331 0.277594655752182
3304 3340 0.3902958333492279
3305 3330 0.3689323961734772
3306 3053 0.33195701241493225
3307 3082 0.300528883934021
3308 3074 0.2739649713039398
3310 3025 0.4887453019618988
3316 3283 0.37045586109161377
3317 3062 0.443532794713974
3320 3076 0.32730329036712646
3321 3117 0.3232896327972412
3326 3224 0.2888367176055908
3327 3270 0.34172382950782776
3330 3289 0.4822273552417755
3331 3389 0.42372557520866394
3342 3369 0.5670766830444336
3343 3370 0.42742741107940674
3344 3371 0.5005942583084106
3345 3315 0.44634735584259033
3346 3390 0.385636568069458
3347 3391 0.43949946761131287
3351 3073 0.28262248635292053
3352 3113 0.3384719789028168
3354 3100 0.2609890103340149
3355 3103 0.30632537603378296
3356 3086 0.31840044260025024
3359 3297 0.32137179374694824
3360 3314 0.38737601041793823
3362 3367 0.3269130289554596
3373 3149 0.37911584973335266
3375 3193 0.6172359585762024
3376 3368 0.3361375629901886
3378 3457 0.27828991413116455
3379 3097 0.3060608208179474
3380 3098 0.25045937299728394
3385 3366 0.3658941686153412
3387 3481 0.39951828122138977
3388 3096 0.26375916600227356
3389 3175 0.31164318323135376
3393 3328 0.2984260022640228
3394 3355 0.4473334550857544
3400 3148 0.3315308392047882
3407 3430 0.5020371079444885
3408 3431 0.43009504675865173
3409 3455 0.5620860457420349
3410 3112 0.339265376329422
3413 3129 0.28991299867630005
3414 3130 0.2912764847278595
3415 3121 0.35947543382644653
3416 3131 0.6088854074478149
3420 3138 0.2787664532661438
3423 3327 0.6350951790809631
3429 3437 0.3825286328792572
3430 3464 0.29250073432922363
3435 3182 0.2752789258956909
3438 3404 0.3229377269744873
3439 3406 0.3959237337112427
3440 3454 0.3310963809490204
3441 3493 0.370595782995224
3442 3552 0.343433141708374
3450 3146 0.39434969425201416
3451 3180 0.43854737281799316
3452 3204 0.39284899830818176
3454 3476 0.44653812050819397
3457 3203 0.36857616901397705
3458 3248 0.3270062804222107
3465 3527 0.3582495450973511
3467 3536 0.3256574869155884
3474 3553 0.28684133291244507
3475 3554 0.25941526889801025
3481 3436 0.3318769037723541
3483 3595 0.3002481460571289
3484 3202 0.4886232018470764
3485 3268 0.7951168417930603
3486 3280 0.4632875919342041
3490 3397 0.273108571767807
3491 3414 0.2653610408306122
3492 3415 0.3286350965499878
3495 3573 0.5109658241271973
3496 3584 0.3114946186542511
3499 3475 0.3859044015407562
3501 3593 0.28384095430374146
3502 3572 0.3590766191482544
3503 3594 0.2784077823162079
3504 3596 0.3466476798057556
3505 3625 0.25483065843582153
3507 3232 0.3584125339984894
3508 3427 0.28787147998809814
3510 3473 0.2538642883300781
3511 3474 0.4687240719795227
3512 3571 0.26005780696868896
3514 3257 0.3195052146911621
3515 3218 0.2639944553375244
3517 3450 0.305160254240036
3522 3197 0.32795852422714233
3523 3198 0.2682407796382904
3524 3171 0.47350946068763733
3525 3451 0.2535828649997711
3527 3516 0.3936440646648407
3530 3620 0.255430668592453
3532 3192 0.4190586805343628
3541 3551 0.43297460675239563
3542 3639 0.3392760455608368
3545 3245 0.9568356275558472
3551 3453 0.38835105299949646
3552 3550 0.4973617196083069
3553 3526 0.4786266088485718
3555 3653 0.2844243347644806
3557 3641 0.2892043888568878
3559 3642 0.364338755607605
3560 3622 0.3748827278614044
3562 3288 0.3811110556125641
3563 3535 0.268216997385025
3564 3654 0.258480042219162
3569 3591 0.2962847054004669
3572 3256 0.5086690187454224
3574 3287 0.5144761204719543
3577 3452 0.2878228724002838
3579 3570 0.31183910369873047
3580 3582 0.4220333695411682
3583 3669 0.2814036011695862
3584 3706 0.2798636555671692
3585 3707 0.3022909462451935
3587 3722 0.42917191982269287
3592 3266 0.29072532057762146
3594 3279 0.3540160357952118
3595 3413 0.5450621843338013
3602 3581 0.25610119104385376
3603 3682 0.4969933331012726
3611 3638 0.31295302510261536
3612 3667 0.2778725028038025
3613 3742 0.3260754644870758
3614 3793 0.4063527286052704
3618 3546 0.3131832182407379
3623 3666 0.31942814588546753
3624 3636 0.39022326469421387
3625 3668 0.31849977374076843
3626 3705 0.35305681824684143
3637 3354 0.5458731651306152
3650 3292 0.27000269293785095
3651 3278 0.4238969385623932
3652 3361 0.429179310798645
3656 3681 0.268191397190094
3660 3738 0.4393092393875122
3663 3852 0.32940763235092163
3665 3384 0.3278815746307373
3667 3589 0.3037137985229492
3672 3755 0.3143598139286041
3673 3789 0.2926999628543854
3676 3756 0.3803246319293976
3678 3791 0.2784298062324524
3679 3792 0.25398996472358704
3681 3286 0.2538909316062927
3684 3293 0.39225074648857117
3688 3352 0.36546939611434937
3695 3342 0.31712403893470764
3701 3301 0.38360705971717834
3702 3396 0.40485846996307373
3703 3337 0.25673380494117737
3704 3383 0.374721884727478
3705 3714 0.2549198567867279
3708 3851 0.33589082956314087
3711 3420 0.31816399097442627
3712 3385 0.31963658332824707
3715 3604 0.3955119848251343
3721 3702 0.36091405153274536
3724 3818 0.3082513213157654
3725 3819 0.28488150238990784
3727 3849 0.5176258683204651
3737 3712 0.393957257270813
3738 3736 0.2883226275444031
3742 3835 0.2632181644439697
3744 3347 0.34615084528923035
3751 3507 0.28637203574180603
3760 3448 0.31722748279571533
3763 3701 0.31427109241485596
3765 3788 0.26483669877052307
3766 3909 0.280263751745224
3770 3434 0.2658149302005768
3772 3435 0.3060325086116791
3773 3665 0.2600151598453522
3775 3877 0.5051781535148621
3777 3928 0.2821732461452484
3778 3357 0.4800894856452942
3784 3545 0.29752346873283386
3786 3735 0.31861612200737
3789 3917 0.32943809032440186
3791 3395 0.34048572182655334
3792 3376 0.48229172825813293
3793 3543 0.6203802227973938
3795 3734 0.3052411675453186
3798 3381 0.3823794424533844
3803 3351 0.3974517285823822
3804 3469 0.2591407895088196
3808 3544 0.5355637073516846
3811 3848 0.3024281859397888
3812 3942 0.29878169298171997
3818 3433 0.33211785554885864
3819 3468 0.30371031165122986
3821 3470 0.27187108993530273
3822 3588 0.4129825830459595
3826 3767 0.31406405568122864
3827 3801 0.30597123503685
3828 3874 0.28542864322662354
3830 3408 0.3701665997505188
3831 3445 0.4150966703891754
3834 3533 0.2698526382446289
3835 3751 0.27127331495285034
3836 3815 0.37164410948753357
3838 3907 0.3015814423561096
3839 3908 0.32911401987075806
3846 3499 0.26706457138061523
3847 3541 0.303755521774292
3851 3873 0.2895073890686035
3853 3424 0.44256648421287537
3854 3441 0.44301918148994446
3856 3505 0.34816110134124756
3857 3506 0.31459495425224304
3858 3524 0.39275795221328735
3859 3578 0.45921605825424194
3861 3784 0.37757983803749084
3862 3817 0.38232219219207764
3864 3941 0.3483916223049164
3866 3979 0.6947054266929626
3869 3485 0.40225258469581604
3878 4011 0.26268652081489563
3880 3442 0.30324551463127136
3885 3603 0.2909655272960663
3888 3967 0.38184303045272827
3889 4007 0.266272634267807
3892 3425 0.3541075587272644
3893 3486 0.9267621040344238
3894 3540 0.28012320399284363
3898 3579 0.29984498023986816
3899 3617 0.26336705684661865
3900 3618 0.47628435492515564
3904 3467 0.6741180419921875
3906 3443 0.2751091420650482
3908 3565 0.29136064648628235
3909 3615 0.2830086946487427
3910 3628 0.29026156663894653
3911 3616 0.3285254240036011
3914 3782 0.2727321982383728
3917 4005 0.4033873975276947
3918 3458 0.40557533502578735
3921 3484 0.2773630917072296
3922 3521 0.3951771855354309
3923 3559 0.9241082072257996
3931 3904 0.30551987886428833
3933 4003 0.3343876898288727
3934 4004 0.2948426306247711
3936 3460 0.2611199617385864
3937 3444 0.26767754554748535
3941 3629 0.2695627510547638
3943 3956 0.6492618918418884
3944 4032 0.29675978422164917
3945 4054 0.2703046500682831
3947 3560 0.4780978560447693
3949 3949 0.2877710163593292
3952 4041 0.3584398925304413
3953 3496 0.3958051800727844
3954 3497 0.28656110167503357
3955 3520 0.360455185174942
3956 3698 0.254537969827652
3960 3992 0.6252966523170471
3961 4040 0.2821789085865021
3963 3498 0.2566799521446228
3964 3602 0.2767239809036255
3966 3675 0.370746374130249
3969 3991 0.6987326145172119
3971 4094 0.4482400715351105
3972 3501 0.4013766050338745
3975 3661 0.3246927261352539
3977 3663 0.44076627492904663
3978 3696 0.2623090147972107
3982 3966 0.33528977632522583
3996 3502 0.2662152647972107
3999 3650 0.2597360908985138
4000 3563 0.2717140018939972
4002 3677 0.351741760969162
4004 3688 0.2631456255912781
4006 4062 0.5438347458839417
4007 4107 0.41060665249824524
4010 3538 0.2984689772129059
4013 3503 0.2924851179122925
4014 3531 0.31518715620040894
4016 3692 0.2507942318916321
4017 3695 0.3354445695877075
4022 4039 0.40397024154663086
4024 3585 0.4815945029258728
4025 3586 0.4032658338546753
4026 3611 0.27492159605026245
4032 4109 0.342459499835968
4033 4110 0.34023740887641907
4034 4111 0.39770081639289856
4037 3598 0.35402920842170715
4040 3558 0.31390896439552307
4051 3608 0.2511692941188812
4053 3728 0.2575501799583435
4058 3954 0.36742329597473145
4059 3962 0.35735687613487244
4064 4078 0.38748130202293396
4065 4170 0.3846210241317749
4067 3645 0.2601079046726227
4074 3646 0.36231833696365356
4075 3748 0.4133864939212799
4076 3687 0.7149990797042847
4077 3750 0.6987839341163635
4081 4151 0.2845171391963959
4082 4184 0.33147361874580383
4083 3686 0.2879052460193634
4084 3749 0.5188624262809753
4086 3778 0.5016389489173889
4087 3834 0.2565367817878723
4088 4001 0.6000340580940247
4089 4053 0.2823231816291809
4093 4185 0.284238338470459
4099 3691 0.3619018495082855
4100 3763 0.299421489238739
4107 4002 0.255465030670166
4112 3671 0.3102278411388397
4113 3672 0.9390655159950256
4116 3813 0.5003670454025269
4119 3923 0.25154542922973633
4120 4000 0.5200047492980957
4123 4158 0.3651464581489563
4124 3777 0.3356679379940033
4127 3989 0.33617475628852844
4129 4199 0.5082612633705139
4130 4217 0.31189560890197754
4131 4220 0.32378485798835754
4136 3674 0.2614438831806183
4140 3947 0.3107190430164337
4142 4052 0.3357089161872864
4143 4089 0.30975276231765747
4144 4182 0.41042500734329224
4145 4183 0.3505322337150574
4149 3670 0.25135332345962524
4151 3867 0.2730153501033783
4152 3868 0.27964141964912415
4154 3876 0.3172973692417145
4156 3900 0.35596027970314026
4157 4051 0.4922686517238617
4158 4072 0.35364046692848206
4160 4106 0.3175819516181946
4162 4216 0.3061370253562927
4163 3656 0.3290518820285797
4166 3901 0.25271326303482056
4178 4206 0.4446190893650055
4179 4249 0.26305025815963745
4182 3655 0.35742640495300293
4184 3724 0.2853807508945465
4185 3725 0.27436763048171997
4186 3710 0.308940589427948
4193 3998 0.3900536000728607
4196 4218 0.27228960394859314
4197 4289 0.26929885149002075
4198 4073 0.33618438243865967
4199 4087 0.3123266100883484
4200 4238 0.4474712610244751
4201 4294 0.3366033434867859
4203 3717 0.32761651277542114
4208 3685 0.5163070559501648
4210 4018 0.3245271146297455
4213 4150 0.2656537592411041
4216 4230 0.28027817606925964
4218 4248 0.547394335269928
4219 4250 0.30327820777893066
4221 4288 0.6180016994476318
4224 3808 0.3131563365459442
4225 3809 0.25152263045310974
4226 3762 0.33332934975624084
4228 3726 0.2512792646884918
4230 3812 0.30935361981391907
4232 4029 0.4322080910205841
4233 4019 0.2919219136238098
4234 4021 0.39862239360809326
4236 4085 0.2591375708580017
4237 4086 0.26457464694976807
4239 4148 0.337431937456131
4240 4260 0.5420147776603699
4241 4290 0.2587762773036957
4247 3898 0.9460155963897705
4250 3774 0.2701345682144165
4251 3810 0.2740253508090973
4253 3828 0.2573733925819397
4254 3829 0.25215572118759155
4255 3832 0.3709684908390045
4256 3896 0.2774845361709595
4257 3883 0.5167439579963684
4258 4125 0.27062320709228516
4264 4272 0.3181133270263672
4267 3824 0.33530929684638977
4269 3825 0.28342464566230774
4270 3826 0.31067460775375366
4276 3899 0.5397801399230957
4281 4293 0.40351590514183044
4283 4327 0.29388928413391113
4287 3759 0.2551392614841461
4292 3823 0.40864911675453186
4295 4130 0.4169137179851532
4297 4144 0.29707154631614685
4298 4167 0.2736912965774536
4299 4177 0.32246533036231995
4301 4298 0.31539884209632874
4305 3895 0.3897910714149475
4306 3934 0.4701208472251892
4307 4061 0.5281916260719299
4310 4129 0.2513236105442047
4311 4165 0.3686359226703644
4312 4176 0.5685745477676392
4313 4190 0.33444157242774963
4315 4178 0.2788592576980591
4317 4213 0.26341477036476135
4318 4204 0.30886781215667725
4321 4305 0.3724786639213562
4323 3795 0.31817400455474854
4324 3838 0.2918119728565216
4325 3893 0.2833384573459625
4326 3933 0.3935554623603821
4328 4191 0.2788541913032532
4332 3794 0.2687869966030121
4333 3805 0.2503870129585266
4334 3796 0.368571937084198
4338 3837 0.38938793540000916
4340 3861 0.2872757911682129
4341 3879 0.3988117575645447
4342 3862 0.3190211057662964
4343 3840 0.27822330594062805
4345 3932 0.2922634482383728
4347 3961 0.5468981266021729
4348 4203 0.36830806732177734
4351 3860 0.268223375082016
4352 3922 0.3861698508262634
4353 4126 0.2855198383331299
4354 4142 0.39569005370140076
4355 4143 0.3642650842666626
4356 4210 0.3252356946468353
4357 4227 0.26976025104522705
4358 4228 0.3193361461162567
4360 4214 0.25253114104270935
4372 4124 0.42208409309387207
4376 4245 0.28564921021461487
4380 3920 0.3088999092578888
4381 3881 0.2981930077075958
4384 3988 0.35137197375297546
4385 4105 0.45704811811447144
4386 4071 0.28891441226005554
4387 4123 0.43149229884147644
4388 4224 0.3939197063446045
4397 3972 0.5962088704109192
4398 4156 0.32768309116363525
4406 3929 0.49655935168266296
4408 3894 0.29196786880493164
4409 4017 0.31314918398857117
4410 4028 0.3933884799480438
4411 4243 0.2904606759548187
4412 4279 0.30839747190475464
4416 3945 0.30344974994659424
4417 3960 0.27736443281173706
4419 3987 0.29342496395111084
4420 3975 0.36145448684692383
4421 4027 0.2602979838848114
4423 4255 0.29573535919189453
4435 4058 0.2815636098384857
4437 4175 0.2940232753753662
4438 4209 0.3858223557472229
4439 4254 0.38985055685043335
4446 3943 0.3841114938259125
4448 3951 0.373909056186676
4451 3971 0.3180593252182007
4453 4016 0.30311426520347595
4454 4059 0.3550736904144287
4455 4189 0.33187374472618103
4458 4287 0.3982412815093994
4459 4278 0.4270997941493988
4466 3969 0.27766215801239014
4467 4296 0.2991594672203064
4474 4056 0.26533523201942444
4475 4070 0.28912773728370667
4476 4208 0.39899930357933044
4477 4242 0.38157692551612854
4478 4286 0.41426458954811096
4482 3982 0.2755431532859802
4486 4068 0.4704769551753998
4488 4207 0.30367064476013184
4489 4304 0.4231016933917999
4504 4048 0.31645816564559937
4506 4103 0.2759241759777069
4507 4335 0.3332889676094055
4519 4102 0.285049706697464
4521 4277 0.3174051344394684
4522 4285 0.42496106028556824
4523 4303 0.3739015460014343
4525 4324 0.41048136353492737
4530 4302 0.3815976679325104
4537 4014 0.25441616773605347
4540 4035 0.29711687564849854
4543 4351 0.28265589475631714
4544 4431 0.34812426567077637
4547 4013 0.33126282691955566
4549 4047 0.32347437739372253
4555 4295 0.29465290904045105
4556 4322 0.48043254017829895
4557 4334 0.33473706245422363
4558 4353 0.3121327757835388
4560 4310 0.8389678597450256
4563 4066 0.28482308983802795
4564 4055 0.39449790120124817
4565 4067 0.3308047652244568
4567 4045 0.3294205069541931
4568 4046 0.254985511302948
4571 4155 0.2676050662994385
4572 4312 0.2903296649456024
4574 4098 0.38652244210243225
4576 4115 0.28614434599876404
4578 4352 0.30623629689216614
4579 4364 0.307995080947876
4581 4064 0.380492240190506
4583 4406 0.35499683022499084
4584 4114 0.32768651843070984
4587 4370 0.3253551125526428
4588 4356 0.3014433979988098
4590 4097 0.31037017703056335
4595 4393 0.259690523147583
4598 4113 0.48358961939811707
4600 4120 0.37472832202911377
4601 4121 0.4014768898487091
4605 4163 0.36153170466423035
4608 4363 0.2877962589263916
4609 4402 0.4659665822982788
4610 4405 0.27770426869392395
4613 4138 0.29588401317596436
4614 4173 0.25500959157943726
4621 4135 0.3168788552284241
4622 4137 0.285774290561676
4624 4429 0.253834992647171
4626 4133 0.5285554528236389
4627 4134 0.3818747103214264
4628 4136 0.3341970443725586
4632 4417 0.2617552578449249
4635 4201 0.28254809975624084
4642 4404 0.355819433927536
4647 4187 0.381521999835968
4648 4427 0.281534880399704
4658 4222 0.31840288639068604
4666 4253 0.2622857391834259
4669 4283 0.2653605341911316
4671 4276 0.4341166019439697
4672 4274 0.48791447281837463
4673 4263 0.42854616045951843
4675 4284 0.3343261480331421
4677 4275 0.4164384603500366
4678 4264 0.3069441616535187
4679 4476 0.2866228520870209
4682 4459 0.3756493031978607
4683 4467 0.2721564471721649
4684 4317 0.442767858505249
4685 4493 0.2581610381603241
4686 4494 0.35568881034851074
4689 4320 0.45806047320365906
4690 4300 0.8180955648422241
4691 4339 0.4918350577354431
4692 4321 0.32195523381233215
4694 4480 0.2592228651046753
4697 4481 0.30666738748550415
4698 4482 0.36537009477615356
4699 4517 0.3351069390773773
4700 4510 0.29080185294151306
4703 4329 0.29213887453079224
4704 4318 0.39117860794067383
4707 4520 0.34454888105392456
4708 4529 0.3595902919769287
4709 4530 0.25743207335472107
4710 4348 0.4131011664867401
4712 4519 0.34666720032691956
4714 4316 0.38857221603393555
4716 4343 0.36562487483024597
4720 4542 0.26905369758605957
4721 4543 0.2846542000770569
4730 4347 0.3262863755226135
4732 4368 0.3902515470981598
4733 4375 0.39289432764053345
4734 4565 0.35656166076660156
4739 4355 0.35581740736961365
4740 4388 0.5087952017784119
4741 4374 0.5735183358192444
4746 4541 0.25339093804359436
4751 4400 0.32166922092437744
4752 4387 0.47362959384918213
4757 4532 0.31686466932296753
4758 4546 0.2648159861564636
4759 4547 0.2659919261932373
4761 4367 0.32807549834251404
4762 4373 0.37594854831695557
4763 4399 0.5968425869941711
4764 4411 0.44849106669425964
4765 4412 0.40965619683265686
4766 4413 0.3879050016403198
4771 4426 0.40584462881088257
4778 4584 0.2788316011428833
4781 4425 0.3636431097984314
4783 4597 0.31748291850090027
4784 4436 0.34541842341423035
4786 4450 0.2966200113296509
4792 4590 0.36158791184425354
4794 4454 0.3332311511039734
4795 4594 0.28866156935691833
4796 4602 0.25828808546066284
4798 4611 0.25233709812164307
4799 4612 0.2703002691268921
4800 4449 0.40511995553970337
4801 4605 0.3060520887374878
4808 4457 0.2635987401008606
4809 4607 0.3069995045661926
4810 4608 0.28665345907211304
4811 4609 0.2528967559337616
4816 4464 0.3459376394748688
4818 4491 0.40350666642189026
4820 4466 0.29307371377944946
4822 4453 0.4434317350387573
4823 4465 0.38170066475868225
4826 4456 0.47733885049819946
4827 4471 0.33365535736083984
4830 4508 0.31169816851615906
4831 4468 0.5229319334030151
4832 4485 0.27355116605758667
4838 4472 0.3062780797481537
4839 4478 0.41268181800842285
4840 4531 0.33605584502220154
4843 4645 0.2599296271800995
4844 4484 0.43399032950401306
4845 4492 0.37958288192749023
4851 4497 0.4458432197570801
4853 4649 0.28509485721588135
4856 4469 0.4042562246322632
4857 4489 0.4010169506072998
4858 4515 0.29470881819725037
4859 4651 0.34713199734687805
4860 4655 0.2555132508277893
4862 4524 0.31277012825012207
4863 4512 0.3617417514324188
4864 4513 0.37518101930618286
4865 4514 0.34604522585868835
4866 4654 0.3218913972377777
4868 4659 0.2506536543369293
4869 4503 0.43151289224624634
4870 4496 0.3786638081073761
4871 4558 0.3206126093864441
4872 4661 0.30048877000808716
4873 4662 0.28486138582229614
4874 4663 0.26073575019836426
4878 4501 0.33067795634269714
4884 4569 0.3527902662754059
4885 4667 0.28451576828956604
4886 4502 0.35477277636528015
4887 4522 0.2901090681552887
4896 4557 0.3317111134529114
4899 4567 0.4553218185901642
4902 4601 0.31659552454948425
4903 4571 0.3735654652118683
4904 4566 0.38501185178756714
4908 4604 0.3480648398399353
4910 4579 0.5010718703269958
4911 4581 0.5266494750976562
4912 4582 0.42400771379470825
4915 4632 0.29453688859939575
4916 4593 0.33579057455062866
4919 4616 0.32924336194992065
4920 4598 0.3441462516784668
4922 4631 0.48604196310043335
4923 4623 0.2889058589935303
4925 4630 0.32013535499572754
4926 4614 0.366266667842865
4927 4637 0.30838629603385925
4929 4626 0.28846561908721924
4930 4628 0.269186407327652
4931 4629 0.2807931900024414
4932 4627 0.3361285924911499
4934 4650 0.3213702440261841
4936 4658 0.25219660997390747
4937 4657 0.2934073209762573
4938 4660 0.2645953595638275
4944 4666 0.5103522539138794
4948 4669 0.32877930998802185
4950 4670 0.5197538733482361
4951 4672 0.2571660876274109
4952 4674 0.27142444252967834
4953 4676 0.3376881778240204
4956 4679 0.293648898601532
4958 4680 0.5168839693069458
4960 4689 0.39963337779045105
4961 4690 0.48821377754211426
4962 4682 0.30933356285095215
4963 4686 0.35626220703125
4964 4683 0.26828476786613464
4965 4684 0.28566774725914
