3067
21 32 0.26949000358581543
26 34 0.2888854742050171
27 39 0.2635439336299896
28 41 0.2505393922328949
29 38 0.5885804295539856
35 49 0.4035651683807373
45 53 0.6033552885055542
49 58 0.38158130645751953
52 55 0.34641537070274353
53 60 0.42244571447372437
55 61 0.39874064922332764
58 65 0.4067416191101074
59 64 0.35793569684028625
61 68 0.33540746569633484
64 78 0.3959675133228302
65 81 0.2579929232597351
67 84 0.31418928503990173
68 87 0.2635436952114105
69 77 0.29373154044151306
70 80 0.2686578333377838
81 95 0.3286028206348419
82 101 0.37845081090927124
89 93 0.5253116488456726
93 110 0.3003907799720764
94 117 0.3175247013568878
98 116 0.40648993849754333
99 120 0.35674500465393066
107 136 0.3169208765029907
109 125 0.25061970949172974
112 143 0.2689664661884308
116 131 0.28271493315696716
124 139 0.26440590620040894
125 140 0.3148248493671417
128 160 0.33075302839279175
139 152 0.45333394408226013
140 149 0.5108113884925842
141 150 0.3915384113788605
142 153 0.31123775243759155
146 161 0.49929073452949524
147 166 0.36409735679626465
152 164 0.5052581429481506
156 165 0.4073463976383209
157 179 0.28679102659225464
160 183 0.25147321820259094
164 174 0.25937148928642273
165 182 0.25391513109207153
174 188 0.3794366717338562
177 191 0.250793993473053
179 194 0.30186140537261963
181 192 0.508112907409668
183 201 0.27067869901657104
184 196 0.4622151851654053
186 200 0.28213343024253845
187 206 0.3176261782646179
188 213 0.25601816177368164
191 210 0.2889893651008606
192 173 0.6475551724433899
196 217 0.31370604038238525
197 219 0.2711409032344818
204 227 0.31349849700927734
206 216 0.2588537931442261
207 226 0.42375102639198303
211 230 0.3392423987388611
212 222 0.30478882789611816
214 241 0.2523967921733856
215 229 0.2896496057510376
217 232 0.47234809398651123
218 234 0.40377727150917053
219 235 0.38400381803512573
220 236 0.48551565408706665
221 237 0.35568374395370483
223 240 0.47744128108024597
227 238 0.7235949635505676
228 239 0.582724928855896
230 243 0.3878462016582489
232 252 0.4532262980937958
235 255 0.3304598033428192
236 244 0.38247936964035034
239 254 0.42156434059143066
241 263 0.34922558069229126
244 242 0.5428165793418884
246 276 0.5065308213233948
248 249 0.2715388834476471
249 266 0.47667422890663147
253 272 0.3746454119682312
254 265 0.42489340901374817
255 280 0.3044608533382416
256 259 0.29457956552505493
257 264 0.42948678135871887
259 258 0.522606372833252
260 274 0.4376937747001648
262 275 0.28586941957473755
263 281 0.4470336437225342
264 285 0.26247066259384155
265 267 0.35542839765548706
268 271 0.729677140712738
269 283 0.3804838955402374
273 292 0.27680474519729614
276 270 0.2791471481323242
277 290 0.43516361713409424
280 297 0.519202470779419
281 329 0.425566166639328
283 291 0.42954209446907043
284 298 0.5568142533302307
285 310 0.3269055485725403
286 326 0.28418871760368347
289 289 0.3360821306705475
290 282 0.3893797695636749
292 323 0.6127310991287231
293 324 0.34578558802604675
294 318 0.42222097516059875
295 319 0.45286163687705994
296 325 0.5697442293167114
300 336 0.3860207200050354
301 351 0.36740437150001526
302 352 0.4764760732650757
304 286 0.3642762005329132
306 334 0.3815692961215973
308 368 0.3142336308956146
309 380 0.3462637662887573
310 305 0.4808391034603119
315 377 0.4517504870891571
316 379 0.3295716345310211
317 359 0.4407322108745575
318 374 0.6238022446632385
319 375 0.49339616298675537
320 376 0.4255223274230957
321 367 0.32607483863830566
322 304 0.4203956425189972
323 347 0.48656463623046875
324 348 0.3293159008026123
325 358 0.2811056077480316
326 371 0.4450645446777344
327 364 0.3088033199310303
328 372 0.34374117851257324
329 373 0.3943154811859131
332 396 0.28376948833465576
334 363 0.5442233085632324
343 398 0.2648760974407196
347 384 0.4278029799461365
350 392 0.4138566851615906
353 409 0.37317731976509094
354 306 0.27450138330459595
355 314 0.25189757347106934
361 408 0.3190153241157532
362 418 0.5307218432426453
365 331 0.2599078118801117
366 341 0.59236741065979
367 370 0.42169904708862305
370 417 0.2950744330883026
371 402 0.336719274520874
374 357 0.6321161985397339
375 401 0.4473535120487213
377 414 0.6901602149009705
381 397 0.5706273317337036
382 426 0.5082394480705261
384 393 0.40062665939331055
385 422 0.36431580781936646
386 361 0.6222520470619202
389 421 0.43803074955940247
390 429 0.47532328963279724
392 413 0.5385645627975464
396 405 0.33552873134613037
399 432 0.5172133445739746
400 389 0.2820613384246826
401 390 0.5570335984230042
402 381 0.402444452047348
404 428 0.3063867390155792
405 441 0.29814210534095764
407 420 0.2504849433898926
408 425 0.2931564450263977
409 440 0.2590871751308441
415 404 0.5796079039573669
417 438 0.41980868577957153
420 448 0.6415233612060547
421 457 0.2987406551837921
423 488 0.5638954043388367
427 455 0.5884535908699036
428 471 0.6702097058296204
429 464 0.6942424774169922
432 400 0.6016585230827332
433 423 0.5145860314369202
434 424 0.36772966384887695
437 462 0.3881244361400604
438 494 0.317415714263916
439 519 0.33825933933258057
440 430 0.46219402551651
442 463 0.4906015992164612
443 520 0.3514651358127594
446 505 0.43072184920310974
448 507 0.2963109612464905
449 453 0.2608892321586609
450 461 0.328215092420578
451 506 0.3994908630847931
452 443 0.2865670919418335
453 444 0.2827327251434326
454 445 0.36770686507225037
456 546 0.37398678064346313
457 547 0.3143352270126343
460 515 0.28041693568229675
462 442 0.3555857241153717
463 504 0.28130459785461426
464 469 0.6851943731307983
466 493 0.4400191009044647
467 517 0.6498603224754333
468 534 0.5026484131813049
469 571 0.3071623146533966
471 514 0.5502059459686279
472 525 0.5873602628707886
473 526 0.2906363308429718
474 570 0.32130131125450134
478 460 0.34848499298095703
479 472 0.966256856918335
480 513 0.3249039649963379
481 544 0.25167402625083923
483 516 0.368308424949646
484 579 0.28874528408050537
487 557 0.41415202617645264
488 602 0.31184861063957214
491 556 0.5282873511314392
492 645 0.2965306341648102
493 634 0.2897949516773224
499 478 0.25527530908584595
501 491 0.31494858860969543
502 542 0.33835774660110474
506 613 0.3164684474468231
507 630 0.5215707421302795
508 635 0.4520944058895111
510 496 0.2556658387184143
511 543 0.2560565173625946
513 585 0.5618952512741089
514 653 0.3294515907764435
518 497 0.26281407475471497
519 500 0.362678200006485
520 511 0.28460749983787537
521 501 0.2953816056251526
522 502 0.4007776081562042
524 569 0.33538541197776794
526 620 0.3469446897506714
528 510 0.2858135402202606
530 533 0.4886851906776428
531 522 0.3122694194316864
532 523 0.26973193883895874
533 600 0.539211094379425
534 628 0.2575909495353699
539 531 0.3802274465560913
547 642 0.5046191215515137
551 580 0.39641979336738586
553 696 0.3584638237953186
554 674 0.4137548804283142
555 549 0.25764942169189453
556 577 0.5406033992767334
558 627 0.2870279550552368
562 666 0.5144888758659363
564 588 0.4667569100856781
566 554 0.2968333661556244
568 562 0.46163150668144226
571 709 0.40074092149734497
572 710 0.34872835874557495
573 726 0.41211429238319397
574 711 0.423821359872818
575 713 0.3420342206954956
578 589 0.39446142315864563
580 575 0.33456313610076904
581 581 0.3957425355911255
582 582 0.29844820499420166
583 658 0.288081556558609
584 697 0.3563896417617798
586 649 0.5240272283554077
589 695 0.7745004296302795
590 731 0.2656509578227997
592 733 0.2742253243923187
594 590 0.3961322009563446
595 705 0.7387629151344299
597 706 0.6059779524803162
598 729 0.35418015718460083
600 761 0.3036457300186157
602 730 0.38264721632003784
605 655 0.6071186065673828
606 656 0.28575846552848816
607 637 0.3292621970176697
609 618 0.35455867648124695
610 609 0.418744295835495
612 725 0.3201524615287781
617 616 0.44616222381591797
618 648 0.26244714856147766
619 654 0.4757014811038971
625 728 0.37319013476371765
626 752 0.49088895320892334
630 622 0.3868757486343384
631 776 0.35215258598327637
632 751 0.35204580426216125
633 781 0.25998565554618835
634 667 0.2997303307056427
635 555 0.5027016401290894
637 746 0.3835371732711792
642 662 0.37777793407440186
643 664 0.3519454598426819
644 651 0.3453637361526489
649 567 0.3979007601737976
650 779 0.42298874258995056
652 668 0.3447500169277191
653 679 0.38033297657966614
654 669 0.41198813915252686
656 760 0.45079463720321655
657 777 0.3595193326473236
658 778 0.3060908913612366
661 735 0.3890479505062103
662 768 0.5104724764823914
667 722 0.45529577136039734
668 680 0.36352279782295227
669 681 0.5637394785881042
675 565 0.2621617019176483
678 767 0.5262985229492188
679 799 0.46801209449768066
681 698 0.34292522072792053
682 699 0.3882443904876709
683 686 0.4172474145889282
686 690 0.46958401799201965
688 798 0.3787645697593689
689 701 0.6823974251747131
690 688 0.5246598124504089
691 671 0.27026239037513733
693 766 0.2867685854434967
694 775 0.6142809987068176
695 790 0.5983392000198364
697 813 0.9599193930625916
700 714 0.45319172739982605
702 684 0.2877010405063629
704 691 0.2838788330554962
709 595 0.34771978855133057
710 641 0.25709667801856995
712 816 0.5634137988090515
713 817 0.3611512780189514
714 827 0.3083924651145935
715 820 0.573754072189331
716 716 0.6326125264167786
717 720 0.40419724583625793
718 743 0.3509570360183716
719 708 0.37045973539352417
721 800 0.7845984101295471
722 830 0.3654516339302063
723 831 0.3641473352909088
724 624 0.2886461615562439
725 819 0.29686930775642395
726 737 0.27729856967926025
729 742 0.5000841617584229
734 748 0.352435827255249
735 755 0.35591208934783936
736 756 0.8475606441497803
738 747 0.3953106105327606
743 740 0.2981284558773041
745 850 0.459170937538147
746 854 0.36598002910614014
748 771 0.6640574336051941
750 757 0.5891094207763672
751 773 0.6351866126060486
755 806 0.3207018971443176
756 885 0.36250290274620056
757 874 0.4725891351699829
759 922 0.3728315532207489
762 749 0.2994171977043152
763 795 0.5476784110069275
764 807 0.27067431807518005
765 786 0.35407817363739014
766 881 0.35888180136680603
767 882 0.27830636501312256
768 883 0.32518234848976135
769 884 0.3315826952457428
771 910 0.2825154960155487
772 921 0.41532713174819946
776 805 0.6207347512245178
780 846 0.36189496517181396
781 784 0.3381803035736084
782 803 0.7046952247619629
783 918 0.30463626980781555
784 904 0.5002806782722473
785 905 0.3594222962856293
786 906 0.34784018993377686
787 934 0.37456002831459045
788 832 0.3081669807434082
789 833 0.28138482570648193
790 835 0.30672910809516907
791 814 0.36221158504486084
792 847 0.28567618131637573
795 917 0.7858774662017822
796 908 0.26754993200302124
800 838 0.5713096261024475
802 875 0.3746461272239685
804 919 0.26986342668533325
805 959 0.4206017553806305
806 834 0.3630605936050415
807 836 0.5988923907279968
808 942 0.303046315908432
809 944 0.3576934039592743
810 960 0.258097767829895
811 961 0.2711065113544464
812 962 0.3767963647842407
813 963 0.28099411725997925
816 976 0.29963400959968567
818 855 0.3351852297782898
820 856 0.2829415202140808
821 857 0.439750611782074
822 862 0.34161174297332764
823 848 0.36433181166648865
824 898 0.4454798400402069
827 863 0.39619529247283936
829 943 0.3596160113811493
833 845 0.2677498161792755
834 859 0.43993476033210754
835 860 0.7505312561988831
836 980 0.3112030327320099
837 988 0.2990852892398834
839 966 0.2609322667121887
841 861 0.4432063698768616
848 877 0.2766405940055847
849 878 0.4337540864944458
850 886 0.4203827977180481
854 997 0.29736462235450745
857 869 0.310234934091568
858 870 0.2580662667751312
860 887 0.5019782185554504
861 889 0.38350170850753784
863 789 0.26225772500038147
870 871 0.3544917404651642
871 915 0.4240978956222534
872 1012 0.33736467361450195
873 975 0.3324715197086334
874 1013 0.4590982496738434
877 936 0.30027735233306885
878 925 0.30441904067993164
880 901 0.2590273916721344
881 896 0.3860674798488617
884 1033 0.2618071734905243
886 938 0.27687522768974304
888 914 0.33721673488616943
889 811 0.25394758582115173
898 928 0.36768898367881775
901 826 0.3067118227481842
902 974 0.37036189436912537
909 952 0.4378511607646942
910 953 0.5634390115737915
911 929 0.4098132848739624
916 971 0.312439501285553
917 972 0.4985741376876831
918 939 0.3703067898750305
920 951 0.4656369686126709
921 947 0.33524182438850403
922 956 0.8410595059394836
923 823 0.2842860519886017
924 825 0.37727388739585876
925 995 0.5301370620727539
934 1051 0.36450836062431335
938 993 0.515846848487854
939 985 0.6252590417861938
942 879 0.26569706201553345
943 843 0.3397170305252075
944 1011 0.3566868305206299
949 1018 0.35224461555480957
950 978 0.3802843689918518
951 955 0.3140835165977478
952 1000 0.34893926978111267
956 999 0.7588592171669006
958 866 0.25995662808418274
959 892 0.2643711268901825
962 998 0.5092685222625732
963 957 0.3539154529571533
966 1065 0.3240143656730652
967 1075 0.25351008772850037
968 1076 0.2545289993286133
969 1077 0.30294403433799744
970 1023 0.30905961990356445
971 1099 0.31370335817337036
975 1020 0.5324912071228027
976 1021 0.5719272494316101
977 1026 0.5039275288581848
978 979 0.3485743999481201
980 1030 0.5354901552200317
983 1092 0.46762171387672424
991 1025 0.5620978474617004
992 1008 0.47189152240753174
993 1037 0.5462262630462646
997 1134 0.29785478115081787
998 1093 0.37874650955200195
1001 1055 0.3383112847805023
1002 1035 0.3248193860054016
1007 932 0.3699509799480438
1008 1061 0.7781289219856262
1012 1074 0.44041624665260315
1013 1089 0.37605971097946167
1014 1141 0.311955988407135
1018 1017 0.2964220643043518
1019 1071 0.44262853264808655
1020 1038 0.2715456187725067
1021 1091 0.27231401205062866
1022 1127 0.4497477412223816
1027 1044 0.45556896924972534
1028 1056 0.4605660140514374
1029 1072 0.7263854146003723
1030 1045 0.3847142159938812
1033 1049 0.3387509882450104
1034 1058 0.39593505859375
1036 973 0.591614842414856
1040 1068 0.34811627864837646
1041 1057 0.2913014888763428
1042 1048 0.3045674264431
1045 1067 0.28395166993141174
1046 1085 0.5894061326980591
1047 1073 0.5325734615325928
1048 1080 0.3889155089855194
1049 1151 0.6022589802742004
1052 1095 0.31587323546409607
1053 1097 0.33682653307914734
1054 1079 0.39531853795051575
1056 1084 0.28371700644493103
1057 1152 0.2560328245162964
1059 1101 0.3952144980430603
1060 1098 0.3185696303844452
1061 1110 0.579075276851654
1062 1156 0.3287109434604645
1064 1109 0.4758988618850708
1066 1086 0.4475514888763428
1067 1182 0.2936363220214844
1070 1113 0.6019672751426697
1072 1096 0.26582634449005127
1073 1116 0.29995766282081604
1075 1102 0.3884188234806061
1078 1132 0.49892565608024597
1079 1197 0.2816903591156006
1080 1183 0.31286200881004333
1082 1108 0.34238994121551514
1083 1119 0.3421885371208191
1084 1120 0.41719529032707214
1085 1167 0.48215192556381226
1086 1169 0.46664074063301086
1087 1195 0.9305064678192139
1088 1228 0.34959012269973755
1089 1217 0.4047268331050873
1092 1196 0.3835269510746002
1093 1211 0.34509310126304626
1095 1117 0.3680117428302765
1096 1121 0.5701138377189636
1097 1130 0.5652867555618286
1098 1131 0.6577000021934509
1099 1194 0.29604801535606384
1100 1218 0.3431169092655182
1101 1114 0.3375265598297119
1104 1227 0.5401880145072937
1105 1219 0.33520153164863586
1106 1220 0.3991073966026306
1107 1158 0.29513999819755554
1108 1128 0.27655696868896484
1109 1143 0.35533419251441956
1110 1144 0.5708319544792175
1112 1137 0.36537250876426697
1115 1284 0.4271332025527954
1116 1159 0.3795991837978363
1117 1187 0.3629204034805298
1118 1142 0.31656956672668457
1119 1139 0.4237627387046814
1120 1146 0.6549978256225586
1122 1153 0.5562527179718018
1123 1147 0.3718167543411255
1125 1208 0.2703559696674347
1126 1226 0.2606872618198395
1127 1171 0.44688233733177185
1128 1160 0.8107975721359253
1129 1136 0.3704470098018646
1130 1166 0.3668816089630127
1133 1216 0.3967590630054474
1134 1225 0.5486193895339966
1136 1172 0.33974748849868774
1137 1173 0.3625616729259491
1138 1177 0.4332534074783325
1139 1178 0.30969130992889404
1140 1179 0.3224364221096039
1143 1163 0.29893016815185547
1144 1165 0.43859925866127014
1148 1283 0.4310472905635834
1149 1184 0.30306828022003174
1150 1185 0.3722290098667145
1151 1201 0.42263147234916687
1153 1162 0.3402000963687897
1156 1088 0.27029949426651
1157 1105 0.3130204975605011
1160 1254 0.46592438220977783
1161 1255 0.46445325016975403
1163 1256 0.4906296730041504
1164 1198 0.313732385635376
1167 1205 0.46278154850006104
1168 1206 0.3863610327243805
1169 1189 0.39964860677719116
1170 1240 0.3873804211616516
1171 1379 0.44149279594421387
1172 1234 0.5170239806175232
1173 1199 0.4005972445011139
1174 1174 0.34187573194503784
1175 1204 0.4994688332080841
1176 1272 0.72982257604599
1177 1292 0.429930180311203
1178 1391 0.532002866268158
1179 1212 0.34435638785362244
1181 1202 0.333927184343338
1184 1122 0.3217339515686035
1186 1124 0.29699334502220154
1187 1271 0.3590666651725769
1188 1291 0.2936150133609772
1189 1343 0.4276753067970276
1190 1230 0.35586151480674744
1192 1318 0.5819662809371948
1194 1293 0.6699489951133728
1196 1341 0.43506112694740295
1197 1401 0.2784731090068817
1199 1251 0.4902886748313904
1200 1229 0.3009774684906006
1201 1266 0.3917703628540039
1204 1104 0.5320348739624023
1205 1148 0.2624443769454956
1207 1123 0.31064972281455994
1209 1304 0.4121779501438141
1210 1342 0.3798436224460602
1211 1335 0.2526349723339081
1213 1390 0.38567593693733215
1214 1412 0.31010597944259644
1215 1203 0.3340998589992523
1216 1289 0.297680139541626
1217 1317 0.38379916548728943
1218 1376 0.3983282744884491
1223 1363 0.3149614930152893
1224 1409 0.3385520577430725
1225 1378 0.3233679533004761
1226 1260 0.28240910172462463
1228 1265 0.3437139689922333
1229 1242 0.34477370977401733
1234 1207 0.4059622883796692
1235 1181 0.3061995208263397
1236 1150 0.34919092059135437
1237 1364 0.4071817398071289
1238 1377 0.3899691700935364
1239 1423 0.34873566031455994
1240 1410 0.3869321942329407
1242 1297 0.3080238699913025
1244 1299 0.3334689438343048
1245 1190 0.3375719487667084
1246 1224 0.5460408329963684
1247 1340 0.2972489297389984
1248 1389 0.2803693413734436
1249 1422 0.2893707752227783
1250 1400 0.3648383915424347
1252 1298 0.5800463557243347
1255 1449 0.2674787640571594
1259 1321 0.4634944200515747
1260 1313 0.3854236900806427
1262 1316 0.4040241837501526
1264 1385 0.37178024649620056
1265 1408 0.33150333166122437
1266 1461 0.38193443417549133
1267 1462 0.42747631669044495
1269 1448 0.31042346358299255
1271 1322 0.39907389879226685
1274 1399 0.3434544503688812
1275 1386 0.3089803457260132
1277 1314 0.49610447883605957
1282 1433 0.34441351890563965
1283 1434 0.3351392149925232
1285 1488 0.268684983253479
1286 1426 0.4552432596683502
1289 1331 0.48947155475616455
1290 1357 0.318409264087677
1291 1358 0.35209450125694275
1295 1431 0.8880165815353394
1296 1420 0.39933010935783386
1297 1446 0.3444729745388031
1298 1486 0.3377867341041565
1299 1349 0.4705020785331726
1300 1351 0.4510199725627899
1301 1336 0.4259011149406433
1302 1355 0.3863002359867096
1304 1279 0.29935380816459656
1305 1373 0.3747304379940033
1309 1432 0.3421846330165863
1310 1520 0.3742322623729706
1311 1497 0.43842026591300964
1312 1350 0.44020795822143555
1313 1301 0.26809602975845337
1314 1371 0.25964024662971497
1315 1338 0.4072842597961426
1317 1244 0.2994380593299866
1318 1470 0.28053170442581177
1320 1483 0.32846808433532715
1322 1477 0.26802417635917664
1323 1421 0.2996028661727905
1324 1522 0.5959837436676025
1326 1523 0.4135729968547821
1329 1427 0.3537001609802246
1330 1353 0.3222332298755646
1331 1372 0.5450403690338135
1332 1396 0.2828972637653351
1334 1484 0.3907800316810608
1335 1393 0.5322109460830688
1336 1382 0.2650282084941864
1337 1245 0.2578679621219635
1339 1329 0.2723631262779236
1343 1402 0.37057068943977356
1344 1404 0.3423037528991699
1345 1315 0.29017215967178345
1347 1419 0.3578636646270752
1349 1494 0.4602678716182709
1350 1519 0.269917756319046
1351 1532 0.3021966814994812
1352 1550 0.3237592279911041
1353 1459 0.25219637155532837
1354 1551 0.3330703675746918
1355 1561 0.33644354343414307
1357 1414 0.28855669498443604
1358 1415 0.5616064667701721
1362 1474 0.37022945284843445
1363 1518 0.31920766830444336
1366 1552 0.367633581161499
1367 1405 0.5060455799102783
1368 1455 0.5009519457817078
1369 1303 0.29703301191329956
1370 1328 0.2604243755340576
1372 1506 0.27485474944114685
1374 1485 0.3944516181945801
1375 1563 0.25533008575439453
1377 1440 0.3264864981174469
1378 1456 0.3991561233997345
1380 1584 0.33241888880729675
1381 1438 0.4939931631088257
1383 1464 0.396634966135025
1384 1466 0.39008596539497375
1385 1439 0.33793720602989197
1386 1467 0.45358216762542725
1387 1452 0.36716827750205994
1389 1453 0.3043583631515503
1391 1583 0.2920472323894501
1392 1559 0.40756791830062866
1394 1560 0.2884218990802765
1395 1553 0.860053539276123
1398 1465 0.36318424344062805
1399 1395 0.3131067752838135
1400 1417 0.34302398562431335
1402 1441 0.5028349161148071
1403 1454 0.30679285526275635
1405 1442 0.2771441638469696
1406 1361 0.2813338339328766
1408 1549 0.41054674983024597
1409 1517 0.33981195092201233
1411 1530 0.31318143010139465
1413 1634 0.3665465712547302
1417 1479 0.43986091017723083
1419 1489 0.33818838000297546
1421 1569 0.28542619943618774
1422 1590 0.3376224935054779
1424 1592 0.3937435448169708
1425 1635 0.4362693727016449
1426 1480 0.52301025390625
1427 1490 0.38559427857398987
1429 1501 0.42948514223098755
1432 1589 0.3047533631324768
1438 1428 0.31121787428855896
1441 1531 0.3521042466163635
1442 1664 0.4208657741546631
1443 1668 0.3912539780139923
1444 1665 0.4209677278995514
1445 1648 0.4948173761367798
1446 1649 0.5296489000320435
1449 1650 0.3243606388568878
1451 1500 0.5142436027526855
1452 1524 0.33293700218200684
1454 1469 0.5120311975479126
1455 1547 0.2525405287742615
1457 1599 0.281055748462677
1459 1608 0.3671000003814697
1460 1609 0.5638158321380615
1461 1667 0.5110438466072083
1463 1684 0.34541118144989014
1464 1672 0.2897767126560211
1465 1706 0.36896654963493347
1467 1555 0.40258070826530457
1468 1535 0.5128580927848816
1469 1509 0.26643824577331543
1470 1481 0.2556556165218353
1472 1540 0.3280986547470093
1473 1620 0.306172639131546
1474 1581 0.3293020725250244
1478 1527 0.4619331657886505
1479 1577 0.28761929273605347
1485 1621 0.4877530336380005
1486 1622 0.45606017112731934
1487 1695 0.4554425776004791
1493 1554 0.33643391728401184
1494 1564 0.3153792917728424
1495 1542 0.4579700529575348
1496 1543 0.28000539541244507
1497 1528 0.2942659258842468
1499 1633 0.2996602952480316
1500 1623 0.3664630353450775
1501 1591 0.37624266743659973
1502 1724 0.3860357999801636
1503 1669 0.2697129249572754
1504 1685 0.3347064256668091
1507 1573 0.3581159710884094
1508 1544 0.3451786935329437
1509 1537 0.41214022040367126
1512 1568 0.5957081317901611
1513 1660 0.4756838083267212
1516 1683 0.38077646493911743
1517 1671 0.48366570472717285
1519 1499 0.26024436950683594
1521 1556 0.395227313041687
1526 1538 0.3220108151435852
1527 1546 0.4609144628047943
1528 1579 0.760064423084259
1531 1596 0.36594128608703613
1533 1574 0.37911006808280945
1537 1705 0.4351648688316345
1542 1614 0.4007493257522583
1543 1572 0.5630549788475037
1544 1615 0.3655073940753937
1546 1575 0.36697959899902344
1551 1603 0.481533408164978
1552 1604 0.512219250202179
1553 1681 0.35172465443611145
1554 1693 0.42856454849243164
1555 1626 0.32347097992897034
1557 1723 0.4232546389102936
1558 1742 0.32273760437965393
1560 1714 0.26832956075668335
1561 1571 0.34729427099227905
1563 1595 0.45709213614463806
1566 1586 0.3991835117340088
1567 1627 0.28829896450042725
1569 1566 0.30165764689445496
1572 1548 0.45373964309692383
1574 1741 0.3366081714630127
1575 1647 0.5957467555999756
1579 1701 0.4749191105365753
1581 1641 0.39932897686958313
1582 1716 0.3549622893333435
1583 1612 0.426992267370224
1584 1613 0.4216391146183014
1587 1711 0.5136833786964417
1589 1765 0.28317123651504517
1590 1755 0.30508604645729065
1599 1652 0.3003970682621002
1600 1653 0.3888053596019745
1601 1616 0.5362695455551147
1602 1656 0.31800687313079834
1604 1805 0.46087753772735596
1607 1640 0.3913416862487793
1608 1565 0.3902571201324463
1609 1644 0.48544204235076904
1610 1655 0.3733556866645813
1613 1733 0.4418044686317444
1614 1754 0.5518296957015991
1615 1736 0.32871660590171814
1617 1663 0.3228807747364044
1620 1803 0.27638402581214905
1621 1744 0.2666871249675751
1622 1638 0.4414868950843811
1623 1639 0.3985038101673126
1625 1738 0.4265746772289276
1628 1804 0.5222018361091614
1629 1828 0.6049178242683411
1630 1830 0.5462819933891296
1631 1807 0.47221747040748596
1636 1666 0.30143335461616516
1638 1687 0.27300935983657837
1639 1617 0.43419691920280457
1640 1691 0.4428713321685791
1641 1692 0.3121306896209717
1642 1764 0.5110448002815247
1643 1694 0.39290744066238403
1646 1856 0.30893999338150024
1648 1698 0.41211625933647156
1649 1699 0.4011412560939789
1650 1709 0.3275146782398224
1651 1700 0.2885555922985077
1657 1740 0.3042176067829132
1659 1842 0.6281571984291077
1661 1857 0.3760238587856293
1664 1676 0.5343347191810608
1672 1697 0.3158310651779175
1673 1717 0.36254921555519104
1674 1718 0.28502118587493896
1675 1674 0.3617345094680786
1677 1720 0.36172863841056824
1678 1792 0.46761593222618103
1679 1793 0.5012023448944092
1680 1854 0.4984852373600006
1681 1843 0.2830451428890228
1682 1884 0.3424598276615143
1683 1872 0.7228907346725464
1684 1675 0.2764003574848175
1685 1727 0.501743733882904
1687 1747 0.35690492391586304
1688 1826 0.40232357382774353
1690 1855 0.45365872979164124
1691 1871 0.322474867105484
1692 1942 0.44746485352516174
1693 1886 0.5362818241119385
1694 1887 0.2935125529766083
1697 1686 0.28205084800720215
1698 1766 0.35076797008514404
1699 1707 0.5062000751495361
1701 1677 0.40033066272735596
1703 1726 0.3848121762275696
1705 1883 0.2605016231536865
1710 1756 0.45090213418006897
1711 1725 0.39390355348587036
1712 1689 0.40199601650238037
1713 1768 0.44239726662635803
1714 1758 0.4477555751800537
1715 1759 0.3809250295162201
1716 1788 0.374138742685318
1717 1769 0.25056809186935425
1719 1619 0.29875603318214417
1720 1598 0.3076968193054199
1723 1824 0.46286672353744507
1724 1898 0.3298914432525635
1728 1774 0.41634196043014526
1729 1708 0.5578347444534302
1730 1789 0.3572693169116974
1732 1776 0.43232104182243347
1733 1778 0.64119553565979
1734 1779 0.41695424914360046
1735 1817 0.37955141067504883
1737 1801 0.2824799418449402
1739 1918 0.2841987609863281
1745 1715 0.32077011466026306
1746 1745 0.4075780212879181
1747 1757 0.41123682260513306
1750 1780 0.292978972196579
1753 1954 0.4257618486881256
1755 1785 0.4869276285171509
1756 1746 0.5046681761741638
1757 1858 0.31736427545547485
1759 1859 0.2555517554283142
1760 1867 0.39975878596305847
1761 1798 0.40481600165367126
1763 1790 0.34731942415237427
1768 1631 0.29537034034729004
1769 1861 0.5016413331031799
1770 1926 0.3171061873435974
1771 1940 0.3455067276954651
1773 1796 0.258642315864563
1774 1773 0.3447122275829315
1777 1823 0.35241296887397766
1779 1881 0.41409197449684143
1781 1927 0.27118563652038574
1785 1797 0.5229159593582153
1787 1787 0.4199688732624054
1788 1811 0.3211827278137207
1789 1822 0.39549803733825684
1790 1850 0.32186436653137207
1791 1816 0.31831786036491394
1795 1849 0.29550614953041077
1797 1952 0.41075509786605835
1799 1866 0.41750815510749817
1801 1810 0.32867082953453064
1802 1838 0.3900253176689148
1808 1606 0.4018285274505615
1809 1977 0.7318829298019409
1810 1993 0.6671385765075684
1812 1994 0.3461475372314453
1817 1821 0.397495299577713
1820 1815 0.3756106197834015
1821 1730 0.31148481369018555
1822 1731 0.2822871208190918
1823 1894 0.3437192142009735
1824 1905 0.31924694776535034
1825 1924 0.2659452557563782
1827 1819 0.6676725745201111
1829 1890 0.32862067222595215
1830 1879 0.2982476055622101
1831 1860 0.38087525963783264
1832 1799 0.36939573287963867
1833 1880 0.3553497791290283
1834 1749 0.2706335186958313
1836 1751 0.25594884157180786
1837 1752 0.31658434867858887
1838 1893 0.2752645015716553
1839 1933 0.4549468159675598
1841 1992 0.613435685634613
1842 1976 0.31158819794654846
1845 1891 0.3310222029685974
1846 1892 0.3434167802333832
1847 1878 0.4787379801273346
1848 1913 0.45469480752944946
1849 1869 0.30182600021362305
1850 1851 0.3242548704147339
1855 1770 0.32388028502464294
1857 1979 0.2766973376274109
1858 2068 0.30165478587150574
1862 1950 0.3008408844470978
1864 2086 0.30899155139923096
1865 2036 0.4122302532196045
1866 2052 0.4971729815006256
1869 1912 0.32823917269706726
1872 1966 0.5004395842552185
1873 1967 0.4404784142971039
1875 2011 0.3335907459259033
1878 1915 0.34403008222579956
1879 1904 0.2716881036758423
1880 1990 0.4369255602359772
1881 1974 0.5429004430770874
1882 2117 0.29497623443603516
1885 2054 0.3255183696746826
1886 1947 0.5428750514984131
1888 1840 0.33454591035842896
1889 2087 0.341141939163208
1893 1909 0.4813382923603058
1894 1900 0.5160382390022278
1895 1901 0.4577709436416626
1896 1937 0.45846691727638245
1897 1889 0.3835514485836029
1898 1972 0.4377664029598236
1899 1965 0.3079284131526947
1901 2050 0.2878970205783844
1902 1991 0.3236200213432312
1903 2097 0.35139039158821106
1904 2037 0.4252513349056244
1909 1902 0.28849726915359497
1910 1911 0.5522339940071106
1911 1914 0.34723663330078125
1912 1931 0.25667089223861694
1914 2064 0.31141677498817444
1915 2065 0.29672014713287354
1917 2020 0.30504414439201355
1921 2088 0.5039511322975159
1922 1919 0.4494068920612335
1923 1945 0.29991933703422546
1924 1971 0.3656810224056244
1925 1938 0.4021451771259308
1926 1987 0.32011550664901733
1927 1988 0.3295150697231293
1928 2032 0.41698208451271057
1929 2033 0.4005013704299927
1930 2035 0.2865545153617859
1931 2114 0.5077723860740662
1932 2134 0.4210311770439148
1934 1936 0.5476418733596802
1935 1910 0.3200761377811432
1938 2003 0.31419888138771057
1940 2049 0.29610955715179443
1941 2051 0.3200981020927429
1952 2082 0.3850930333137512
1954 2083 0.3186504542827606
1955 2067 0.2619403004646301
1956 2144 0.3128897547721863
1958 2159 0.41090279817581177
1962 1943 0.2679086923599243
1963 1961 0.281430721282959
1966 2004 0.32254499197006226
1967 2031 0.376313716173172
1968 2079 0.4922165274620056
1969 2080 0.3792109489440918
1970 2081 0.4415235221385956
1971 2084 0.3704643249511719
1973 2160 0.45955690741539
1976 1958 0.5745798349380493
1978 2026 0.3564837872982025
1979 2044 0.43778184056282043
1980 2060 0.47523626685142517
1981 1989 0.5813705325126648
1985 1960 0.25512295961380005
1986 2073 0.4502103328704834
1987 2062 0.521560788154602
1990 2112 0.3820040225982666
1992 2243 0.26349693536758423
1993 2183 0.762701690196991
1995 1981 0.2591375708580017
1998 2013 0.7063934803009033
1999 2058 0.41573965549468994
2000 2074 0.34438493847846985
2001 2091 0.36206066608428955
2002 2061 0.34529656171798706
2003 2014 0.5829817652702332
2004 2063 0.54352205991745
2005 2028 0.3556874692440033
2006 2045 0.3245280385017395
2007 2138 0.363145112991333
2008 2006 0.4377138018608093
2011 2128 0.36220431327819824
2012 2109 0.3150477111339569
2013 2110 0.25400909781455994
2014 2130 0.3494561016559601
2015 2198 0.28280556201934814
2022 2001 0.587539553642273
2023 2012 0.35373154282569885
2026 2105 0.3153859078884125
2027 2141 0.3317553997039795
2028 2077 0.4000547230243683
2029 2093 0.5122177600860596
2030 2047 0.28265130519866943
2031 2143 0.4037449359893799
2033 2211 0.3269354999065399
2034 2213 0.35630127787590027
2035 2223 0.34614819288253784
2036 2226 0.5012836456298828
2037 2178 0.38634371757507324
2039 2056 0.2591526508331299
2040 2092 0.30526530742645264
2041 2156 0.3344476521015167
2043 2023 0.2582624852657318
2044 2127 0.27809518575668335
2045 2076 0.6589701175689697
2046 2094 0.3784789443016052
2047 2095 0.2782532870769501
2048 2182 0.369706928730011
2049 2242 0.39552104473114014
2050 2222 0.41790491342544556
2053 2125 0.2913873493671417
2056 2172 0.40071797370910645
2057 2131 0.42986705899238586
2058 2241 0.39923378825187683
2059 2260 0.29385480284690857
2060 2272 0.35549992322921753
2062 2261 0.3778063952922821
2065 2124 0.36989277601242065
2066 2126 0.30500370264053345
2067 2136 0.30904901027679443
2068 2137 0.3709504306316376
2069 2171 0.4764029085636139
2070 2157 0.45287200808525085
2071 2240 0.33503279089927673
2072 2281 0.3277609050273895
2073 2269 0.26645755767822266
2074 2271 0.6284777522087097
2076 2104 0.38434967398643494
2077 2175 0.3454362154006958
2080 2107 0.5773669481277466
2081 2258 0.30203676223754883
2082 2259 0.27794352173805237
2083 2267 0.368935227394104
2084 2268 0.4228225648403168
2085 2280 0.5134580731391907
2087 2090 0.3100491762161255
2088 2071 0.2976222336292267
2091 2301 0.3401069939136505
2092 2273 0.36261630058288574
2095 2150 0.43619030714035034
2097 2139 0.3423798084259033
2098 2196 0.39360952377319336
2099 2206 0.5187634825706482
2100 2319 0.35951656103134155
2101 2262 0.2758502662181854
2102 2123 0.46133002638816833
2103 2149 0.33785149455070496
2104 2151 0.42085132002830505
2105 2152 0.3011069595813751
2107 2154 0.3742593824863434
2108 2201 0.6377851963043213
2109 2142 0.48753446340560913
2110 2207 0.3700776696205139
2111 2208 0.3860560655593872
2112 2220 0.44180741906166077
2113 2257 0.4452593922615051
2114 2300 0.4668014347553253
2115 2327 0.3335430324077606
2117 2329 0.7713698744773865
2120 2173 0.3627889156341553
2121 2135 0.32773059606552124
2122 2194 0.5587148070335388
2123 2202 0.4583562910556793
2124 2197 0.34121742844581604
2125 2209 0.5353865027427673
2126 2221 0.3968566954135895
2127 2256 0.388470321893692
2128 2303 0.3325434923171997
2129 2330 0.4591232240200043
2131 2231 0.535888671875
2132 2232 0.5173677206039429
2133 2219 0.38310691714286804
2134 2255 0.28582990169525146
2136 2166 0.2525169253349304
2138 2191 0.36755016446113586
2139 2233 0.6615107655525208
2140 2234 0.6412572860717773
2141 2247 0.4768542945384979
2142 2176 0.47810471057891846
2143 2170 0.3063928782939911
2144 2365 0.6281440258026123
2145 2366 0.3179510533809662
2146 2367 0.4277854561805725
2148 2162 0.6421263217926025
2149 2168 0.38921940326690674
2150 2236 0.6022670269012451
2152 2155 0.4491656422615051
2153 2253 0.5250852704048157
2154 2266 0.3296052813529968
2156 2299 0.2949146330356598
2157 2436 0.40737205743789673
2158 2368 0.46133309602737427
2161 2181 0.49113011360168457
2162 2189 0.32633334398269653
2165 2237 0.7117369771003723
2166 2298 0.26377150416374207
2169 2332 0.26530611515045166
2173 2229 0.40552738308906555
2175 2195 0.36178451776504517
2176 2416 0.41289281845092773
2178 2199 0.2990915775299072
2179 2217 0.3871990740299225
2180 2248 0.3512835204601288
2181 2361 0.4312351942062378
2182 2313 0.5862404704093933
2184 2297 0.30233505368232727
2185 2345 0.3479718863964081
2186 2417 0.5150913000106812
2187 2437 0.5047538876533508
2189 2418 0.3679155707359314
2190 2484 0.3429674208164215
2191 2369 0.301919549703598
2192 2215 0.42521199584007263
2193 2216 0.4625953137874603
2194 2228 0.43478530645370483
2195 2264 0.3891110122203827
2196 2192 0.3236808180809021
2197 2340 0.5491899847984314
2198 2341 0.28210410475730896
2201 2290 0.5206106305122375
2202 2238 0.4388398230075836
2203 2203 0.4882696568965912
2204 2250 0.6901740431785583
2205 2279 0.4516049027442932
2206 2315 0.3662254512310028
2207 2316 0.4603411853313446
2208 2344 0.30409055948257446
2209 2384 0.615816056728363
2210 2453 0.36707234382629395
2211 2438 0.42183658480644226
2212 2456 0.7017979025840759
2213 2386 0.33348768949508667
2214 2370 0.31151866912841797
2217 2246 0.26347556710243225
2218 2286 0.6057335138320923
2219 2263 0.4030551612377167
2222 2235 0.7402361631393433
2223 2239 0.47461122274398804
2225 2495 0.3755149841308594
2226 2454 0.6407719254493713
2228 2419 0.25977078080177307
2229 2387 0.541010320186615
2231 2289 0.3534850478172302
2232 2249 0.44916650652885437
2233 2382 0.3604661822319031
2234 2296 0.6250777840614319
2235 2326 0.34737542271614075
2236 2399 0.36603063344955444
2238 2407 0.31333351135253906
2239 2277 0.35651132464408875
2240 2320 0.25229597091674805
2241 2339 0.8966413140296936
2242 2346 0.5262749195098877
2243 2323 0.27727529406547546
2245 2342 0.4712430238723755
2246 2291 0.34706515073776245
2247 2292 0.5493271946907043
2248 2278 0.4111776053905487
2249 2293 0.4438256025314331
2250 2349 0.5843159556388855
2252 2452 0.37313711643218994
2254 2555 0.5800015926361084
2257 2421 0.3279803991317749
2258 2422 0.30624037981033325
2260 2424 0.26163095235824585
2261 2406 0.38813480734825134
2262 2426 0.2586950957775116
2263 2282 0.3370922803878784
2264 2245 0.34646788239479065
2266 2285 0.34557920694351196
2269 2310 0.29876089096069336
2270 2311 0.4350329339504242
2271 2312 0.330710768699646
2272 2324 0.6404560804367065
2273 2483 0.2803105115890503
2274 2521 0.34333688020706177
2275 2556 0.334057480096817
2276 2522 0.3337772488594055
2278 2443 0.2800772488117218
2279 2305 0.6116626858711243
2284 2325 0.6888306736946106
2285 2363 0.4722994267940521
2286 2364 0.35726895928382874
2287 2554 0.3812932074069977
2288 2425 0.2855743169784546
2289 2458 0.25189974904060364
2291 2354 0.32990938425064087
2294 2356 0.3747061491012573
2295 2347 0.3169713616371155
2297 2381 0.47693249583244324
2298 2360 0.43252477049827576
2299 2348 0.30988749861717224
2300 2343 0.340687096118927
2301 2383 0.3211943805217743
2302 2494 0.48527079820632935
2303 2519 0.5621932744979858
2305 2473 0.2962796092033386
2306 2442 0.2892957031726837
2309 2306 0.5625933408737183
2310 2284 0.29740431904792786
2312 2335 0.4355746805667877
2314 2353 0.4316886365413666
2316 2392 0.36707445979118347
2317 2357 0.3161996304988861
2318 2397 0.4333881437778473
2319 2450 0.281534343957901
2320 2517 0.3310910165309906
2321 2551 0.25858384370803833
2322 2552 0.32494673132896423
2323 2531 0.5667647123336792
2324 2532 0.47189512848854065
2325 2553 0.3407118022441864
2326 2472 0.32056063413619995
2332 2338 0.2848238945007324
2334 2380 0.331784188747406
2335 2358 0.7305663228034973
2338 2435 0.32625865936279297
2339 2474 0.2780601680278778
2340 2352 0.30882421135902405
2341 2432 0.3507198095321655
2342 2433 0.5218657851219177
2344 2447 0.3277999758720398
2345 2396 0.46054449677467346
2346 2451 0.32057836651802063
2349 2561 0.4310649633407593
2353 2388 0.41833674907684326
2355 2374 0.26523199677467346
2356 2463 0.5414583683013916
2357 2502 0.4520232677459717
2360 2467 0.46231701970100403
2361 2493 0.3043229579925537
2364 2588 0.4264258146286011
2365 2589 0.28971150517463684
2366 2590 0.39090338349342346
2367 2591 0.3378863036632538
2368 2592 0.35593754053115845
2369 2558 0.4365586042404175
2372 2412 0.32700878381729126
2373 2400 0.2726297378540039
2375 2478 0.46191906929016113
2377 2403 0.5444242358207703
2379 2466 0.4922681748867035
2380 2468 0.33307480812072754
2381 2482 0.3307974934577942
2382 2600 0.5315043926239014
2384 2557 0.3235875964164734
2385 2429 0.25579535961151123
2386 2462 0.28239211440086365
2389 2626 0.31755530834198
2390 2643 0.44660666584968567
2391 2628 0.6171435713768005
2392 2563 0.33261963725090027
2394 2577 0.2975524067878723
2395 2565 0.35029059648513794
2398 2490 0.5530309081077576
2399 2500 0.5162888169288635
2401 2449 0.41240444779396057
2402 2492 0.32542213797569275
2403 2507 0.5023163557052612
2405 2624 0.43170592188835144
2406 2640 0.41941893100738525
2407 2625 0.31586119532585144
2408 2627 0.31985458731651306
2409 2562 0.28642037510871887
2410 2593 0.45539435744285583
2412 2501 0.33855849504470825
2413 2511 0.4457097351551056
2414 2464 0.25773298740386963
2415 2505 0.3645928204059601
2416 2448 0.3425993025302887
2417 2434 0.3420032262802124
2418 2546 0.26416218280792236
2419 2550 0.5652074813842773
2420 2662 0.33428916335105896
2421 2575 0.2642594575881958
2422 2594 0.28018251061439514
2423 2445 0.457226425409317
2424 2427 0.4122373163700104
2425 2499 0.26017117500305176
2428 2526 0.5668544769287109
2431 2512 0.46428585052490234
2434 2530 0.3007224202156067
2435 2514 0.9043979644775391
2436 2515 0.4874526560306549
2437 2663 0.353765606880188
2439 2601 0.30577346682548523
2442 2428 0.38021910190582275
2443 2461 0.33365246653556824
2445 2538 0.5950688123703003
2446 2539 0.39086052775382996
2447 2527 0.5708357691764832
2448 2503 0.3254358172416687
2449 2513 0.46108460426330566
2450 2491 0.5085972547531128
2451 2571 0.33618342876434326
2452 2572 0.4847800135612488
2453 2548 0.5923289656639099
2454 2560 0.29876402020454407
2455 2677 0.2983221411705017
2456 2642 0.44852569699287415
2458 2541 0.3165508508682251
2461 2584 0.2665584683418274
2462 2559 0.3384161591529846
2463 2678 0.288530558347702
2464 2679 0.36010265350341797
2465 2710 0.3361978530883789
2466 2612 0.3286288380622864
2467 2460 0.2873111367225647
2468 2489 0.3581077754497528
2469 2525 0.3633650839328766
2470 2536 0.3001631200313568
2471 2537 0.2620637118816376
2472 2506 0.27600523829460144
2474 2585 0.3409835398197174
2475 2598 0.46240124106407166
2476 2573 0.3929857611656189
2477 2711 0.28748875856399536
2479 2476 0.36924779415130615
2480 2488 0.5389848947525024
2481 2528 0.45749861001968384
2482 2544 0.25029391050338745
2485 2629 0.29531314969062805
2487 2535 0.5024849772453308
2488 2621 0.336239218711853
2489 2608 0.41705408692359924
2490 2599 0.4566168189048767
2491 2644 0.3236675262451172
2492 2566 0.30909058451652527
2494 2615 0.2515319883823395
2495 2581 0.4108961522579193
2496 2543 0.2501199543476105
2499 2545 0.2514137625694275
2500 2719 0.5751247406005859
2501 2657 0.4124296009540558
2502 2658 0.41844287514686584
2503 2638 0.395026832818985
2505 2609 0.41759416460990906
2506 2610 0.38010454177856445
2507 2709 0.32124093174934387
2508 2745 0.6017038822174072
2509 2604 0.5230311751365662
2510 2605 0.3525255620479584
2511 2582 0.3852061629295349
2512 2583 0.27072232961654663
2513 2655 0.4637468755245209
2514 2728 0.2656504511833191
2515 2731 0.2631935477256775
2518 2580 0.3968672752380371
2519 2675 0.3451415002346039
2520 2654 0.3982629179954529
2521 2755 0.47849240899086
2522 2534 0.41132622957229614
2523 2602 0.3478010296821594
2524 2603 0.3169163465499878
2526 2647 0.4290381073951721
2527 2596 0.2798006534576416
2529 2698 0.8152263760566711
2530 2676 0.425912082195282
2531 2706 0.32564786076545715
2533 2729 0.5384449362754822
2534 2730 0.27435430884361267
2535 2772 0.43700891733169556
2536 2754 0.3122003376483917
2538 2648 0.35586559772491455
2540 2670 0.555446445941925
2541 2617 0.30712953209877014
2543 2652 0.36145275831222534
2544 2720 0.4127609133720398
2545 2766 0.3043037950992584
2546 2767 0.4202978312969208
2547 2768 0.7199701070785522
2548 2770 0.2563101053237915
2549 2743 0.46939823031425476
2550 2771 0.43379586935043335
2553 2631 0.35678648948669434
2554 2632 0.30332621932029724
2555 2649 0.31664928793907166
2556 2633 0.30252712965011597
2557 2606 0.28687554597854614
2558 2801 0.3574516475200653
2559 2645 0.34987062215805054
2561 2666 0.29490646719932556
2562 2683 0.40348705649375916
2563 2684 0.5310093760490417
2564 2691 0.5549259781837463
2565 2620 0.3929486572742462
2568 2740 0.5131105184555054
2569 2725 0.3494691252708435
2574 2690 0.3676872253417969
2576 2692 0.3716423511505127
2577 2650 0.36180317401885986
2578 2717 0.4595178961753845
2580 2812 0.44501063227653503
2581 2579 0.33973678946495056
2582 2703 0.5573550462722778
2584 2672 0.3234317898750305
2585 2636 0.29835569858551025
2586 2752 0.40577223896980286
2587 2840 0.2919503152370453
2588 2669 0.30574896931648254
2589 2671 0.3690805733203888
2590 2687 0.2753545343875885
2591 2673 0.3431997001171112
2592 2674 0.4442155957221985
2593 2637 0.3696015179157257
2594 2653 0.26181042194366455
2595 2718 0.503109335899353
2596 2825 0.35347795486450195
2597 2826 0.25223100185394287
2598 2827 0.3051227033138275
2599 2829 0.4346998929977417
2601 2595 0.32694360613822937
2602 2668 0.3274509608745575
2603 2686 0.5324830412864685
2604 2693 0.3494664430618286
2605 2694 0.5117173194885254
2606 2787 0.45837247371673584
2607 2726 0.2976852357387543
2608 2727 0.27098190784454346
2609 2869 0.4574204981327057
2613 2689 0.4402117431163788
2615 2763 0.3727594017982483
2616 2753 0.49376943707466125
2618 2868 0.40325623750686646
2619 2876 0.3005096912384033
2621 2702 0.41084128618240356
2622 2736 0.4176212251186371
2623 2705 0.31417250633239746
2624 2751 0.29028648138046265
2625 2798 0.3568851947784424
2626 2799 0.3997179865837097
2627 2800 0.6278666853904724
2628 2786 0.6442474126815796
2630 2856 0.27939456701278687
2631 2860 0.4302525818347931
2633 2680 0.27505770325660706
2634 2681 0.2850964665412903
2635 2682 0.49721235036849976
2636 2721 0.4455937147140503
2637 2758 0.8567290902137756
2639 2789 0.3316858112812042
2640 2765 0.35055428743362427
2641 2867 0.950552761554718
2642 2773 0.49394890666007996
2643 2712 0.2780151069164276
2644 2734 0.3983529508113861
2645 2756 0.5874274969100952
2646 2757 0.48615506291389465
2648 2780 0.3292502760887146
2649 2793 0.30872204899787903
2650 2781 0.3556935787200928
2651 2723 0.4882268011569977
2653 2864 0.48229220509529114
2654 2888 0.5750342607498169
2655 2889 0.5316529273986816
2656 2901 0.3801299035549164
2658 2777 0.3085775077342987
2659 2735 0.27344709634780884
2660 2778 0.5058477520942688
2661 2806 0.3825278878211975
2662 2737 0.3313629925251007
2663 2875 0.4148540794849396
2664 2882 0.5590394139289856
2666 2877 0.36543628573417664
2669 2713 0.3070194125175476
2670 2715 0.3532501459121704
2671 2733 0.3514212369918823
2673 2759 0.45128071308135986
2674 2760 0.4225170314311981
2676 2748 0.2828783690929413
2677 2722 0.33727943897247314
2678 2724 0.30353397130966187
2679 2810 0.48105329275131226
2683 2746 0.3068794906139374
2684 2716 0.4017614722251892
2685 2776 0.34747281670570374
2686 2835 0.29930099844932556
2688 2854 0.7583014369010925
2689 2838 0.43223366141319275
2691 2848 0.3202034533023834
2696 2749 0.2521097958087921
2698 2853 0.5567260980606079
2702 2932 0.34040260314941406
2707 2817 0.309885710477829
2709 2785 0.2918704152107239
2710 2847 0.6129158139228821
2711 2816 0.3546692430973053
2712 2834 0.41400671005249023
2713 2794 0.3377757966518402
2714 2795 0.26539191603660583
2717 2819 0.5778858661651611
2718 2820 0.4517703056335449
2719 2821 0.39317619800567627
2721 2808 0.26076632738113403
2722 2761 0.5230751037597656
2723 2919 0.4630322754383087
2724 2886 0.37628644704818726
2725 2899 0.34244024753570557
2726 2900 0.3631260395050049
2727 2912 0.4461030960083008
2729 2921 0.518267035484314
2730 2804 0.3298776149749756
2731 2805 0.33682653307914734
2732 2851 0.3912319540977478
2733 2872 0.35464727878570557
2734 2863 0.7859538793563843
2736 2824 0.30325478315353394
2737 2887 0.48095789551734924
2738 2908 0.4039313495159149
2740 2792 0.2921469509601593
2741 2803 0.48584499955177307
2743 2850 0.5268604755401611
2744 2859 0.313933789730072
2745 2954 0.5048207640647888
2747 2962 0.3740042746067047
2748 2813 0.2653931677341461
2755 2814 0.25442513823509216
2756 2842 0.2781302034854889
2757 2845 0.3679977059364319
2758 2809 0.4611285626888275
2760 2920 0.35594433546066284
2761 2952 0.5213847160339355
2762 2953 0.4968326687812805
2764 2957 0.37304389476776123
2765 2958 0.34125030040740967
2766 2963 0.336670458316803
2767 2871 0.2934722602367401
2768 2885 0.2917788624763489
2769 2881 0.4495238959789276
2770 2892 0.36400604248046875
2773 3002 0.4496525228023529
2774 2996 0.47803813219070435
2775 2997 0.5426152348518372
2777 2964 0.39294302463531494
2779 2815 0.3048562705516815
2781 2891 0.3420606255531311
2782 2873 0.3958459496498108
2783 2836 0.4245179295539856
2784 2844 0.3692660927772522
2785 2846 0.35035911202430725
2786 2852 0.2817494869232178
2787 2951 0.3175117075443268
2789 3004 0.5934847593307495
2790 2955 0.295253187417984
2791 3019 0.4041278660297394
2794 2944 0.30293652415275574
2797 2975 0.47945213317871094
2798 3003 0.893277645111084
2800 3058 0.4824145436286926
2801 3034 0.5569278597831726
2802 2980 0.389229416847229
2803 3006 0.27923980355262756
2804 3007 0.31461265683174133
2805 2923 0.3834230899810791
2806 2917 0.30510494112968445
2807 2905 0.3134560286998749
2808 2930 0.38471677899360657
2809 2960 0.4037272334098816
2810 3053 0.3852381110191345
2811 2981 0.34556734561920166
2812 3008 0.3221938908100128
2813 2849 0.27508658170700073
2814 2904 0.27535638213157654
2815 2916 0.3462340235710144
2817 2896 0.5094759464263916
2818 2942 0.5496337413787842
2819 2972 0.6002509593963623
2820 2988 0.35200250148773193
2821 2993 0.3305622339248657
2822 2995 0.3280971050262451
2823 3029 0.5038228034973145
2824 3045 0.363680899143219
2825 3090 0.4682415723800659
2826 3033 0.508662760257721
2827 3054 0.3257242441177368
2828 3035 0.3265428841114044
2831 2936 0.46300092339515686
2833 3000 0.4755907952785492
2834 3017 0.2939161956310272
2835 2989 0.32260221242904663
2836 2990 0.5776549577713013
2837 2991 0.4302283823490143
2838 2992 0.31521689891815186
2840 3032 0.3622246980667114
2841 3074 0.3808792531490326
2842 2998 0.2866775393486023
2843 3037 0.5268056988716125
2844 3005 0.28411176800727844
2846 2907 0.4454989731311798
2847 2897 0.32144686579704285
2848 3038 0.46571025252342224
2850 2922 0.3249039649963379
2853 2971 0.474008709192276
2854 3001 0.30119743943214417
2855 3028 0.36188286542892456
2856 3091 0.47843584418296814
2857 3101 0.2965863347053528
2859 3094 0.5469257831573486
2860 3061 0.35198673605918884
2864 2940 0.2699465751647949
2865 2895 0.3448358476161957
2866 3042 0.42737075686454773
2867 3072 0.3955335021018982
2868 3096 0.35277074575424194
2869 3089 0.30488622188568115
2870 3092 0.5172311067581177
2873 3060 0.2894563376903534
2875 2937 0.36678680777549744
2876 2969 0.26711806654930115
2877 2906 0.4284685254096985
2879 2941 0.48300057649612427
2882 3041 0.544921338558197
2883 3071 0.35152244567871094
2885 3114 0.33847424387931824
2886 3047 0.27342259883880615
2888 3011 0.28986185789108276
2889 3021 0.3049449622631073
2890 2959 0.3755927085876465
2892 2950 0.5149498581886292
2893 3069 0.4117281138896942
2894 3111 0.40411242842674255
2895 3113 0.40387162566185
2896 3141 0.3266758620738983
2897 3097 0.2679339647293091
2899 3010 0.2634378969669342
2900 3022 0.3921920359134674
2901 2948 0.2931164801120758
2903 2949 0.27317237854003906
2907 3131 0.26775771379470825
2908 3078 0.30786293745040894
2910 3082 0.29835399985313416
2911 2983 0.3031764030456543
2912 2984 0.28096890449523926
2913 2966 0.3363857865333557
2915 2970 0.4004058837890625
2917 2999 0.2794713079929352
2919 3057 0.33988454937934875
2920 3076 0.3868768513202667
2923 3104 0.2554762363433838
2924 3119 0.3327668607234955
2925 3063 0.3261075019836426
2926 3065 0.374236524105072
2927 3066 0.4321322441101074
2928 3126 0.5039880871772766
2929 3159 0.3393731415271759
2930 3132 0.34167754650115967
2932 3139 0.31432294845581055
2934 3161 0.4126475751399994
2936 3128 0.3956666588783264
2939 2987 0.2563917636871338
2941 3088 0.5470499396324158
2942 3125 0.47241610288619995
2945 3158 0.2854537069797516
2948 3160 0.3555236756801605
2949 3177 0.7815432548522949
2951 3050 0.31579673290252686
2952 3023 0.28379330039024353
2955 3014 0.3262624144554138
2959 3155 0.5914275646209717
2961 3156 0.3930063843727112
2962 3186 0.33897754549980164
2965 3115 0.4291117787361145
2968 3133 0.40696433186531067
2969 3146 0.5139950513839722
2970 3134 0.2891305088996887
2973 3098 0.2914015054702759
2975 3205 0.271602600812912
2976 3187 0.3074835538864136
2977 3176 0.29714691638946533
2978 3162 0.33367061614990234
2979 3145 0.35508993268013
2981 3167 0.36419492959976196
2982 3120 0.2959771454334259
2983 3025 0.26323145627975464
2984 3027 0.3794037401676178
2985 3056 0.4598751962184906
2986 3203 0.32722464203834534
2988 3206 0.5307719111442566
2989 3224 0.35535958409309387
2990 3225 0.5864003896713257
2992 3164 0.28455594182014465
2993 3144 0.31660759449005127
2994 3179 0.40291985869407654
2998 3099 0.3238864541053772
2999 3234 0.311615526676178
3000 3235 0.6594013571739197
3002 3227 0.3420068025588989
3003 3191 0.25106751918792725
3004 3165 0.2660195827484131
3005 3194 0.2757355868816376
3006 3148 0.3025597333908081
3007 3105 0.31763526797294617
3008 3051 0.5080984234809875
3009 3200 0.5326298475265503
3010 3246 0.42250534892082214
3011 3226 0.268606573343277
3013 3086 0.31353017687797546
3015 3184 0.6256014108657837
3016 3185 0.5932419896125793
3017 3201 0.4675820469856262
3018 3202 0.5929320454597473
3020 3274 0.45318135619163513
3023 3251 0.39500048756599426
3024 3180 0.3383796811103821
3026 3095 0.2914101183414459
3027 3245 0.31765133142471313
3028 3208 0.3010558485984802
3030 3238 0.2719092071056366
3031 3123 0.33827513456344604
3032 3173 0.3534344732761383
3033 3257 0.7682878375053406
3034 3261 0.4502373933792114
3036 3236 0.26484984159469604
3037 3190 0.2505723834037781
3038 3195 0.2649743854999542
3040 3166 0.27381348609924316
3042 3108 0.3713291585445404
3043 3064 0.2644366919994354
3044 3199 0.7683640718460083
3045 3232 0.5083456039428711
3046 3262 0.39532721042633057
3047 3291 0.6237576007843018
3048 3263 0.5142279267311096
3049 3250 0.39481255412101746
3052 3150 0.3206985294818878
3053 3084 0.5670685768127441
3054 3085 0.4603082537651062
3055 3122 0.2867937386035919
3060 3265 0.38876718282699585
3062 3055 0.48234277963638306
3064 3221 0.36292213201522827
3065 3154 0.43163347244262695
3066 3273 0.5220584273338318
3067 3275 0.41535523533821106
3068 3276 0.40249550342559814
3069 3264 0.32510140538215637
3071 3249 0.3580510914325714
3073 3212 0.38148233294487
3074 3214 0.49168169498443604
3075 3138 0.4712812304496765
3077 3222 0.5293908715248108
3078 3303 0.4835204482078552
3079 3297 0.4064585566520691
3080 3310 0.4818517565727234
3082 3211 0.4000764787197113
3083 3259 0.30490657687187195
3084 3196 0.30024558305740356
3085 3137 0.45425400137901306
3087 3109 0.2847188115119934
3089 3296 0.6567191481590271
3091 3290 0.629173994064331
3092 3319 0.35436463356018066
3093 3241 0.2816600203514099
3094 3254 0.5609593391418457
3095 3153 0.26915353536605835
3096 3272 0.4438670873641968
3097 3289 0.42146584391593933
3099 3315 0.7577498555183411
3100 3337 0.2751314342021942
3101 3298 0.38473621010780334
3103 3256 0.3539502024650574
3105 3307 0.5321683287620544
3106 3308 0.7781474590301514
3107 3301 0.4586055278778076
3108 3302 0.4268774688243866
3110 3328 0.6150084733963013
3112 3229 0.3297288417816162
3113 3267 0.426313191652298
3114 3268 0.47240394353866577
3116 3243 0.28045493364334106
3118 3181 0.3169260025024414
3123 3309 0.4368647336959839
3124 3336 0.28788328170776367
3127 3218 0.5550482273101807
3130 3391 0.3625793159008026
3133 3284 0.2657639682292938
3135 3293 0.26356858015060425
3137 3282 0.2635469436645508
3138 3330 0.4580967128276825
3139 3331 0.31475070118904114
3140 3332 0.44160860776901245
3141 3320 0.38982081413269043
3143 3285 0.5972126722335815
3144 3286 0.3221687078475952
3145 3231 0.4367351830005646
3147 3169 0.30013507604599
3148 3269 0.25968605279922485
3150 3327 0.32995280623435974
3151 3351 0.44165661931037903
3152 3352 0.26005831360816956
3154 3266 0.25222522020339966
3155 3304 0.3445928990840912
3157 3260 0.3957632780075073
3159 3326 0.4030570685863495
3160 3367 0.28806591033935547
3161 3353 0.25662440061569214
3163 3311 0.2637503743171692
3164 3365 0.4777546525001526
3165 3321 0.2524663805961609
3166 3316 0.329340398311615
3167 3151 0.37314778566360474
3168 3280 0.4537253677845001
3170 3220 0.4602775275707245
3171 3317 0.2858274281024933
3172 3349 0.3325381278991699
3173 3366 0.5823116302490234
3174 3217 0.36663222312927246
3175 3288 0.3698172867298126
3176 3334 0.32923394441604614
3177 3348 0.34604883193969727
3178 3335 0.5438082814216614
3179 3379 0.47578588128089905
3180 3427 0.30993419885635376
3188 3294 0.3385133147239685
3190 3271 0.3563247323036194
3191 3411 0.5631322860717773
3192 3412 0.4240643382072449
3194 3414 0.2877389192581177
3195 3415 0.5038444399833679
3197 3384 0.4544602632522583
3199 3306 0.38470906019210815
3200 3329 0.36973264813423157
3201 3362 0.5136647820472717
3202 3377 0.43109044432640076
3203 3422 0.3554714620113373
3205 3392 0.3495961129665375
3206 3385 0.27609580755233765
3208 3340 0.39345601201057434
3209 3376 0.47991323471069336
3210 3423 0.3274487853050232
3211 3424 0.44782647490501404
3212 3438 0.30015337467193604
3213 3439 0.39081132411956787
3214 3440 0.6808061599731445
3215 3354 0.28327980637550354
3216 3342 0.2834714353084564
3219 3281 0.5689064860343933
3221 3383 0.2791719138622284
3222 3403 0.39070212841033936
3223 3404 0.39730504155158997
3224 3305 0.336728572845459
3226 3361 0.5463908910751343
3228 3405 0.25142598152160645
3230 3369 0.3998030126094818
3233 3372 0.2920171618461609
3234 3312 0.29474958777427673
3235 3347 0.47112709283828735
3236 3333 0.2921057343482971
3237 3402 0.33261170983314514
3238 3429 0.34725087881088257
3240 3407 0.5262307524681091
3241 3323 0.3375246226787567
3242 3395 0.5545846819877625
3245 3430 0.3367963433265686
3246 3397 0.35399580001831055
3247 3299 0.5260290503501892
3248 3441 0.4183507263660431
3250 3322 0.6606439352035522
3252 3359 0.2948302626609802
3255 3513 0.45216426253318787
3257 3457 0.3719543516635895
3258 3346 0.30194664001464844
3260 3324 0.5917559266090393
3262 3410 0.3126082122325897
3263 3435 0.3333611488342285
3264 3494 0.5043891072273254
3265 3495 0.40620744228363037
3266 3496 0.4091361463069916
3267 3511 0.4616645276546478
3270 3464 0.32005202770233154
3271 3465 0.2688697874546051
3272 3458 0.2915894389152527
3273 3446 0.404328316450119
3274 3455 0.63503098487854
3276 3431 0.25233709812164307
3278 3343 0.4948381185531616
3279 3355 0.7295553684234619
3280 3401 0.8701741695404053
3281 3390 0.35454851388931274
3282 3485 0.31109827756881714
3283 3478 0.3131190240383148
3284 3479 0.3475759029388428
3286 3463 0.44442281126976013
3287 3454 0.6077923774719238
3288 3510 0.35027891397476196
3289 3482 0.5485429763793945
3291 3374 0.3139305114746094
3292 3419 0.4232284128665924
3295 3491 0.35781657695770264
3297 3433 0.29266953468322754
3298 3518 0.3606625199317932
3299 3521 0.3856847584247589
3300 3535 0.3770623803138733
3301 3544 0.28721362352371216
3303 3490 0.4131350517272949
3304 3532 0.4404519498348236
3306 3470 0.3173615336418152
3308 3444 0.2838788330554962
3310 3373 0.6347167491912842
3311 3489 0.4453659951686859
3312 3506 0.39516061544418335
3313 3507 0.41467052698135376
3314 3508 0.4173843264579773
3315 3486 0.35620376467704773
3316 3481 0.3572417199611664
3317 3471 0.48399701714515686
3318 3442 0.4514670968055725
3319 3425 0.25856930017471313
3321 3418 0.3282470107078552
3323 3445 0.39860910177230835
3325 3504 0.4424247145652771
3326 3505 0.4328528046607971
3327 3524 0.5720980167388916
3329 3525 0.3936263918876648
3330 3480 0.46288615465164185
3331 3559 0.3948144316673279
3333 3449 0.27976757287979126
3334 3459 0.2878884971141815
3335 3443 0.2843543589115143
3337 3469 0.36909815669059753
3339 3503 0.4972597658634186
3340 3452 0.39188843965530396
3341 3509 0.8107280135154724
3343 3550 0.49950122833251953
3344 3558 0.5463804602622986
3346 3566 0.39416733384132385
3347 3567 0.35332897305488586
3349 3569 0.3723895251750946
3352 3472 0.34973716735839844
3353 3467 0.28589558601379395
3355 3468 0.35713985562324524
3356 3388 0.2513643503189087
3357 3502 0.4068944752216339
3358 3488 0.3783959448337555
3359 3516 0.410198837518692
3361 3517 0.3501473367214203
3362 3520 0.5201728940010071
3363 3534 0.6043487191200256
3364 3596 0.3160781264305115
3365 3585 0.36463072896003723
3366 3497 0.3696424067020416
3367 3466 0.29444530606269836
3369 3531 0.3613855540752411
3370 3600 0.2797873318195343
3371 3601 0.35006386041641235
3372 3387 0.37283939123153687
3374 3451 0.368841290473938
3375 3358 0.4701921343803406
3376 3557 0.5278607606887817
3377 3608 0.3699696958065033
3379 3537 0.36679938435554504
3380 3538 0.30864813923835754
3381 3473 0.25671055912971497
3382 3501 0.37750816345214844
3383 3493 0.36916857957839966
3384 3541 0.34726014733314514
3386 3633 0.3067370057106018
3387 3610 0.45114946365356445
3388 3536 0.3012290298938751
3390 3540 0.7981877326965332
3391 3528 0.3716225028038025
3392 3529 0.2660657465457916
3395 3607 0.35148492455482483
3396 3632 0.3405081331729889
3397 3634 0.3994123935699463
3398 3623 0.4765896797180176
3400 3539 0.7753422260284424
3401 3460 0.35892871022224426
3404 3450 0.3028397560119629
3406 3565 0.3749821186065674
3407 3621 0.42347025871276855
3408 3630 0.5042092800140381
3409 3631 0.5040409564971924
3410 3545 0.4449448585510254
3411 3546 0.25647440552711487
3413 3560 0.27984631061553955
3414 3561 0.2751668691635132
3415 3562 0.41073277592658997
3416 3522 0.6953762173652649
3417 3527 0.2715453505516052
3419 3671 0.2525540292263031
3421 3498 0.3617020845413208
3423 3615 0.3890301287174225
3426 3555 0.2541190981864929
3428 3619 0.49761176109313965
3429 3641 0.2976846694946289
3431 3660 0.41361719369888306
3433 3484 0.34238797426223755
3435 3477 0.4043850004673004
3437 3578 0.3574206233024597
3438 3579 0.48505842685699463
3439 3595 0.3951892554759979
3440 3642 0.32770776748657227
3441 3651 0.2824457287788391
3442 3659 0.5276166796684265
3445 3590 0.42125850915908813
3447 3707 0.34377723932266235
3448 3624 0.33592063188552856
3449 3589 0.43155115842819214
3451 3580 0.48421400785446167
3452 3515 0.5187273621559143
3454 3650 0.3511023223400116
3456 3714 0.31123626232147217
3457 3514 0.5099669098854065
3458 3523 0.41037726402282715
3460 3667 0.3246162533760071
3461 3599 0.3245249390602112
3463 3616 0.34543654322624207
3465 3704 0.3955576419830322
3466 3658 0.3426264226436615
3467 3728 0.42402106523513794
3468 3602 0.26454514265060425
3469 3603 0.26879313588142395
3470 3587 0.4332360625267029
3475 3740 0.29160529375076294
3476 3547 0.3571763038635254
3477 3694 0.31232601404190063
3478 3695 0.291255921125412
3479 3696 0.32971781492233276
3480 3721 0.2979118824005127
3481 3649 0.37162071466445923
3482 3753 0.4607461392879486
3483 3754 0.39829179644584656
3484 3604 0.44800716638565063
3485 3592 0.6841391921043396
3486 3553 0.38743916153907776
3487 3563 0.4916854500770569
3488 3574 0.7219840288162231
3489 3720 0.2940558195114136
3490 3697 0.2786359488964081
3491 3701 0.2746616303920746
3492 3713 0.3243609368801117
3493 3629 0.30566588044166565
3495 3739 0.5609047412872314
3496 3757 0.48752424120903015
3500 3684 0.3350139558315277
3501 3751 0.4461230933666229
3502 3752 0.6657924056053162
3503 3784 0.3469628691673279
3504 3771 0.3836838901042938
3505 3758 0.49833694100379944
3506 3625 0.37842264771461487
3507 3572 0.441853791475296
3508 3763 0.36176416277885437
3509 3782 0.6287217140197754
3511 3682 0.5609368681907654
3513 3755 0.3702947795391083
3514 3644 0.5125344395637512
3515 3637 0.32513922452926636
3516 3737 0.4280703067779541
3517 3781 0.4270859658718109
3518 3681 0.31509068608283997
3519 3726 0.5926176905632019
3522 3661 0.3789680004119873
3523 3662 0.30153167247772217
3526 3698 0.514576256275177
3527 3767 0.4402356743812561
3528 3683 0.3045761287212372
3529 3727 0.4473479688167572
3530 3803 0.32339632511138916
3531 3804 0.31923994421958923
3532 3652 0.6054332256317139
3533 3685 0.26422643661499023
3534 3636 0.3944038450717926
3539 3668 0.28168365359306335
3540 3725 0.5177556872367859
3541 3809 0.35912489891052246
3542 3812 0.49343571066856384
3543 3813 0.3857550024986267
3544 3829 0.2642521560192108
3545 3686 0.9712448120117188
3546 3672 0.45622289180755615
3548 3655 0.46529826521873474
3549 3692 0.502392053604126
3550 3780 0.3080667555332184
3551 3797 0.44720548391342163
3552 3750 0.8345199227333069
3554 3821 0.355630487203598
3555 3822 0.3151778280735016
3557 3768 0.5901778340339661
3560 3785 0.5047100782394409
3561 3838 0.3534776270389557
3562 3640 0.5404770970344543
3563 3724 0.4057939350605011
3564 3828 0.44719141721725464
3569 3810 0.3426019251346588
3571 3741 0.25262629985809326
3572 3744 0.427747905254364
3573 3745 0.4147247076034546
3574 3716 0.5142568945884705
3575 3597 0.2977886199951172
3577 3796 0.4618525505065918
3578 3723 0.26594093441963196
3580 3800 0.4741886556148529
3581 3811 0.5732569098472595
3584 3904 0.4424917995929718
3586 3905 0.43366390466690063
3589 3742 0.2702108323574066
3590 3743 0.5897012948989868
3592 3606 0.35194042325019836
3594 3645 0.29147517681121826
3595 3677 0.9105008244514465
3596 3573 0.41764354705810547
3597 3666 0.35156169533729553
3598 3678 0.33381351828575134
3600 3825 0.31828659772872925
3601 3833 0.2838951051235199
3602 3783 0.2859422266483307
3603 3903 0.5112466216087341
3605 3882 0.38470834493637085
3607 3736 0.25431743264198303
3608 3851 0.2898164987564087
3609 3852 0.3657270669937134
3611 3836 0.34733566641807556
3612 3864 0.34765544533729553
3613 3931 0.3825235068798065
3614 3934 0.5086544752120972
3617 3831 0.3089538514614105
3618 3877 0.3633474111557007
3619 3860 0.3348529636859894
3620 3849 0.3898252844810486
3621 3850 0.39507168531417847
3622 3808 0.2710728943347931
3624 3834 0.4456022083759308
3625 3837 0.35728123784065247
3629 3916 0.6781267523765564
3630 3933 0.2935948669910431
3632 3806 0.2958425283432007
3633 3639 0.3064694404602051
3637 3654 0.4205925166606903
3638 3719 0.2596721947193146
3639 3710 0.341418594121933
3640 3711 0.5309962034225464
3642 3826 0.3188875615596771
3644 3835 0.556434154510498
3645 3902 0.4024924337863922
3650 3612 0.3803122937679291
3651 3605 0.37306416034698486
3652 3688 0.5307350158691406
3653 3899 0.2985432744026184
3657 3880 0.39823710918426514
3658 3915 0.32827988266944885
3661 3965 0.36554259061813354
3665 3690 0.35728636384010315
3666 3718 0.3005572557449341
3667 3960 0.3572560250759125
3669 3913 0.2576221525669098
3670 3901 0.45119163393974304
3671 3881 0.34217190742492676
3672 3964 0.6463335752487183
3675 3950 0.3013264238834381
3676 4017 0.32197335362434387
3678 3980 0.33438512682914734
3679 3981 0.2999633848667145
3683 3665 0.3973418176174164
3684 3653 0.28923696279525757
3685 3673 0.31214168667793274
3686 3674 0.2578015923500061
3687 3675 0.29391562938690186
3688 3815 0.6351878046989441
3692 4039 0.30481645464897156
3693 4001 0.30436331033706665
3695 3830 0.4095152020454407
3701 3638 0.4252643287181854
3702 3730 0.3777642250061035
3704 3689 0.31257185339927673
3705 3929 0.42644208669662476
3706 3930 0.3108672499656677
3707 4016 0.33619239926338196
3708 4019 0.3736025094985962
3711 3735 0.3766785264015198
3712 3762 0.30301281809806824
3713 3793 0.9456737041473389
3714 3794 0.2620207369327545
3715 3974 0.4197578430175781
3716 3995 0.4330229163169861
3720 3927 0.4683791399002075
3725 4035 0.4074524939060211
3726 3999 0.2992059588432312
3727 4037 0.6917667388916016
3728 4018 0.27587971091270447
3734 3687 0.264841228723526
3736 3996 0.3247425854206085
3737 3928 0.39558443427085876
3738 3963 0.4185171127319336
3740 4036 0.41777777671813965
3741 4062 0.3461940884590149
3742 4038 0.27115410566329956
3743 4063 0.40312933921813965
3744 3870 0.2824239134788513
3751 3818 0.31788012385368347
3752 3820 0.3854696452617645
3753 3978 0.2835017144680023
3758 3889 0.41702067852020264
3760 3778 0.33773133158683777
3761 3819 0.34111785888671875
3763 3914 0.4294024109840393
3765 3998 0.28431886434555054
3766 4083 0.3167305290699005
3770 3816 0.3399393558502197
3771 3775 0.2541198432445526
3772 3776 0.30001142621040344
3775 4082 0.393400102853775
3776 4084 0.2917724549770355
3778 3952 0.3594212830066681
3781 3761 0.3256978392601013
3783 3792 0.2617639899253845
3784 3847 0.30346566438674927
3787 3997 0.3524553179740906
3788 4033 0.39653778076171875
3791 3940 0.3502725660800934
3792 3814 0.7047469615936279
3793 3846 0.9317416548728943
3794 3898 0.3645034730434418
3795 3962 0.41658899188041687
3796 4015 0.2893577814102173
3798 4003 0.3106701672077179
3800 3967 0.2752707898616791
3803 3790 0.4429258108139038
3804 3841 0.31987810134887695
3808 3896 0.4810340404510498
3809 4058 0.2888815999031067
3810 4045 0.3105561137199402
3811 4046 0.28914564847946167
3812 4113 0.2730679214000702
3813 4114 0.27850469946861267
3814 4104 0.3717954754829407
3817 4022 0.3064963221549988
3821 3824 0.2817389965057373
3822 3897 0.43392908573150635
3823 3926 0.5012372732162476
3825 4059 0.2948162257671356
3827 4044 0.4083946943283081
3828 4034 0.29204055666923523
3830 3937 0.2691417336463928
3831 3874 0.47001683712005615
3834 3845 0.3132665753364563
3835 3945 0.45967042446136475
3836 4014 0.33710482716560364
3837 4112 0.4204469621181488
3838 4102 0.3869395852088928
3839 4103 0.3996165990829468
3841 4134 0.3999479115009308
3847 3894 0.28604641556739807
3848 4089 0.3785822093486786
3849 4090 0.3277093470096588
3854 4048 0.30353832244873047
3855 4024 0.3066650331020355
3856 3876 0.39020541310310364
3857 3891 0.3492312431335449
3858 3910 0.4003104269504547
3859 3855 0.2745382785797119
3860 3925 0.2727597653865814
3861 4013 0.7357950210571289
3862 4060 0.3858422040939331
3864 4132 0.43407559394836426
3865 4133 0.5557547807693481
3866 4154 0.5087156295776367
3867 4155 0.466787189245224
3869 3921 0.37696313858032227
3874 3944 0.3762914836406708
3876 4168 0.3780583143234253
3877 4170 0.45404526591300964
3878 4172 0.5537064075469971
3880 4023 0.3385920822620392
3881 4049 0.29820379614830017
3888 4167 0.4738577604293823
3889 4171 0.3959324061870575
3890 4182 0.49124017357826233
3892 3853 0.3792387843132019
3894 3957 0.2950558662414551
3895 3971 0.3091902434825897
3897 3972 0.49883145093917847
3898 3943 0.37070393562316895
3899 3958 0.5024548172950745
3900 3973 0.9416303038597107
3902 4214 0.4250875413417816
3903 4071 0.5411620140075684
3904 4091 0.5707530379295349
3905 4066 0.283196359872818
3906 3823 0.3560468554496765
3907 3968 0.32269391417503357
3908 3923 0.3789145052433014
3909 3989 0.2955396771430969
3910 3990 0.29561492800712585
3912 3993 0.3697742521762848
3913 4011 0.4713859558105469
3914 4123 0.32266345620155334
3915 4101 0.7449356317520142
3918 4064 0.343986451625824
3920 4085 0.2904185652732849
3922 4086 0.3033372163772583
3923 3987 0.6258001327514648
3925 3991 0.4119971692562103
3926 4031 0.4923367202281952
3927 4208 0.4905487298965454
3930 4111 0.3654857873916626
3931 4131 0.40008220076560974
3932 4181 0.38297685980796814
3933 4212 0.43144911527633667
3934 4213 0.4118651747703552
3935 4215 0.47353610396385193
3936 3907 0.31707775592803955
3938 4028 0.44144269824028015
3940 4029 0.3707474172115326
3941 3992 0.31758710741996765
3942 4100 0.39639711380004883
3943 4165 0.6725454330444336
3944 4236 0.38523149490356445
3946 4124 0.39524540305137634
3947 4007 0.4562563896179199
3949 4194 0.40441933274269104
3950 4195 0.3024659752845764
3951 4224 0.6123800277709961
3952 4235 0.4405086636543274
3954 4106 0.4217601716518402
3955 4092 0.3638699948787689
3956 4056 0.4287853240966797
3960 4223 0.5999693870544434
3961 4250 0.38475051522254944
3963 3955 0.3689556419849396
3964 4052 0.29147571325302124
3965 4043 0.3698631525039673
3966 4026 0.40342971682548523
3967 4069 0.8001937866210938
3968 4164 0.2591128647327423
3969 4211 0.6560367941856384
3970 4276 0.632306694984436
3972 4156 0.46913909912109375
3975 4073 0.31661364436149597
3977 4055 0.5005446076393127
3978 4074 0.3480193614959717
3979 4030 0.36294636130332947
3982 4180 0.46989044547080994
3983 4233 0.37859413027763367
3984 4158 0.43661442399024963
3986 4051 0.25040802359580994
3987 4110 0.48921582102775574
3989 4303 0.2941458523273468
3991 4273 0.3527946472167969
3992 4209 0.31837645173072815
3996 4105 0.2795523405075073
3998 4077 0.306255578994751
4000 4107 0.4948084056377411
4001 4097 0.2698498070240021
4002 4067 0.516072690486908
4004 4079 0.3176095187664032
4005 4098 0.49101537466049194
4006 4291 0.5459752082824707
4007 4292 0.597748875617981
4008 4308 0.4397669732570648
4010 4197 0.3707149028778076
4012 4173 0.27778875827789307
4013 3986 0.3835594952106476
4014 4006 0.5420902371406555
4016 4096 0.3057206869125366
4017 4080 0.2707749903202057
4018 4088 0.27583998441696167
4020 4302 0.36237120628356934
4022 4274 0.4287436306476593
4023 4289 0.29187461733818054
4025 4159 0.45518940687179565
4027 4230 0.4470856487751007
4028 4271 0.49150213599205017
4029 4331 0.28737473487854004
4032 4335 0.534304141998291
4033 4336 0.43440648913383484
4034 4337 0.4426179826259613
4037 4160 0.43243154883384705
4039 4200 0.33025407791137695
4040 4072 0.5158360600471497
4041 4121 0.3866909444332123
4042 4122 0.3553406298160553
4043 4129 0.40556836128234863
4047 4270 0.32104218006134033
4048 4288 0.4449745714664459
4049 4320 0.32141774892807007
4053 4126 0.3975362479686737
4054 4128 0.3171346187591553
4056 4120 0.2758871018886566
4057 4142 0.29185011982917786
4060 4352 0.3551105856895447
4063 4319 0.3278612494468689
4064 4322 0.43797603249549866
4065 4345 0.4083615839481354
4066 4357 0.3025069534778595
4069 4351 0.28297147154808044
4071 4210 0.6510035395622253
4074 4094 0.5968557000160217
4075 4125 0.5031927824020386
4076 4117 0.5492957830429077
4077 4140 0.3431447446346283
4081 4334 0.49983862042427063
4082 4387 0.29274436831474304
4083 4139 0.4457118809223175
4084 4116 0.5643677711486816
4086 4118 0.4085158407688141
4087 4152 0.3317788243293762
4088 4409 0.9574061036109924
4090 4355 0.3100879192352295
4092 4381 0.3534351587295532
4094 4438 0.4141848087310791
4096 4294 0.42868638038635254
4097 4251 0.28154346346855164
4099 4148 0.43101274967193604
4100 4149 0.2950038015842438
4101 4151 0.30175259709358215
4103 4193 0.46314314007759094
4105 4247 0.2864671051502228
4106 4427 0.37021639943122864
4107 4385 0.3038409948348999
4108 4369 0.3026849925518036
4109 4379 0.5560230612754822
4113 4278 0.9653560519218445
4115 4174 0.2860611379146576
4116 4203 0.4399687349796295
4118 4244 0.3852880895137787
4120 4445 0.45308974385261536
4122 4370 0.25392821431159973
4123 4356 0.43862518668174744
4124 4162 0.33804842829704285
4126 4330 0.48788145184516907
4127 4384 0.5469529032707214
4129 4448 0.6799957156181335
4131 4437 0.3472091555595398
4135 4296 0.339862197637558
4136 4136 0.28232210874557495
4137 4204 0.2657416760921478
4139 4219 0.34892794489860535
4141 4368 0.5625901222229004
4143 4430 0.3864443004131317
4144 4413 0.39003315567970276
4145 4436 0.4770107567310333
4150 4310 0.28904587030410767
4151 4190 0.337658554315567
4152 4191 0.3211272954940796
4154 4240 0.5039516091346741
4155 4241 0.4330633878707886
4156 4242 0.4001726508140564
4157 4490 0.4655334949493408
4158 4502 0.36018887162208557
4160 4429 0.44456058740615845
4161 4431 0.4303469657897949
4162 4476 0.4125334620475769
4163 4325 0.28085505962371826
4164 4338 0.26184138655662537
4165 4189 0.32080894708633423
4166 4243 0.305240273475647
4167 4254 0.3352229595184326
4168 4267 0.3052801787853241
4169 4268 0.397268682718277
4171 4472 0.4533291757106781
4174 4434 0.32926878333091736
4175 4435 0.5601798892021179
4176 4447 0.41329818964004517
4177 4459 0.3493494689464569
4178 4494 0.5519981384277344
4179 4477 0.37885957956314087
4182 4324 0.30929845571517944
4183 4346 0.30086010694503784
4185 4312 0.3302062153816223
4186 4175 0.327295184135437
4187 4218 0.34442007541656494
4188 4262 0.33669614791870117
4190 4265 0.29243937134742737
4191 4266 0.25293460488319397
4193 4406 0.5074949860572815
4194 4489 0.4814603924751282
4195 4460 0.34515005350112915
4198 4503 0.3605923652648926
4199 4528 0.4992983639240265
4200 4510 0.4901563823223114
4201 4532 0.46953117847442627
4202 4560 0.32925811409950256
4204 4311 0.2710191309452057
4206 4238 0.28647828102111816
4208 4239 0.28975433111190796
4209 4188 0.5612878799438477
4210 4422 0.5435988306999207
4211 4425 0.6062964200973511
4212 4407 0.3880700469017029
4214 4506 0.2789970338344574
4215 4446 0.4271226227283478
4217 4509 0.5390527248382568
4218 4519 0.5044843554496765
4219 4521 0.3138017952442169
4220 4549 0.5635604858398438
4221 4550 0.5313701033592224
4222 4361 0.3721594512462616
4223 4347 0.3682202696800232
4225 4374 0.26268628239631653
4226 4217 0.303009033203125
4227 4202 0.4091661870479584
4230 4229 0.2689569890499115
4231 4329 0.5149350762367249
4232 4350 0.45774123072624207
4233 4423 0.5682042837142944
4234 4424 0.49528807401657104
4235 4426 0.38593125343322754
4236 4545 0.3199937343597412
4237 4527 0.41814491152763367
4238 4473 0.37362104654312134
4239 4518 0.3702898323535919
4240 4548 0.4960666298866272
4246 4261 0.35843169689178467
4247 4313 0.9712364673614502
4250 4394 0.25518208742141724
4251 4260 0.39236897230148315
4254 4282 0.2727069854736328
4255 4284 0.30712074041366577
4256 4253 0.3264220654964447
4257 4314 0.32625308632850647
4259 4458 0.4287382960319519
4260 4471 0.4876321256160736
4262 4517 0.41652145981788635
4263 4547 0.33574381470680237
4264 4599 0.39734408259391785
4266 4390 0.6075344681739807
4268 4397 0.3461676836013794
4269 4398 0.36700549721717834
4272 4339 0.26200300455093384
4273 4283 0.2707473635673523
4275 4366 0.4898003041744232
4276 4367 0.3159331679344177
4279 4507 0.7212339043617249
4281 4587 0.4028295874595642
4282 4610 0.5207903981208801
4288 4391 0.25493568181991577
4290 4417 0.2641090452671051
4292 4396 0.3573422431945801
4293 4341 0.3547193109989166
4294 4543 0.49185851216316223
4295 4580 0.4813883304595947
4296 4593 0.3349206745624542
4297 4581 0.35167568922042847
4298 4606 0.39647310972213745
4299 4607 0.44543352723121643
4300 4530 0.3348347544670105
4301 4598 0.432949423789978
4302 4452 0.26265019178390503
4304 4395 0.42411893606185913
4305 4328 0.30320966243743896
4306 4383 0.5213996767997742
4307 4501 0.5590164661407471
4311 4594 0.36721521615982056
4312 4616 0.4026052951812744
4313 4617 0.4187954068183899
4314 4605 0.40511029958724976
4315 4618 0.42017799615859985
4316 4568 0.3648321330547333
4317 4582 0.3936290442943573
4318 4584 0.44292834401130676
4319 4586 0.2945995330810547
4320 4531 0.3120473325252533
4321 4609 0.5495085120201111
4323 4479 0.3279397487640381
4324 4451 0.29052549600601196
4325 4467 0.3585957884788513
4326 4340 0.4248711168766022
4327 4567 0.6437210440635681
4328 4619 0.462439626455307
4329 4625 0.3290528357028961
4330 4635 0.2747509777545929
4334 4481 0.38847845792770386
4335 4464 0.2570052444934845
4336 4465 0.27787700295448303
4337 4450 0.49747464060783386
4338 4482 0.37726452946662903
4341 4466 0.5084488391876221
4342 4483 0.40712347626686096
4343 4327 0.3427833020687103
4345 4375 0.495983362197876
4347 4405 0.5843254327774048
4348 4644 0.3392902910709381
4350 4463 0.3331475555896759
4351 4497 0.3156696557998657
4352 4420 0.5028934478759766
4353 4542 0.29691123962402344
4354 4613 0.45200130343437195
4355 4614 0.5615373849868774
4356 4643 0.32265573740005493
4358 4608 0.6122322678565979
4359 4583 0.3192697763442993
4360 4620 0.2957957088947296
4362 4622 0.36789488792419434
4367 4638 0.2680265009403229
4371 4565 0.3664647936820984
4372 4566 0.5454438328742981
4374 4659 0.30363646149635315
4376 4626 0.3705728054046631
4380 4552 0.33265864849090576
4382 4365 0.3305679261684418
4383 4404 0.2922233045101166
4384 4421 0.32957038283348083
4385 4558 0.4038308262825012
4386 4577 0.5103283524513245
4387 4578 0.40008029341697693
4388 4642 0.5980995893478394
4389 4657 0.3918420970439911
4390 4648 0.37391117215156555
4391 4649 0.4043498933315277
4392 4660 0.31754228472709656
4393 4627 0.404003381729126
4394 4628 0.34305018186569214
4397 4419 0.9543795585632324
4398 4632 0.3131488859653473
4399 4646 0.3823965787887573
4400 4661 0.38110852241516113
4405 4534 0.45000001788139343
4406 4553 0.43048325181007385
4409 4457 0.3752647340297699
4410 4470 0.38458654284477234
4411 4668 0.40081965923309326
4412 4669 0.3122307062149048
4415 4403 0.31687402725219727
4416 4442 0.4852573573589325
4417 4443 0.3239840865135193
4419 4455 0.30761465430259705
4420 4456 0.48074647784233093
4421 4469 0.2989358603954315
4422 4576 0.32578855752944946
4423 4673 0.3465055525302887
4424 4678 0.3075474798679352
4430 4603 0.43409010767936707
4432 4441 0.27126479148864746
4433 4485 0.3945569694042206
4434 4486 0.29338717460632324
4435 4514 0.290414959192276
4436 4499 0.28595858812332153
4438 4666 0.3090454936027527
4439 4667 0.38606417179107666
4445 4551 0.2522731125354767
4447 4601 0.3795568346977234
4448 4602 0.3517303764820099
4449 4588 0.25657424330711365
4450 4468 0.2839714586734772
4452 4487 0.39137452840805054
4454 4515 0.4057304561138153
4455 4652 0.3784739077091217
4456 4630 0.3480910658836365
4457 4683 0.4001077711582184
4458 4694 0.3770897090435028
4459 4684 0.34317320585250854
4460 4685 0.46658068895339966
4461 4696 0.307009756565094
4467 4704 0.3488920032978058
4471 4699 0.2535736858844757
4474 4538 0.3676174581050873
4476 4654 0.449449747800827
4477 4682 0.31786009669303894
4478 4692 0.3968631327152252
4479 4695 0.3679240047931671
4486 4562 0.6416592001914978
4488 4653 0.3643074929714203
4489 4715 0.44713127613067627
4491 4718 0.26811930537223816
4500 4647 0.3894362151622772
4501 4640 0.38256657123565674
4505 4573 0.3390580415725708
4507 4734 0.3317038416862488
4509 4709 0.5283281803131104
4512 4719 0.3596235513687134
4514 4524 0.2902214229106903
4516 4589 0.3889065980911255
4517 4590 0.41908347606658936
4518 4591 0.4248775839805603
4519 4574 0.33138322830200195
4523 4714 0.4159712791442871
4524 4758 0.40385276079177856
4525 4759 0.45003649592399597
4526 4760 0.6406686305999756
4530 4747 0.4044509530067444
4538 4663 0.3263893723487854
4539 4651 0.5682774782180786
4544 4741 0.43798816204071045
4547 4671 0.3204493522644043
4548 4629 0.3647768199443817
4549 4664 0.3961937725543976
4555 4708 0.32822948694229126
4556 4746 0.49756619334220886
4558 4761 0.25495246052742004
4560 4745 0.8856155276298523
4562 4691 0.3445511758327484
4563 4680 0.37365275621414185
4564 4676 0.42813074588775635
4565 4665 0.35597625374794006
4566 4755 0.3915974199771881
4567 4689 0.5408003926277161
4568 4690 0.3348797857761383
4569 4776 0.30437925457954407
4570 4778 0.4878581762313843
4572 4765 0.30504706501960754
4573 4756 0.354239284992218
4574 4739 0.37164729833602905
4576 4681 0.32759371399879456
4578 4788 0.3627986013889313
4580 4786 0.3490118086338043
4581 4706 0.47571101784706116
4582 4805 0.3365510404109955
4583 4789 0.26942139863967896
4584 4707 0.4242746829986572
4586 4782 0.32286012172698975
4588 4784 0.38751381635665894
4589 4796 0.3762721121311188
4590 4728 0.37488916516304016
4591 4768 0.2809520363807678
4593 4799 0.4827122986316681
4594 4785 0.2904573380947113
4595 4812 0.26908013224601746
4596 4801 0.2674940824508667
4597 4738 0.251234233379364
4598 4725 0.40647831559181213
4599 4729 0.3678552210330963
4600 4730 0.42824506759643555
4601 4744 0.4693368971347809
4604 4731 0.3770206570625305
4606 4794 0.30333372950553894
4607 4808 0.3125229477882385
4608 4809 0.34636977314949036
4609 4810 0.4276675581932068
4610 4800 0.29371529817581177
4612 4813 0.3511408269405365
4613 4751 0.36402615904808044
4614 4740 0.300717830657959
4615 4787 0.31142985820770264
4616 4804 0.3066664934158325
4617 4832 0.2757224440574646
4619 4816 0.2583356499671936
4620 4781 0.25487053394317627
4621 4772 0.25753912329673767
4622 4750 0.3890690803527832
4623 4754 0.33948349952697754
4624 4815 0.29039669036865234
4626 4749 0.39516136050224304
4628 4773 0.3063911199569702
4629 4752 0.33577072620391846
4630 4820 0.31886446475982666
4631 4833 0.2737748324871063
4632 4834 0.30889904499053955
4635 4767 0.5314521789550781
4636 4803 0.41122937202453613
4639 4824 0.41255587339401245
4640 4818 0.5511764883995056
4641 4831 0.3694661855697632
4642 4839 0.5384223461151123
4643 4835 0.3006567358970642
4644 4845 0.2560643255710602
4646 4783 0.42376434803009033
4647 4793 0.40767091512680054
4648 4854 0.3844127357006073
4650 4836 0.3301709294319153
4651 4847 0.27296143770217896
4652 4858 0.30352210998535156
4653 4863 0.2575185000896454
4654 4864 0.37906885147094727
4660 4865 0.44520506262779236
4661 4797 0.515225887298584
4666 4825 0.30417728424072266
4667 4819 0.27917245030403137
4669 4855 0.41949692368507385
4671 4802 0.590552806854248
4672 4851 0.5386282801628113
4673 4843 0.4695683717727661
4675 4838 0.3571517765522003
4676 4860 0.3888854682445526
4677 4826 0.3617745339870453
4678 4827 0.3606198728084564
4679 4874 0.3890961706638336
4682 4870 0.37964263558387756
4685 4891 0.3383806645870209
4686 4879 0.43086934089660645
4687 4842 0.3055035471916199
4689 4828 0.4364807605743408
4690 4861 0.9173479676246643
4692 4830 0.3545600175857544
4693 4888 0.5494356751441956
4695 4889 0.3600150942802429
4696 4896 0.4084184467792511
4697 4890 0.45027345418930054
4698 4903 0.4972260892391205
4699 4907 0.5125138759613037
4700 4908 0.44638311862945557
4702 4859 0.38151872158050537
4703 4871 0.3081713914871216
4704 4857 0.3659615218639374
4706 4904 0.7534134387969971
4708 4911 0.2564952075481415
4710 4868 0.4912823438644409
4712 4902 0.4514632225036621
4713 4875 0.3073185086250305
4714 4867 0.4684729278087616
4716 4866 0.3946179449558258
4718 4853 0.27001044154167175
4719 4917 0.28546348214149475
4720 4924 0.45972126722335815
4721 4925 0.521037757396698
4724 4919 0.4865571856498718
4726 4928 0.3152115046977997
4727 4916 0.30851632356643677
4729 4918 0.25926464796066284
4730 4893 0.8815236687660217
4731 4884 0.4706914722919464
4732 4876 0.39295539259910583
4733 4873 0.40753835439682007
4734 4945 0.3632403612136841
4737 4944 0.37277752161026
4739 4892 0.4236398935317993
4740 4885 0.4584708511829376
4741 4881 0.5518249869346619
4742 4951 0.32947391271591187
4744 4964 0.4009362459182739
4745 4958 0.4383755326271057
4746 4952 0.45945873856544495
4747 4959 0.3666563630104065
4748 4960 0.34036657214164734
4750 4935 0.30443036556243896
4751 4897 0.4173305928707123
4753 4940 0.384062796831131
4754 4950 0.2975756824016571
4755 4887 0.45811375975608826
4756 4922 0.4392828345298767
4757 4929 0.39990824460983276
4759 4948 0.46788981556892395
4761 4909 0.4175069332122803
4762 4910 0.3021376132965088
4763 4905 0.560638427734375
4764 4894 0.43377435207366943
4765 4899 0.41081541776657104
4766 4900 0.4624347686767578
4768 4956 0.3034876883029938
4769 4957 0.2983528673648834
4770 4912 0.44664713740348816
4775 4946 0.4041409492492676
4776 4939 0.31622830033302307
4777 4941 0.30383142828941345
4778 4969 0.30076026916503906
4780 4920 0.3813241124153137
4782 4973 0.3204514980316162
4783 4974 0.45034560561180115
4784 4901 0.35666540265083313
4786 4906 0.5201480984687805
4788 4968 0.2953247129917145
4789 4963 0.3243473470211029
4792 4983 0.5179468393325806
4793 4930 0.32160326838493347
4794 4927 0.3926006853580475
4795 4987 0.36591267585754395
4796 5001 0.37784674763679504
4797 4996 0.289690226316452
4799 5003 0.299723744392395
4800 4921 0.672618567943573
4801 4985 0.37392330169677734
4802 4986 0.2793508768081665
4804 4997 0.39357084035873413
4805 4937 0.2719501852989197
4807 5006 0.33013787865638733
4808 4938 0.46797773241996765
4809 5008 0.3348306119441986
4810 5009 0.33514049649238586
4811 5010 0.34432321786880493
4815 4953 0.3340928256511688
4816 4954 0.2754569947719574
4817 4999 0.32619211077690125
4818 4970 0.6899312138557434
4819 4955 0.5186571478843689
4820 4932 0.4117952585220337
4822 4966 0.3789145052433014
4823 4967 0.36946970224380493
4826 4976 0.34457483887672424
4827 4977 0.412580668926239
4828 4962 0.3192655146121979
4829 5017 0.3501726984977722
4830 4972 0.3319297730922699
4831 4991 0.5681290030479431
4832 5016 0.32442715764045715
4833 4980 0.3765230178833008
4834 5037 0.26496779918670654
4835 5042 0.2652016580104828
4838 4978 0.26962292194366455
4839 4989 0.33101871609687805
4843 5054 0.27724355459213257
4844 5011 0.4420497715473175
4845 4984 0.3280823826789856
4847 5056 0.3388879895210266
4849 4993 0.25008058547973633
4852 4995 0.36636555194854736
4853 5048 0.26348236203193665
4854 5055 0.26323044300079346
4855 5019 0.3982078731060028
4856 4992 0.39511048793792725
4857 5018 0.3973027765750885
4858 5004 0.3454214036464691
4859 5063 0.4076557457447052
4862 5014 0.35427746176719666
4863 5015 0.4556328356266022
4864 5020 0.37740594148635864
4866 5070 0.3410651683807373
4868 5071 0.26721563935279846
4869 5030 0.5952833294868469
4870 5025 0.4803963303565979
4872 5075 0.38157621026039124
4873 5084 0.41653934121131897
4875 5077 0.25495755672454834
4876 5026 0.45242220163345337
4878 5024 0.35637468099594116
4880 5035 0.2967371344566345
4882 5027 0.268865168094635
4883 5028 0.31043025851249695
4884 5032 0.3884132504463196
4885 5085 0.3237462639808655
4886 5029 0.508202075958252
4887 5038 0.3195524513721466
4889 5044 0.3995201885700226
4890 5049 0.26041045784950256
4896 5050 0.40754497051239014
4897 5060 0.3185969591140747
4903 5064 0.3525017201900482
4904 5073 0.42331722378730774
4905 5081 0.4637300670146942
4906 5065 0.27688711881637573
4908 5099 0.5040251016616821
4910 5089 0.9149731993675232
4911 5090 0.6274279356002808
4912 5091 0.4221891462802887
4913 5080 0.4127254784107208
4914 5074 0.3348609507083893
4916 5093 0.2955405116081238
4918 5125 0.6887997984886169
4919 5101 0.7535801529884338
4923 5115 0.3198704719543457
4924 5120 0.2871478796005249
4925 5109 0.2554416358470917
4926 5104 0.3165523409843445
4927 5116 0.3870185613632202
4928 5127 0.3104560375213623
4929 5118 0.4030686020851135
4930 5121 0.27604421973228455
4931 5108 0.2521061897277832
4932 5119 0.3673563599586487
4933 5110 0.4183579087257385
4934 5129 0.3084927797317505
4936 5130 0.36914604902267456
4938 5132 0.2738453447818756
4940 5131 0.32275208830833435
4941 5134 0.4141615033149719
4945 5135 0.30007609724998474
4946 5136 0.3511652648448944
4948 5137 0.403324693441391
4950 5138 0.6072443127632141
4952 5140 0.3410225808620453
4953 5143 0.5125789046287537
4954 5145 0.2560250163078308
4955 5144 0.26694005727767944
4956 5147 0.2841930687427521
4958 5148 0.6594969630241394
4959 5150 0.7225853800773621
4960 5160 0.5398645997047424
4961 5159 0.4570041000843048
4962 5155 0.32709890604019165
4963 5161 0.4014922082424164
4964 5157 0.29463744163513184
4965 5158 0.30613964796066284
4967 5168 0.38129356503486633
