3345
0 1 0.3700384795665741
1 2 0.38057824969291687
2 3 0.34626638889312744
4 4 0.4338260591030121
6 9 0.25446030497550964
8 13 0.2841922640800476
9 11 0.30408939719200134
10 12 0.34867215156555176
15 14 0.6367544531822205
17 15 0.2529423236846924
34 25 0.7977045178413391
38 37 0.4641278088092804
43 31 0.40679630637168884
44 39 0.283182293176651
50 44 0.3777411878108978
51 45 0.26166439056396484
52 46 0.29763558506965637
57 47 0.5340351462364197
58 48 0.3113345205783844
61 51 0.27552029490470886
62 50 0.3517723083496094
63 53 0.2670077681541443
65 54 0.487691193819046
66 55 0.5087073445320129
69 58 0.4108373820781708
70 59 0.42649781703948975
71 62 0.3961983323097229
72 63 0.33482134342193604
73 64 0.28370508551597595
74 66 0.4138176143169403
75 72 0.4371502101421356
77 69 0.3085854649543762
78 70 0.3469122648239136
79 67 0.4595752954483032
80 71 0.38723304867744446
82 65 0.3545174300670624
84 73 0.29329681396484375
86 75 0.33335447311401367
88 74 0.25752389430999756
89 79 0.3366771936416626
90 82 0.2712966203689575
91 76 0.3269217610359192
93 83 0.258085697889328
94 78 0.2919556200504303
95 81 0.41767698526382446
96 84 0.4994821846485138
97 88 0.29322466254234314
99 87 0.29923078417778015
100 89 0.38589924573898315
101 85 0.3671504259109497
102 86 0.34006449580192566
103 90 0.27679920196533203
104 91 0.5027337670326233
106 93 0.44391492009162903
107 94 0.49053001403808594
109 97 0.2542037069797516
110 92 0.3344680666923523
111 96 0.3967079818248749
112 98 0.3527374565601349
114 100 0.2950100004673004
116 102 0.2966706454753876
117 103 0.4390926659107208
119 112 0.32227563858032227
120 107 0.3280166983604431
121 109 0.3611302673816681
122 104 0.2745249271392822
125 114 0.3615465462207794
126 108 0.3496057689189911
127 115 0.5332204103469849
130 121 0.29408639669418335
131 113 0.3537200689315796
133 119 0.283111572265625
135 123 0.36018508672714233
136 130 0.6228914856910706
137 131 0.5691691040992737
139 134 0.315352201461792
140 127 0.2838233411312103
142 138 0.49162963032722473
143 129 0.701479434967041
144 132 0.517561674118042
148 135 0.28186556696891785
149 146 0.39574289321899414
150 139 0.4751673638820648
151 150 0.2534424066543579
152 143 0.5499221086502075
153 145 0.6638921499252319
154 148 0.6593963503837585
159 142 0.5822921991348267
160 144 0.43947601318359375
161 128 0.2972554564476013
162 149 0.3320225477218628
164 166 0.37016627192497253
165 136 0.3043374717235565
166 151 0.6802850365638733
167 152 0.4796419143676758
168 153 0.4442223906517029
169 154 0.4427129626274109
171 172 0.3015848696231842
172 155 0.28029903769493103
174 164 0.28766152262687683
176 163 0.42484840750694275
177 161 0.3388476073741913
179 165 0.316327840089798
181 167 0.5522092580795288
182 168 0.5293585062026978
183 159 0.5248319506645203
184 160 0.5827521681785583
185 174 0.3016798198223114
186 170 0.35438355803489685
188 179 0.3685378432273865
190 177 0.3529706299304962
191 178 0.772631049156189
192 175 0.4753473103046417
193 176 0.48934227228164673
194 182 0.45083504915237427
197 180 0.7480159997940063
198 181 0.3503473997116089
200 185 0.4913109242916107
202 183 0.2810753285884857
207 189 0.3126406967639923
208 199 0.4801357388496399
209 186 0.5377039313316345
210 198 0.2636301517486572
211 187 0.5648857951164246
212 197 0.42634570598602295
213 190 0.4155069887638092
215 193 0.4216443598270416
216 192 0.26572951674461365
218 214 0.48218411207199097
219 194 0.8777763247489929
220 195 0.3926265239715576
222 213 0.2870112657546997
223 196 0.6050043702125549
224 204 0.32679709792137146
226 201 0.25502222776412964
228 210 0.5583148002624512
230 228 0.36423662304878235
231 206 0.2558121681213379
234 227 0.32666870951652527
235 229 0.48546427488327026
236 249 0.32836630940437317
237 200 0.26501911878585815
240 219 0.28620848059654236
243 220 0.4441232681274414
244 221 0.287741094827652
248 237 0.34510889649391174
251 241 0.4516957700252533
252 242 0.4830871820449829
253 231 0.4632875919342041
254 230 0.2956586480140686
257 240 0.7020971775054932
258 247 0.5254133939743042
261 252 0.3527034819126129
262 259 0.3076316714286804
265 251 0.5078029036521912
267 263 0.3080150783061981
268 254 0.48898306488990784
269 269 0.4001985788345337
270 255 0.35304808616638184
272 264 0.46471866965293884
273 260 0.5593593716621399
275 265 0.40577882528305054
277 271 0.32214781641960144
279 279 0.4487058222293854
280 256 0.4294700026512146
282 276 0.5368974208831787
283 267 0.7923834323883057
284 282 0.3349177837371826
285 275 0.2643955647945404
287 278 0.9638997912406921
289 283 0.3686348795890808
291 272 0.3753485083580017
292 285 0.40243715047836304
294 284 0.34026628732681274
295 280 0.3273841440677643
296 300 0.4344400465488434
297 301 0.3306606113910675
299 298 0.7856316566467285
300 305 0.4742289185523987
303 341 0.3001794219017029
304 289 0.27804186940193176
305 312 0.2689882814884186
306 303 0.30850425362586975
308 313 0.39483213424682617
311 319 0.41550105810165405
312 320 0.3107632100582123
315 322 0.3711521327495575
316 309 0.306686669588089
317 310 0.5046527981758118
318 311 0.36496680974960327
319 295 0.409294992685318
320 336 0.7101808786392212
321 331 0.5921115279197693
323 302 0.2655769884586334
326 343 0.5821256041526794
331 328 0.8582362532615662
337 334 0.3826026916503906
345 365 0.4211110770702362
346 360 0.5481847524642944
348 351 0.3326132893562317
349 352 0.39253702759742737
350 337 0.38872045278549194
351 339 0.3076472282409668
352 361 0.4070233404636383
356 368 0.5042660236358643
357 353 0.27083852887153625
358 333 0.2844851016998291
360 363 0.4714376628398895
362 366 0.4111078083515167
363 367 0.3883802890777588
364 375 0.2901685833930969
366 354 0.29621773958206177
368 378 0.26092132925987244
371 381 0.4475865066051483
374 376 0.6061328053474426
375 377 0.3796846270561218
379 387 0.6215883493423462
382 382 0.40783268213272095
384 383 0.4177742004394531
386 384 0.3491166830062866
390 396 0.2784704566001892
391 370 0.43852314352989197
396 395 0.8729394674301147
398 407 0.336684912443161
399 411 0.32145851850509644
401 413 0.2998226583003998
402 417 0.4155224561691284
403 403 0.4335266351699829
404 404 0.34579384326934814
405 405 0.36956802010536194
407 419 0.36921292543411255
408 426 0.28546321392059326
412 449 0.2728963792324066
414 414 0.5648475289344788
415 415 0.6165053248405457
416 416 0.39324894547462463
417 418 0.4681491255760193
418 432 0.27246469259262085
419 398 0.26735761761665344
421 406 0.4059297740459442
422 420 0.38147687911987305
424 421 0.5012668967247009
426 409 0.3286645710468292
427 400 0.28886672854423523
429 401 0.2826192378997803
430 476 0.26692962646484375
434 424 0.4125059247016907
437 428 0.28578710556030273
438 429 0.27224522829055786
441 412 0.3525158166885376
444 446 0.2928401231765747
446 436 0.3068148195743561
447 453 0.25090286135673523
449 433 0.5112392902374268
450 435 0.3600480556488037
451 444 0.3675561249256134
452 439 0.7261555194854736
453 483 0.35016167163848877
457 445 0.3301215171813965
458 443 0.27488332986831665
459 454 0.2747226655483246
461 438 0.5066970586776733
462 440 0.41817840933799744
463 448 0.778376042842865
465 442 0.2893575131893158
466 463 0.4280523359775543
467 455 0.43806710839271545
468 456 0.4243195950984955
470 462 0.43982821702957153
471 452 0.6059525012969971
472 480 0.2864348590373993
473 464 0.37633419036865234
474 465 0.64849454164505
475 466 0.43796101212501526
477 437 0.293569952249527
479 490 0.5308529138565063
480 477 0.4118679165840149
485 472 0.35735347867012024
488 469 0.42051270604133606
489 470 0.5277827382087708
491 458 0.5423679351806641
492 474 0.32319220900535583
493 460 0.28230515122413635
494 479 0.3602847158908844
496 482 0.2684032618999481
497 475 0.45436492562294006
498 489 0.4065496623516083
499 493 0.5198500752449036
501 487 0.35219189524650574
509 486 0.2747444212436676
510 491 0.29397058486938477
511 492 0.275663286447525
513 512 0.3133879005908966
514 488 0.533142626285553
516 498 0.5277093052864075
517 511 0.4429997503757477
519 501 0.2716401517391205
520 502 0.36144793033599854
522 495 0.4063791036605835
523 506 0.3634222745895386
524 528 0.5683175921440125
525 510 0.4599975645542145
527 503 0.4102852940559387
530 517 0.5103439688682556
532 485 0.34783121943473816
533 504 0.41655561327934265
534 507 0.33408647775650024
535 508 0.2682965397834778
538 505 0.48595666885375977
539 516 0.40321239829063416
540 538 0.6725396513938904
542 509 0.3686527907848358
543 520 0.30336642265319824
544 521 0.4957587420940399
546 543 0.47299718856811523
547 529 0.8424233794212341
548 536 0.4437417984008789
549 531 0.9198139905929565
550 539 0.40320277214050293
551 545 0.4774549603462219
554 527 0.27244025468826294
555 513 0.2989219129085541
556 514 0.5662914514541626
557 557 0.2594318389892578
558 567 0.2868134379386902
559 537 0.5368703007698059
560 519 0.7672737240791321
561 532 0.419742226600647
562 533 0.3343605697154999
563 534 0.2905058264732361
565 535 0.5255065560340881
566 541 0.36811563372612
569 554 0.7424597144126892
571 522 0.27835121750831604
572 556 0.40909790992736816
574 575 0.25588417053222656
579 573 0.2744778096675873
580 550 0.4761839807033539
582 566 0.26626959443092346
583 577 0.26822593808174133
584 568 0.4851662218570709
585 561 0.4292009770870209
586 562 0.3332686424255371
587 549 0.3169915974140167
591 586 0.29036980867385864
592 587 0.293536901473999
593 588 0.3542463779449463
597 569 0.43857333064079285
602 612 0.4489198327064514
603 603 0.2988976836204529
604 560 0.6021074056625366
605 580 0.5766037106513977
606 581 0.5658514499664307
607 570 0.5052908658981323
608 591 0.3210544288158417
609 617 0.25607213377952576
611 606 0.3539454936981201
612 636 0.3013928234577179
613 564 0.26816481351852417
614 600 0.49175530672073364
616 601 0.40015050768852234
618 602 0.5798190832138062
619 589 0.4414174258708954
620 563 0.29510143399238586
621 593 0.31843870878219604
622 594 0.5002630352973938
623 584 0.4255487322807312
624 610 0.5209667086601257
625 613 0.29746758937835693
626 578 0.43228641152381897
627 605 0.7027127742767334
628 585 0.5804315209388733
630 620 0.3206755816936493
631 622 0.38321325182914734
632 604 0.6970973014831543
633 646 0.2728586494922638
634 595 0.6830303072929382
635 607 0.6826278567314148
636 608 0.46959879994392395
638 629 0.31893348693847656
639 614 0.3675617277622223
642 618 0.6431412100791931
643 597 0.29726794362068176
645 627 0.4906301200389862
646 628 0.47621849179267883
647 572 0.3078191876411438
649 650 0.3302011787891388
651 630 0.5096168518066406
652 666 0.3151589035987854
654 632 0.4010658860206604
655 633 0.38901567459106445
656 634 0.38875606656074524
660 695 0.29397591948509216
661 663 0.26125821471214294
662 673 0.3008159101009369
663 639 0.40123191475868225
664 641 0.4633706510066986
666 635 0.461664080619812
669 661 0.4481007158756256
670 662 0.3441081941127777
671 672 0.4808001220226288
672 676 0.4153999984264374
673 631 0.5081284642219543
674 658 0.499922513961792
675 659 0.4866727590560913
677 643 0.40359094738960266
682 675 0.4813176393508911
683 665 0.38126084208488464
688 657 0.9126672148704529
689 660 0.25919491052627563
690 683 0.3096679747104645
691 725 0.27065932750701904
694 654 0.4214168190956116
695 656 0.41984832286834717
696 691 0.3968457281589508
699 717 0.5606148838996887
701 710 0.5345166921615601
702 719 0.2538011074066162
705 686 0.2975952625274658
710 681 0.43292877078056335
713 716 0.3311150074005127
714 718 0.6452933549880981
715 698 0.32789313793182373
720 701 0.5116173028945923
721 678 0.38779184222221375
722 702 0.35853663086891174
724 694 0.7552651762962341
726 741 0.26248717308044434
728 744 0.2542250454425812
731 689 0.415583074092865
732 724 0.34038281440734863
733 703 0.3587073087692261
735 720 0.32135093212127686
737 667 0.4203527271747589
738 690 0.5669177174568176
741 712 0.3417274057865143
742 714 0.47971051931381226
743 715 0.4292644262313843
744 706 0.4804765284061432
746 740 0.492900013923645
748 726 0.41964617371559143
750 754 0.3692833483219147
751 734 0.2553417682647705
754 700 0.37574711441993713
756 738 0.30090802907943726
759 779 0.4028507173061371
760 781 0.2891307771205902
761 742 0.3180772364139557
763 755 0.47777608036994934
766 748 0.3263753652572632
769 745 0.429419606924057
770 746 0.2647414803504944
772 749 0.5761881470680237
773 730 0.3533508777618408
775 761 0.28267422318458557
777 775 0.5539429783821106
778 763 0.49233201146125793
779 764 0.4668779969215393
780 793 0.5180920958518982
781 777 0.4408116638660431
782 765 0.5512232184410095
783 784 0.44448935985565186
784 786 0.3925078213214874
785 753 0.5950330495834351
786 766 0.3645629286766052
787 767 0.2738518714904785
788 711 0.35162103176116943
790 736 0.3331701159477234
791 750 0.5166926980018616
792 751 0.34477829933166504
797 813 0.2949357330799103
798 782 0.3645910918712616
799 783 0.3047594726085663
801 722 0.374967098236084
803 756 0.501201868057251
804 769 0.6561025381088257
805 770 0.5527113676071167
806 757 0.6323344707489014
807 772 0.32829710841178894
808 826 0.30724847316741943
809 729 0.4537349045276642
810 804 0.3889392614364624
811 805 0.33096158504486084
812 785 0.4049886167049408
814 768 0.39711642265319824
815 758 0.3044564723968506
816 802 0.2556246519088745
817 803 0.2541162073612213
819 795 0.6023629903793335
820 815 0.27138200402259827
821 787 0.26824870705604553
825 849 0.4966147541999817
826 850 0.38613376021385193
827 809 0.661587119102478
829 810 0.3752901554107666
830 789 0.4148750305175781
832 791 0.27966195344924927
833 792 0.6284717321395874
834 799 0.38226059079170227
835 801 0.9407246708869934
836 845 0.4431425631046295
839 816 0.3078914284706116
840 808 0.4757409691810608
841 798 0.43313321471214294
842 760 0.27342885732650757
845 835 0.39510786533355713
846 814 0.32882726192474365
848 821 0.5256048440933228
849 851 0.30073732137680054
852 822 0.42881518602371216
853 797 0.3606955409049988
855 848 0.44143471121788025
856 807 0.28988754749298096
857 796 0.4087734520435333
858 824 0.5658406615257263
859 819 0.5070823431015015
862 828 0.39015331864356995
863 831 0.2929289638996124
865 836 0.4735243618488312
866 806 0.4993131160736084
869 840 0.33991989493370056
871 829 0.4354957640171051
872 830 0.5491360425949097
874 843 0.2596040964126587
875 833 0.26075389981269836
876 867 0.32557299733161926
877 875 0.3894321322441101
878 885 0.6221250891685486
879 886 0.4116303622722626
882 857 0.38189074397087097
883 860 0.2786630392074585
886 841 0.3761264383792877
887 863 0.4209247827529907
889 916 0.31776705384254456
890 876 0.5984995365142822
891 879 0.32369285821914673
893 853 0.3303038477897644
894 893 0.40139955282211304
895 838 0.5311663746833801
896 859 0.3830692768096924
900 864 0.3117784261703491
901 854 0.3776313364505768
902 888 0.3533236086368561
903 909 0.32963985204696655
904 870 0.32860249280929565
905 866 0.2730226218700409
906 847 0.3258416950702667
908 935 0.4160577654838562
910 895 0.4611430764198303
912 881 0.2791026830673218
913 897 0.346103310585022
914 898 0.40243983268737793
915 900 0.3866846561431885
916 933 0.3233436048030853
917 915 0.5084279775619507
919 951 0.4027308523654938
920 878 0.4768688380718231
922 894 0.48660266399383545
924 941 0.3634697496891022
925 882 0.4728434085845947
927 910 0.4091451168060303
930 936 0.44963881373405457
931 919 0.44400426745414734
932 920 0.43933814764022827
933 877 0.43179526925086975
937 911 0.3081631362438202
938 901 0.3074744641780853
939 912 0.35980331897735596
940 903 0.30338001251220703
941 904 0.36452192068099976
942 913 0.33892160654067993
943 914 0.3817789554595947
944 883 0.3318212330341339
945 949 0.33702221512794495
947 922 0.325373113155365
948 940 0.36436134576797485
949 927 0.2782222628593445
952 929 0.4514554738998413
954 874 0.2846628725528717
955 961 0.43472644686698914
956 950 0.2959604859352112
957 889 0.2886401116847992
958 890 0.26867371797561646
959 892 0.25864601135253906
961 943 0.4283316731452942
964 964 0.31033051013946533
965 965 0.3958519995212555
966 968 0.5337592363357544
967 953 0.4180527925491333
969 905 0.3670513331890106
971 942 0.4081953465938568
972 947 0.2944340705871582
975 992 0.33592766523361206
976 978 0.4190910756587982
977 937 0.4406019449234009
978 938 0.29036399722099304
979 954 0.3294629156589508
981 958 0.5217055678367615
982 928 0.4931237995624542
987 979 0.27870529890060425
988 980 0.3591235280036926
989 981 0.40006884932518005
991 944 0.29918885231018066
993 948 0.5182269811630249
994 972 0.28332439064979553
996 993 0.58756422996521
997 1004 0.38376328349113464
998 1005 0.49337735772132874
999 994 0.6144989728927612
1006 1024 0.28638625144958496
1007 1013 0.3097509741783142
1009 934 0.5665777325630188
1010 966 0.2824672758579254
1011 967 0.4350026249885559
1012 983 0.5025267004966736
1013 939 0.30018001794815063
1015 986 0.4032166302204132
1016 987 0.29127565026283264
1018 977 0.2910410165786743
1019 1003 0.28341764211654663
1020 1014 0.36323100328445435
1021 963 0.3596225380897522
1022 1017 0.3679429590702057
1023 1018 0.4118310213088989
1024 982 0.40117987990379333
1027 923 0.33523640036582947
1028 946 0.43856412172317505
1029 974 0.32892417907714844
1030 997 0.39804041385650635
1031 998 0.46361908316612244
1033 999 0.9682520627975464
1034 988 0.6347149014472961
1035 989 0.7096162438392639
1036 991 0.323394775390625
1041 1021 0.32989710569381714
1043 990 0.393039733171463
1046 1046 0.3915824592113495
1047 1072 0.2883869707584381
1049 1006 0.4273316264152527
1052 984 0.27020928263664246
1053 985 0.3613218069076538
1055 1031 0.40205085277557373
1059 1058 0.4591175317764282
1060 1059 0.30412420630455017
1061 1060 0.7896382808685303
1063 1015 0.3123212456703186
1064 1047 0.3263716399669647
1066 1019 0.4394818842411041
1067 1026 0.39746347069740295
1069 973 0.38363704085350037
1070 1023 0.34036073088645935
1071 1032 0.33809807896614075
1072 1033 0.32688310742378235
1074 1035 0.2954314649105072
1077 1069 0.27465614676475525
1078 1070 0.4601173400878906
1079 1150 0.4635872542858124
1080 1071 0.3703332841396332
1083 1007 0.25190240144729614
1088 1052 0.356774240732193
1090 1036 0.37819138169288635
1091 1037 0.5248830318450928
1095 1008 0.3167903423309326
1096 1020 0.30325302481651306
1097 1027 0.32954680919647217
1098 1028 0.2935749888420105
1100 1067 0.2571427822113037
1102 1112 0.2554304301738739
1103 1103 0.304261714220047
1104 1078 0.33102723956108093
1105 1062 0.3465934693813324
1106 1080 0.4242236912250519
1107 1082 0.34150978922843933
1108 1053 0.3635740876197815
1110 1055 0.4979165196418762
1111 1056 0.28895848989486694
1113 1094 0.29796302318573
1114 1095 0.6067036390304565
1115 1104 0.34764716029167175
1116 1096 0.3462914824485779
1121 1090 0.3069283664226532
1123 1097 0.5448241829872131
1125 1040 0.3984711170196533
1127 1049 0.2985045611858368
1128 1064 0.3026168644428253
1130 1084 0.4579744040966034
1131 1086 0.3327300250530243
1133 1089 0.27188560366630554
1136 1149 0.41306766867637634
1139 1114 0.36855754256248474
1140 1050 0.3874790668487549
1141 1115 0.39006587862968445
1142 1110 0.3325270116329193
1144 1087 0.32057100534439087
1148 1120 0.3625775873661041
1149 1123 0.3397951126098633
1150 1113 0.2512133717536926
1151 1121 0.62153559923172
1153 1106 0.3065492510795593
1158 1085 0.2939108610153198
1159 1068 0.36116331815719604
1165 1125 0.5687968730926514
1167 1107 0.41926974058151245
1168 1108 0.3820666968822479
1169 1117 0.2988751530647278
1170 1075 0.34165051579475403
1171 1111 0.29960915446281433
1175 1133 0.36649975180625916
1176 1122 0.452592670917511
1177 1079 0.5337444543838501
1179 1081 0.36158376932144165
1182 1126 0.34846338629722595
1183 1127 0.2803335189819336
1185 1128 0.28000620007514954
1187 1099 0.33678799867630005
1188 1118 0.2948257625102997
1189 1178 0.273909330368042
1190 1131 0.33899176120758057
1191 1134 0.6260484457015991
1192 1141 0.39189741015434265
1193 1136 0.2613162696361542
1196 1130 0.36644697189331055
1199 1151 0.4741438925266266
1200 1165 0.4675200581550598
1201 1152 0.5393710732460022
1203 1142 0.5156840682029724
1204 1154 0.39414480328559875
1205 1167 0.42292821407318115
1207 1179 0.3079739511013031
1209 1180 0.37033364176750183
1211 1143 0.5212887525558472
1212 1144 0.27338477969169617
1213 1145 0.30386823415756226
1216 1129 0.35637128353118896
1217 1147 0.3105735778808594
1218 1138 0.31616857647895813
1219 1139 0.42287054657936096
1220 1155 0.3753592371940613
1221 1175 0.4749086797237396
1222 1156 0.570774257183075
1223 1169 0.33462023735046387
1224 1135 0.49231183528900146
1226 1171 0.39792048931121826
1227 1146 0.27428993582725525
1228 1153 0.38922423124313354
1229 1159 0.4088623523712158
1230 1202 0.26960232853889465
1231 1225 0.41781285405158997
1232 1247 0.2878462076187134
1233 1181 0.8298248648643494
1234 1166 0.6368868350982666
1235 1173 0.42520958185195923
1236 1174 0.3862018883228302
1237 1168 0.3590759336948395
1239 1161 0.5468871593475342
1240 1193 0.8124106526374817
1241 1162 0.3957451581954956
1242 1177 0.25642600655555725
1243 1186 0.2970219552516937
1244 1170 0.39769628643989563
1245 1157 0.4104163944721222
1246 1158 0.5223656892776489
1248 1163 0.2820543348789215
1251 1183 0.3139299154281616
1252 1188 0.4301721751689911
1253 1194 0.44488123059272766
1255 1185 0.42978426814079285
1256 1198 0.405382364988327
1257 1199 0.4876362979412079
1258 1200 0.30488303303718567
1260 1208 0.7325064539909363
1261 1203 0.665664792060852
1262 1187 0.3272596001625061
1263 1189 0.3165765106678009
1266 1192 0.3536624014377594
1268 1224 0.36448296904563904
1269 1262 0.3928014039993286
1270 1226 0.37035658955574036
1271 1227 0.376567542552948
1272 1228 0.6167334914207458
1275 1209 0.4550834894180298
1276 1210 0.4473820924758911
1277 1217 0.31399068236351013
1278 1219 0.3431709110736847
1279 1220 0.5778500437736511
1280 1206 0.526364803314209
1282 1235 0.34499603509902954
1285 1216 0.4770466983318329
1286 1239 0.5719299912452698
1287 1218 0.6002956032752991
1288 1211 0.3692569434642792
1289 1207 0.39111632108688354
1293 1246 0.2578190267086029
1294 1248 0.3941071927547455
1295 1259 0.35882705450057983
1296 1260 0.4600164294242859
1297 1261 0.5582045912742615
1299 1263 0.4788781702518463
1300 1249 0.3930535912513733
1302 1212 0.32460418343544006
1303 1213 0.43313154578208923
1304 1214 0.6493120789527893
1306 1222 0.2520357668399811
1309 1240 0.692379891872406
1310 1230 0.264615535736084
1311 1215 0.3613927960395813
1312 1285 0.335567444562912
1314 1265 0.4644758403301239
1318 1277 0.5080247521400452
1319 1267 0.5773630738258362
1320 1268 0.3354506492614746
1321 1269 0.32395288348197937
1322 1250 0.40380191802978516
1323 1252 0.5076542496681213
1324 1253 0.4552119970321655
1325 1238 0.4677702486515045
1327 1234 0.36902883648872375
1328 1232 0.39588937163352966
1330 1286 0.2615112364292145
1331 1275 0.2547006607055664
1332 1254 0.5056042075157166
1334 1273 0.3655914068222046
1335 1299 0.8692916035652161
1336 1270 0.3086434304714203
1337 1231 0.4817368984222412
1338 1310 0.3758772313594818
1339 1264 0.5116431713104248
1340 1287 0.26632750034332275
1341 1288 0.5148624181747437
1342 1278 0.6371310353279114
1343 1280 0.2870424687862396
1344 1241 0.4706640839576721
1345 1271 0.34153714776039124
1347 1272 0.5748165845870972
1350 1258 0.5402400493621826
1356 1295 0.36015933752059937
1357 1281 0.3332749903202057
1358 1282 0.2799341082572937
1359 1243 0.3433653712272644
1360 1284 0.48620280623435974
1361 1298 0.3586987555027008
1363 1256 0.334276407957077
1364 1257 0.5700850486755371
1365 1296 0.43448105454444885
1366 1291 0.6965351104736328
1367 1297 0.42561447620391846
1371 1329 0.4132627248764038
1372 1311 0.38119828701019287
1373 1255 0.29996252059936523
1374 1302 0.43314146995544434
1375 1305 0.27502334117889404
1382 1303 0.9468649625778198
1385 1304 0.30083513259887695
1387 1345 0.39987239241600037
1388 1337 0.586173951625824
1389 1290 0.4710628390312195
1390 1328 0.3307577669620514
1392 1322 0.3489196300506592
1393 1323 0.29188936948776245
1394 1317 0.35607096552848816
1395 1306 0.4395548105239868
1396 1318 0.40259915590286255
1400 1346 0.3347606956958771
1401 1347 0.3161673843860626
1403 1348 0.4331046938896179
1409 1336 0.37550172209739685
1410 1366 0.3857656717300415
1411 1351 0.644942045211792
1414 1315 0.3233833611011505
1417 1364 0.3268457055091858
1418 1365 0.4709487557411194
1419 1349 0.39983731508255005
1420 1350 0.5920364260673523
1421 1339 0.3594062030315399
1422 1289 0.636864960193634
1423 1355 0.3289828598499298
1426 1342 0.37598368525505066
1427 1335 0.49126219749450684
1428 1367 0.33182597160339355
1429 1353 0.770173192024231
1430 1301 0.7152398228645325
1433 1405 0.47990041971206665
1436 1333 0.2629893124103546
1439 1357 0.8085991740226746
1440 1341 0.2777884900569916
1441 1359 0.4445804953575134
1442 1360 0.4679754972457886
1443 1361 0.37594497203826904
1444 1372 0.5321977138519287
1449 1386 0.3420540988445282
1451 1395 0.31503868103027344
1453 1378 0.47990545630455017
1454 1379 0.4409134089946747
1455 1389 0.2744835913181305
1456 1380 0.3770260512828827
1457 1381 0.2547706365585327
1458 1390 0.3946762681007385
1460 1383 0.5150829553604126
1461 1404 0.6722126603126526
1462 1373 0.3955429196357727
1464 1324 0.3161357045173645
1465 1362 0.4375744163990021
1466 1398 0.48213261365890503
1467 1399 0.3916545510292053
1468 1400 0.265235036611557
1469 1403 0.3113360106945038
1470 1393 0.29471221566200256
1471 1388 0.35426393151283264
1474 1370 0.35834863781929016
1475 1371 0.2992111146450043
1477 1391 0.46030473709106445
1478 1402 0.424488365650177
1479 1385 0.525928258895874
1481 1421 0.30449771881103516
1483 1406 0.3949872851371765
1486 1408 0.30560874938964844
1487 1418 0.43947264552116394
1489 1410 0.3543940484523773
1490 1436 0.359270840883255
1493 1392 0.8110489249229431
1494 1343 0.25747185945510864
1495 1384 0.3246797025203705
1497 1413 0.3929344117641449
1498 1422 0.5209612846374512
1500 1423 0.4287235736846924
1503 1425 0.2946118712425232
1504 1426 0.37982043623924255
1505 1416 0.42206475138664246
1507 1428 0.2541120648384094
1509 1411 0.509147584438324
1511 1420 0.3115667998790741
1512 1450 0.41999489068984985
1513 1434 0.468936026096344
1514 1441 0.3820178806781769
1515 1427 0.2893691062927246
1516 1429 0.4768761098384857
1517 1430 0.7651137709617615
1518 1498 0.46988147497177124
1519 1454 0.391526460647583
1521 1407 0.3281293213367462
1523 1439 0.30697256326675415
1524 1448 0.6600576043128967
1525 1449 0.5567706823348999
1526 1451 0.5424051880836487
1527 1452 0.44893524050712585
1528 1453 0.31695714592933655
1530 1443 0.4215635359287262
1531 1354 0.38224637508392334
1532 1445 0.2969375550746918
1533 1446 0.2808467447757721
1534 1447 0.4481844902038574
1535 1419 0.44454827904701233
1536 1458 0.2617392838001251
1538 1435 0.41396841406822205
1541 1431 0.549672544002533
1545 1481 0.4926988482475281
1546 1497 0.584861159324646
1547 1482 0.34222933650016785
1548 1469 0.5253376960754395
1550 1455 0.27947211265563965
1552 1459 0.32649242877960205
1553 1494 0.42714378237724304
1554 1438 0.43796977400779724
1555 1496 0.5264732241630554
1556 1464 0.38150161504745483
1557 1460 0.5402755737304688
1558 1461 0.6428946852684021
1559 1463 0.5159974098205566
1560 1480 0.410406231880188
1561 1506 0.32024651765823364
1562 1507 0.42952486872673035
1563 1510 0.552425742149353
1564 1540 0.6135830879211426
1569 1488 0.33766114711761475
1571 1444 0.28923529386520386
1573 1474 0.3938577175140381
1575 1492 0.291100412607193
1577 1489 0.43018776178359985
1578 1504 0.4154578447341919
1579 1519 0.3254677653312683
1582 1478 0.3920682370662689
1583 1479 0.4411691427230835
1586 1527 0.47936707735061646
1588 1499 0.28833168745040894
1589 1500 0.5510371923446655
1590 1501 0.3024980127811432
1591 1502 0.6058230996131897
1592 1473 0.4399372637271881
1593 1515 0.4543592929840088
1594 1490 0.5372897982597351
1595 1517 0.5051212906837463
1596 1493 0.43464434146881104
1600 1526 0.33671411871910095
1602 1509 0.537489116191864
1604 1511 0.3022620975971222
1605 1484 0.4365411400794983
1606 1485 0.38655635714530945
1607 1487 0.35412275791168213
1608 1470 0.4150325357913971
1609 1471 0.36233699321746826
1610 1531 0.37159839272499084
1611 1503 0.5929789543151855
1613 1538 0.5279826521873474
1614 1530 0.4791581928730011
1616 1523 0.36160480976104736
1617 1524 0.42578011751174927
1618 1547 0.4503692388534546
1619 1560 0.3108144700527191
1620 1548 0.49421605467796326
1621 1528 0.28383201360702515
1622 1512 0.25717368721961975
1624 1514 0.5334910154342651
1625 1516 0.5109468698501587
1626 1518 0.5574901103973389
1628 1522 0.3268029987812042
1630 1543 0.251694917678833
1631 1534 0.36505556106567383
1632 1466 0.35443729162216187
1634 1536 0.35729315876960754
1635 1571 0.46163588762283325
1636 1545 0.4403524100780487
1637 1546 0.600517749786377
1638 1572 0.5258489847183228
1640 1541 0.3040708601474762
1641 1486 0.28268179297447205
1642 1551 0.2972052991390228
1643 1532 0.6452711820602417
1644 1553 0.26666754484176636
1645 1542 0.3041987717151642
1646 1554 0.485117644071579
1647 1556 0.3270970284938812
1649 1609 0.380388468503952
1650 1604 0.3682711720466614
1651 1596 0.38588085770606995
1652 1549 0.2921411097049713
1655 1555 0.5058921575546265
1657 1559 0.4422517418861389
1658 1576 0.4563847482204437
1660 1578 0.6531570553779602
1661 1586 0.45996028184890747
1662 1579 0.35915708541870117
1663 1561 0.36334118247032166
1664 1580 0.27324220538139343
1665 1565 0.2828748822212219
1666 1552 0.3581142723560333
1667 1567 0.3194546401500702
1668 1462 0.2789134979248047
1671 1505 0.41466501355171204
1672 1562 0.7223201394081116
1674 1581 0.32930994033813477
1677 1569 0.303029865026474
1678 1588 0.4944678246974945
1679 1589 0.6513096690177917
1680 1564 0.4198779761791229
1681 1574 0.9785040020942688
1682 1558 0.3487313389778137
1683 1613 0.4531044363975525
1684 1625 0.40357786417007446
1686 1603 0.5892307758331299
1687 1632 0.3472498655319214
1688 1597 0.49804332852363586
1689 1587 0.5362158417701721
1690 1582 0.2863638401031494
1692 1599 0.42083245515823364
1693 1601 0.26659151911735535
1694 1591 0.2892424762248993
1696 1593 0.3993186950683594
1697 1611 0.6143770813941956
1698 1622 0.5490375757217407
1699 1623 0.6885141134262085
1700 1605 0.42820218205451965
1702 1751 0.2598656713962555
1706 1600 0.48432254791259766
1707 1594 0.4588890075683594
1709 1585 0.39561837911605835
1710 1631 0.891930103302002
1711 1692 0.34911200404167175
1712 1617 0.4346824884414673
1715 1583 0.4437282681465149
1716 1608 0.2936091423034668
1720 1621 0.4123010039329529
1721 1602 0.3612322211265564
1723 1633 0.3213016092777252
1724 1626 0.5078823566436768
1725 1614 0.4790426194667816
1726 1634 0.5346859693527222
1727 1563 0.5753277540206909
1730 1619 0.41100314259529114
1731 1606 0.42824384570121765
1732 1629 0.3354813754558563
1733 1620 0.4138898551464081
1734 1649 0.5463158488273621
1735 1636 0.44602906703948975
1736 1618 0.39256584644317627
1739 1615 0.4113022983074188
1740 1678 0.3650851547718048
1741 1643 0.6609325408935547
1742 1773 0.417817622423172
1743 1644 0.475970596075058
1745 1646 0.3881240785121918
1746 1655 0.3773202896118164
1747 1681 0.5614538788795471
1748 1668 0.3940846621990204
1750 1570 0.3185884654521942
1751 1669 0.4590527415275574
1752 1670 0.29187238216400146
1753 1671 0.33723023533821106
1754 1687 0.47794514894485474
1755 1672 0.3966519832611084
1757 1635 0.3810790777206421
1758 1616 0.3189748525619507
1759 1627 0.3727608025074005
1760 1653 0.4460218548774719
1761 1654 0.4537552297115326
1762 1695 0.33981746435165405
1763 1607 0.310669869184494
1764 1647 0.42130911350250244
1772 1688 0.5668166279792786
1773 1673 0.6541725397109985
1774 1729 0.275282084941864
1775 1642 0.40851545333862305
1776 1652 0.35822221636772156
1780 1713 0.4295326769351959
1781 1689 0.3543994426727295
1782 1690 0.30610549449920654
1783 1702 0.6909564137458801
1784 1650 0.35509365797042847
1785 1676 0.5175839066505432
1787 1677 0.3705572485923767
1788 1679 0.2667713165283203
1790 1682 0.967395544052124
1791 1684 0.6252262592315674
1794 1711 0.4324835240840912
1795 1714 0.4483794569969177
1796 1700 0.3672407567501068
1797 1727 0.36013665795326233
1798 1701 0.3409087657928467
1799 1716 0.6253991723060608
1801 1696 0.533749520778656
1802 1680 0.5363539457321167
1803 1709 0.450376957654953
1805 1734 0.35648074746131897
1808 1723 0.4281544089317322
1809 1724 0.5157307982444763
1810 1726 0.5002506375312805
1811 1712 0.6138254404067993
1814 1663 0.44511887431144714
1815 1664 0.36803385615348816
1816 1665 0.6158307194709778
1817 1674 0.46783939003944397
1818 1675 0.321706622838974
1819 1704 0.7564393877983093
1826 1818 0.26015952229499817
1829 1825 0.40918219089508057
1830 1693 0.32270652055740356
1831 1651 0.4296727776527405
1832 1732 0.38046684861183167
1833 1705 0.3838881254196167
1834 1719 0.318918913602829
1835 1746 0.42885279655456543
1839 1725 0.5935752987861633
1841 1739 0.33299604058265686
1843 1765 0.49851614236831665
1844 1731 0.4604650139808655
1846 1733 0.3635380268096924
1847 1708 0.3794073760509491
1849 1720 0.32306063175201416
1850 1788 0.30322468280792236
1851 1735 0.34282776713371277
1854 1763 0.4359162747859955
1855 1750 0.3861790597438812
1856 1764 0.7090520858764648
1857 1766 0.2586425542831421
1861 1707 0.5145988464355469
1866 1767 0.3168809711933136
1869 1744 0.43456727266311646
1870 1753 0.7246307730674744
1871 1757 0.5209349393844604
1874 1791 0.5929189920425415
1876 1811 0.39602115750312805
1877 1780 0.3887808918952942
1878 1781 0.4531765878200531
1879 1782 0.5610144138336182
1880 1770 0.4760972559452057
1881 1772 0.6080955862998962
1882 1756 0.4657737612724304
1883 1775 0.5174846649169922
1884 1776 0.436699777841568
1885 1745 0.3029102385044098
1887 1846 0.25898367166519165
1888 1779 0.3381170928478241
1889 1824 0.692253828048706
1891 1792 0.4361441433429718
1892 1793 0.5386539697647095
1893 1827 0.45080024003982544
1894 1783 0.6185228824615479
1895 1784 0.4847365617752075
1897 1771 0.38906463980674744
1898 1787 0.6050556898117065
1900 1799 0.30751317739486694
1901 1822 0.4658697247505188
1902 1802 0.352899968624115
1903 1794 0.5038232803344727
1904 1795 0.4595341086387634
1909 1810 0.4657488763332367
1911 1800 0.6304064393043518
1914 1796 0.40858715772628784
1915 1804 0.5243536829948425
1918 1821 0.34256860613822937
1919 1861 0.312848299741745
1920 1823 0.3483550548553467
1921 1839 0.31493356823921204
1922 1743 0.6108494997024536
1923 1803 0.5850335359573364
1924 1774 0.5283432602882385
1925 1814 0.35938048362731934
1926 1805 0.5281951427459717
1927 1836 0.27759385108947754
1928 1863 0.34815579652786255
1929 1838 0.44657644629478455
1930 1828 0.5773938894271851
1932 1786 0.48287713527679443
1933 1829 0.46325844526290894
1934 1813 0.4991774260997772
1935 1831 0.25604355335235596
1936 1833 0.37835949659347534
1938 1848 0.5143662691116333
1939 1878 0.30606842041015625
1940 1879 0.41179290413856506
1941 1862 0.49860742688179016
1944 1840 0.30075082182884216
1945 1815 0.30424895882606506
1946 1843 0.36448678374290466
1948 1807 0.39604002237319946
1950 1891 0.27433544397354126
1952 1859 0.6114591360092163
1953 1864 0.3480658233165741
1954 1850 0.5840758085250854
1955 1867 0.40826231241226196
1956 1869 0.5827621817588806
1958 1830 0.3694837987422943
1959 1852 0.40570491552352905
1960 1854 0.4482623040676117
1961 1842 0.4019373655319214
1962 1889 0.3127119839191437
1963 1834 0.30884307622909546
1966 1897 0.37879276275634766
1967 1898 0.40028905868530273
1968 1881 0.3854387700557709
1970 1812 0.6896371841430664
1971 1871 0.48785400390625
1972 1886 0.386091023683548
1973 1832 0.34329596161842346
1976 1895 0.3311437666416168
1977 1896 0.312039315700531
1978 1892 0.38295823335647583
1980 1851 0.4962085783481598
1981 1872 0.45049595832824707
1982 1855 0.36203718185424805
1983 1887 0.40734991431236267
1984 1873 0.3329662084579468
1986 1905 0.41182079911231995
1987 1929 0.43543264269828796
1989 1931 0.3978123366832733
1990 1884 0.4411464035511017
1991 1894 0.3578568398952484
1995 1922 0.31991592049598694
1996 1875 0.3267802596092224
1997 1925 0.3095073699951172
1998 1941 0.3018665909767151
2000 1930 0.38036707043647766
2001 1910 0.4372978210449219
2002 1901 0.5709593892097473
2003 1917 0.5069870352745056
2007 1937 0.30786824226379395
2008 1938 0.2962445616722107
2009 1939 0.6433877944946289
2010 1926 0.44172653555870056
2011 1950 0.28518974781036377
2012 1909 0.5195764899253845
2013 1932 0.85678631067276
2017 1903 0.4791897237300873
2018 1893 0.5352180600166321
2019 1933 0.4016668498516083
2021 1888 0.26694896817207336
2023 1920 0.3129458725452423
2025 1940 0.31591781973838806
2026 1928 0.294736385345459
2028 1951 0.5498833060264587
2029 1885 0.9341278672218323
2030 1934 0.4182545840740204
2031 1914 0.411094069480896
2032 1915 0.3772929608821869
2033 1944 0.2978820502758026
2034 1923 0.6271694898605347
2035 1924 0.5581034421920776
2036 1956 0.32190582156181335
2037 1987 0.37033364176750183
2038 2030 0.45698362588882446
2040 1907 0.39596036076545715
2041 1959 0.3236379027366638
2042 1960 0.3276230990886688
2043 1912 0.4928652048110962
2044 1913 0.4222918450832367
2047 1936 0.46948865056037903
2049 1968 0.38438084721565247
2050 1952 0.3072112500667572
2051 1942 0.5108089447021484
2052 1883 0.36029744148254395
2054 1965 0.31636402010917664
2056 1945 0.4152827560901642
2057 1948 0.25299927592277527
2059 1988 0.2778044044971466
2060 1972 0.38456159830093384
2061 1973 0.3330621123313904
2064 1961 0.46378180384635925
2065 1943 0.5387392640113831
2066 1963 0.4227503836154938
2067 1954 0.5856883525848389
2068 1977 0.3996894061565399
2069 2057 0.350335031747818
2071 1989 0.35439470410346985
2072 2001 0.30530810356140137
2073 1990 0.33571821451187134
2074 2002 0.30662789940834045
2076 1964 0.3155209720134735
2077 1976 0.27629414200782776
2083 1955 0.3333846628665924
2087 2028 0.2804490327835083
2088 2029 0.26208895444869995
2090 2032 0.4191845953464508
2091 2009 0.3828505277633667
2094 2011 0.3524445593357086
2095 2003 0.38196468353271484
2096 2052 0.4488637447357178
2098 2043 0.42396485805511475
2100 2027 0.5576453804969788
2101 1958 0.380464643239975
2104 1974 0.5855711102485657
2105 2004 0.630279004573822
2106 2014 0.40511763095855713
2107 2015 0.3407592475414276
2108 2033 0.44434696435928345
2109 2018 0.313125878572464
2111 1953 0.27365973591804504
2112 2038 0.384909063577652
2114 2044 0.46590349078178406
2116 2045 0.40488049387931824
2117 2048 0.5170639157295227
2118 2060 0.40825995802879333
2119 2036 0.37742358446121216
2120 2039 0.45530620217323303
2122 1982 0.4026210308074951
2125 2067 0.5159310102462769
2126 2068 0.4308035969734192
2127 2059 0.34636184573173523
2128 2061 0.7304220795631409
2129 2049 0.6687814593315125
2130 2062 0.4992850124835968
2131 2063 0.33975329995155334
2134 2034 0.3787945508956909
2135 2053 0.4322315752506256
2137 2041 0.3985547423362732
2138 2113 0.3409389853477478
2139 2122 0.3301278054714203
2141 2012 0.42540428042411804
2144 2064 0.3895818293094635
2145 2055 0.8933500647544861
2146 2077 0.5312641859054565
2147 2090 0.3472316563129425
2148 2091 0.34769126772880554
2149 2092 0.39743542671203613
2150 2093 0.4422239065170288
2151 2079 0.28911009430885315
2153 2047 0.47937989234924316
2154 2080 0.5558485984802246
2156 2071 0.4275248348712921
2157 2035 0.40071263909339905
2158 2037 0.47714313864707947
2160 2040 0.2908182144165039
2161 2022 0.34841787815093994
2164 2148 0.42471837997436523
2165 2123 0.3632514476776123
2166 2089 0.43954306840896606
2167 2094 0.5045632719993591
2170 2081 0.6913697123527527
2171 2097 0.35229602456092834
2174 2099 0.3423677384853363
2175 2051 0.30886310338974
2176 2085 0.4087902009487152
2177 2104 0.4005376398563385
2179 2026 0.40934690833091736
2180 2114 0.4746266007423401
2181 2108 0.3076082170009613
2182 2069 0.32420817017555237
2184 2050 0.349383145570755
2185 2101 0.2656877040863037
2186 2082 0.4599304497241974
2187 2070 0.5043963193893433
2188 2103 0.7432616353034973
2189 2105 0.3753134310245514
2191 2147 0.2830270528793335
2192 2124 0.483925461769104
2193 2125 0.4399578273296356
2194 2126 0.3376273214817047
2195 2115 0.31536513566970825
2196 2116 0.29354754090309143
2198 2109 0.45147570967674255
2199 2100 0.6346901059150696
2200 2083 0.34905141592025757
2201 2084 0.6354065537452698
2202 2072 0.506356954574585
2203 2110 0.3218385875225067
2204 2106 0.3478405177593231
2205 2111 0.3988863229751587
2210 2153 0.40200522541999817
2212 2117 0.4225395917892456
2213 2098 0.3530571758747101
2215 2073 0.3308817446231842
2217 2087 0.30359217524528503
2218 2174 0.419353723526001
2219 2139 0.4794704020023346
2220 2140 0.4555220603942871
2222 2142 0.6971052885055542
2223 2143 0.7551693916320801
2225 2146 0.3848569393157959
2227 2120 0.6751487255096436
2228 2112 0.6548529267311096
2230 2183 0.30464380979537964
2232 2149 0.47451120615005493
2233 2150 0.41767221689224243
2234 2152 0.44357722997665405
2235 2141 0.41920697689056396
2236 2133 0.59617018699646
2237 2128 0.31087377667427063
2238 2134 0.5565779805183411
2239 2130 0.5176851153373718
2241 2118 0.4266621470451355
2244 2127 0.48850297927856445
2246 2129 0.3851536214351654
2248 2135 0.44571569561958313
2249 2136 0.8334700465202332
2250 2145 0.565942108631134
2254 2159 0.32824230194091797
2255 2176 0.4576011300086975
2256 2132 0.4435996413230896
2257 2180 0.4290880262851715
2259 2138 0.6230316758155823
2260 2121 0.289890319108963
2263 2193 0.4484102427959442
2264 2175 0.6685301661491394
2266 2177 0.6074574589729309
2267 2178 0.633672833442688
2268 2151 0.40823036432266235
2269 2179 0.6398278474807739
2270 2199 0.2883369028568268
2271 2202 0.5008788704872131
2272 2165 0.4570847451686859
2274 2119 0.5676096081733704
2275 2191 0.3233731985092163
2276 2169 0.4086783528327942
2277 2211 0.2795310318470001
2278 2213 0.3575573265552521
2281 2185 0.2696455419063568
2282 2162 0.43930837512016296
2283 2186 0.3649365305900574
2284 2163 0.38003167510032654
2285 2164 0.5811992287635803
2286 2167 0.4197230339050293
2287 2168 0.3836110830307007
2288 2223 0.5723785161972046
2292 2239 0.3606814444065094
2293 2240 0.26249995827674866
2294 2226 0.32112056016921997
2297 2214 0.471090704202652
2298 2195 0.44120490550994873
2299 2196 0.3099924325942993
2300 2228 0.49725785851478577
2303 2187 0.4382350742816925
2305 2166 0.5356704592704773
2306 2156 0.6276164650917053
2307 2170 0.5385527610778809
2309 2173 0.368892639875412
2310 2254 0.25386524200439453
2311 2225 0.33739301562309265
2312 2255 0.34027570486068726
2316 2227 0.3741416037082672
2318 2217 0.6573914885520935
2323 2188 0.4702616333961487
2324 2158 0.5604406595230103
2325 2237 0.5353114604949951
2326 2190 0.5712060928344727
2327 2192 0.2961764931678772
2328 2207 0.4237578809261322
2331 2229 0.40066295862197876
2332 2230 0.3542250990867615
2334 2243 0.28622788190841675
2335 2200 0.41054362058639526
2337 2205 0.27840566635131836
2339 2182 0.9378411769866943
2340 2286 0.32453298568725586
2342 2256 0.25632941722869873
2344 2258 0.25098612904548645
2345 2259 0.39681127667427063
2346 2215 0.7638291716575623
2347 2218 0.3403919041156769
2348 2232 0.3576173484325409
2349 2247 0.5097524523735046
2350 2249 0.3591180443763733
2351 2203 0.46835723519325256
2352 2204 0.5423741340637207
2353 2224 0.33013883233070374
2354 2209 0.45454132556915283
2357 2288 0.33349597454071045
2358 2271 0.34036073088645935
2359 2260 0.2682507634162903
2361 2272 0.422970175743103
2362 2273 0.4015772342681885
2363 2262 0.6405177712440491
2364 2263 0.5280466079711914
2365 2264 0.40976521372795105
2367 2295 0.3113737404346466
2368 2265 0.37543728947639465
2369 2219 0.7288932800292969
2371 2235 0.4920414686203003
2372 2221 0.3429598808288574
2373 2236 0.4157261848449707
2375 2238 0.35268497467041016
2376 2304 0.2974596321582794
2377 2329 0.349030464887619
2379 2296 0.41727566719055176
2380 2276 0.40445366501808167
2381 2248 0.47026029229164124
2382 2266 0.3514772057533264
2384 2233 0.45244723558425903
2387 2250 0.515628457069397
2388 2328 0.3067823350429535
2390 2315 0.30501389503479004
2395 2206 0.5501634478569031
2397 2268 0.6122246980667114
2399 2269 0.3438546061515808
2400 2251 0.5909596085548401
2401 2327 0.3068791925907135
2402 2316 0.3147071897983551
2404 2331 0.29308125376701355
2405 2307 0.42503848671913147
2406 2333 0.34195366501808167
2407 2319 0.4902213513851166
2408 2292 0.3032825291156769
2409 2294 0.2604566514492035
2410 2320 0.4481114149093628
2412 2301 0.8712801933288574
2413 2279 0.4899652302265167
2414 2280 0.4404343068599701
2415 2281 0.438753217458725
2416 2282 0.45038512349128723
2417 2283 0.3670758605003357
2418 2302 0.3098292648792267
2419 2284 0.35411161184310913
2422 2345 0.44046202301979065
2423 2308 0.5341365337371826
2424 2334 0.31630247831344604
2425 2318 0.49276089668273926
2427 2311 0.6696251630783081
2428 2312 0.41403552889823914
2429 2297 0.2798324227333069
2430 2338 0.2856042683124542
2431 2267 0.49188148975372314
2432 2220 0.32779279351234436
2433 2285 0.7174006104469299
2437 2335 0.25854241847991943
2438 2274 0.3492215573787689
2439 2300 0.553749144077301
2441 2314 0.5183634161949158
2442 2303 0.39798349142074585
2445 2362 0.37997332215309143
2446 2363 0.3166145384311676
2447 2364 0.374124139547348
2448 2344 0.3047827184200287
2451 2336 0.44963881373405457
2452 2356 0.3686816394329071
2453 2348 0.4026118218898773
2455 2299 0.6269733309745789
2456 2325 0.4113709628582001
2457 2326 0.7160677313804626
2458 2351 0.32412222027778625
2459 2353 0.4210701286792755
2461 2365 0.2779843509197235
2462 2354 0.46686020493507385
2464 2337 0.40115004777908325
2465 2358 0.338045209646225
2466 2321 0.41075393557548523
2467 2339 0.33286747336387634
2468 2349 0.5134100914001465
2470 2341 0.8012880682945251
2472 2366 0.3083583414554596
2473 2355 0.47698163986206055
2474 2367 0.41763198375701904
2476 2368 0.4811519384384155
2477 2369 0.37399712204933167
2478 2357 0.37967449426651
2479 2340 0.416121244430542
2480 2399 0.3392537236213684
2481 2342 0.9778575301170349
2482 2376 0.3399743437767029
2483 2392 0.4646885097026825
2484 2379 0.2993438243865967
2485 2386 0.30905255675315857
2486 2448 0.3051876127719879
2487 2380 0.5096270442008972
2490 2359 0.7975577116012573
2492 2323 0.6681107878684998
2493 2350 0.5802776217460632
2494 2377 0.3083895146846771
2495 2385 0.5074291825294495
2496 2396 0.42004096508026123
2497 2371 0.2911170721054077
2498 2388 0.32516250014305115
2500 2372 0.6347724199295044
2501 2382 0.6906876564025879
2502 2375 0.6253103613853455
2503 2383 0.7344917058944702
2504 2421 0.6262610554695129
2506 2393 0.6914640069007874
2507 2394 0.398327499628067
2508 2395 0.4237082004547119
2509 2397 0.8713724613189697
2510 2370 0.5227648615837097
2511 2387 0.3741298317909241
2512 2381 0.3300393521785736
2513 2415 0.49458572268486023
2514 2404 0.5477708578109741
2515 2405 0.5772892832756042
2518 2389 0.6871333122253418
2519 2374 0.56546950340271
2521 2400 0.45420247316360474
2523 2384 0.3639199435710907
2526 2378 0.549588680267334
2527 2416 0.25910791754722595
2528 2426 0.30788055062294006
2529 2398 0.5554676055908203
2530 2322 0.34490424394607544
2531 2390 0.43102797865867615
2532 2401 0.5664162039756775
2533 2409 0.649457573890686
2534 2402 0.5863853096961975
2535 2412 0.4753912687301636
2536 2414 0.3176904022693634
2537 2441 0.6973811984062195
2538 2422 0.5290789008140564
2539 2417 0.2702796459197998
2540 2408 0.5546243786811829
2541 2410 0.5952640771865845
2542 2434 0.4577137529850006
2544 2456 0.5109073519706726
2546 2418 0.8774934411048889
2547 2420 0.503206729888916
2548 2430 0.5452446937561035
2549 2437 0.37679457664489746
2550 2403 0.3185754120349884
2551 2454 0.4777469038963318
2553 2424 0.28859221935272217
2554 2432 0.5434184074401855
2555 2427 0.5220863223075867
2557 2435 0.4744853973388672
2558 2436 0.45845118165016174
2560 2453 0.411792129278183
2561 2524 0.3835796117782593
2562 2444 0.56563401222229
2563 2445 0.7354856133460999
2564 2425 0.37636253237724304
2567 2478 0.3710279166698456
2568 2455 0.29770201444625854
2570 2442 0.43566733598709106
2571 2433 0.4890870749950409
2572 2443 0.48220619559288025
2573 2450 0.4285849928855896
2574 2464 0.4586973786354065
2575 2431 0.5408189296722412
2576 2467 0.5306934714317322
2577 2447 0.2718539834022522
2578 2457 0.480007529258728
2579 2459 0.6523764133453369
2580 2465 0.3644791543483734
2581 2466 0.2953125834465027
2582 2489 0.4170345962047577
2585 2477 0.7628034949302673
2586 2468 0.959400475025177
2587 2470 0.7652174234390259
2588 2471 0.6413043737411499
2589 2472 0.4526902139186859
2591 2473 0.454942911863327
2592 2504 0.3143724203109741
2594 2474 0.5024203062057495
2595 2429 0.6918769478797913
2596 2460 0.44910910725593567
2597 2461 0.4449669420719147
2598 2462 0.45034775137901306
2599 2463 0.5809232592582703
2602 2511 0.3284800052642822
2603 2519 0.4525732398033142
2605 2475 0.4465892016887665
2607 2500 0.40333008766174316
2608 2487 0.37193378806114197
2611 2479 0.31706535816192627
2612 2469 0.5712082982063293
2613 2492 0.5783765316009521
2614 2495 0.5810424089431763
2615 2476 0.48958221077919006
2617 2509 0.6401843428611755
2618 2488 0.3773307204246521
2623 2491 0.3101041913032532
2624 2508 0.5254043340682983
2625 2576 0.6265591382980347
2626 2510 0.4099770784378052
2627 2505 0.4540404975414276
2628 2494 0.6061137318611145
2629 2506 0.6479765176773071
2630 2499 0.30944862961769104
2632 2540 0.449657678604126
2634 2525 0.3814135789871216
2635 2517 0.44924232363700867
2637 2513 0.37137484550476074
2639 2514 0.3292979896068573
2640 2515 0.34144464135169983
2643 2538 0.40661945939064026
2644 2541 0.35518139600753784
2645 2542 0.3309985101222992
2646 2543 0.9089798927307129
2647 2526 0.41458433866500854
2648 2528 0.45626115798950195
2649 2512 0.6432700157165527
2650 2530 0.5955610275268555
2651 2523 0.405038446187973
2652 2621 0.28088855743408203
2653 2544 0.4668526351451874
2654 2545 0.45099329948425293
2655 2518 0.585611879825592
2657 2493 0.5899477005004883
2659 2522 0.44554781913757324
2661 2534 0.4530763328075409
2662 2549 0.3614482879638672
2666 2553 0.4091845452785492
2667 2559 0.3034364581108093
2668 2560 0.5638012886047363
2669 2561 0.41271328926086426
2671 2520 0.5065429210662842
2672 2537 0.30579474568367004
2673 2571 0.5246602892875671
2678 2558 0.3662324547767639
2680 2563 0.33688050508499146
2681 2521 0.3592091500759125
2682 2569 0.3604070544242859
2683 2556 0.4804339110851288
2684 2551 0.42987731099128723
2685 2552 0.39244982600212097
2686 2591 0.41828250885009766
2687 2578 0.32756996154785156
2689 2554 0.9750498533248901
2690 2555 0.32953864336013794
2692 2531 0.31742146611213684
2694 2547 0.3933153450489044
2695 2568 0.3897460997104645
2696 2586 0.4120946228504181
2699 2620 0.3855130076408386
2700 2600 0.5991705656051636
2701 2602 0.4297625422477722
2702 2607 0.3868440091609955
2705 2581 0.4380934238433838
2706 2597 0.38626009225845337
2708 2574 0.36157411336898804
2709 2601 0.4059382975101471
2710 2603 0.37722674012184143
2711 2611 0.5860470533370972
2712 2613 0.5582168102264404
2713 2604 0.4742695987224579
2714 2606 0.33574286103248596
2715 2595 0.39861974120140076
2717 2546 0.4966607093811035
2718 2596 0.7744768261909485
2719 2588 0.39136967062950134
2721 2612 0.7453385591506958
2723 2580 0.42164114117622375
2724 2614 0.2911073565483093
2725 2615 0.3159455358982086
2726 2654 0.3000108599662781
2727 2593 0.5215717554092407
2730 2567 0.29453182220458984
2731 2584 0.45658981800079346
2734 2572 0.5388414859771729
2737 2649 0.30992886424064636
2738 2650 0.2991446256637573
2739 2644 0.369517982006073
2740 2579 0.4981321394443512
2742 2647 0.6360334157943726
2743 2564 0.4076281487941742
2745 2629 0.5821600556373596
2746 2648 0.6235113739967346
2747 2618 0.6486881971359253
2748 2590 0.3201555013656616
2749 2631 0.42978957295417786
2750 2632 0.6577922105789185
2751 2633 0.4816840589046478
2752 2634 0.7066273093223572
2753 2635 0.4457658529281616
2754 2637 0.4264843761920929
2755 2638 0.3874746561050415
2758 2646 0.335387647151947
2761 2683 0.4061303734779358
2762 2645 0.4219975471496582
2763 2636 0.4469253718852997
2764 2623 0.3201228380203247
2766 2625 0.40164846181869507
2767 2626 0.46757757663726807
2768 2609 0.45407989621162415
2769 2641 0.4325280785560608
2770 2712 0.26080837845802307
2772 2701 0.2532136142253876
2773 2674 0.5722638964653015
2774 2653 0.4465227723121643
2775 2608 0.28187793493270874
2778 2627 0.3789643943309784
2779 2617 0.4349055886268616
2780 2663 0.4365815222263336
2781 2610 0.3644099831581116
2782 2619 0.37405598163604736
2783 2684 0.6125167012214661
2784 2670 0.5568089485168457
2785 2695 0.4559849500656128
2788 2692 0.2810790538787842
2790 2664 0.7758510708808899
2791 2666 0.3805619180202484
2794 2642 0.40183696150779724
2795 2702 0.41340896487236023
2796 2688 0.4949207305908203
2798 2599 0.47733521461486816
2799 2665 0.4256095886230469
2800 2667 0.6101758480072021
2801 2728 0.4304811954498291
2804 2713 0.5273033380508423
2806 2698 0.30074307322502136
2809 2691 0.29584649205207825
2810 2676 0.47995123267173767
2811 2658 0.4773552417755127
2812 2659 0.539153516292572
2814 2679 0.5493219494819641
2815 2680 0.4571937322616577
2816 2643 0.5065308213233948
2817 2730 0.2894505262374878
2818 2703 0.3946337401866913
2820 2696 0.37681901454925537
2821 2689 0.4901161789894104
2822 2686 0.564086377620697
2823 2640 0.4379422068595886
2825 2662 0.3674940764904022
2826 2681 0.39157724380493164
2828 2731 0.4444406032562256
2829 2723 0.3318800926208496
2830 2687 0.49960508942604065
2831 2660 0.28290292620658875
2832 2693 0.30765044689178467
2834 2705 0.48986056447029114
2835 2697 0.2900230586528778
2836 2706 0.4248066842556
2837 2656 0.3218029737472534
2838 2675 0.2722581923007965
2839 2716 0.39243558049201965
2841 2804 0.3319120407104492
2843 2775 0.34200191497802734
2845 2777 0.35108524560928345
2846 2732 0.2926062047481537
2847 2733 0.3643227815628052
2848 2734 0.2860368490219116
2849 2823 0.2530098855495453
2850 2715 0.3746475577354431
2851 2690 0.5626829862594604
2852 2707 0.8477829694747925
2853 2726 0.6736854910850525
2854 2685 0.38784581422805786
2855 2708 0.5338452458381653
2858 2709 0.3368290960788727
2859 2721 0.34524092078208923
2860 2722 0.3809235692024231
2865 2750 0.3573361039161682
2866 2751 0.3295549750328064
2867 2752 0.33760929107666016
2868 2753 0.3529346287250519
2869 2754 0.4885970950126648
2870 2755 0.3880670666694641
2871 2704 0.4241480529308319
2873 2714 0.41218504309654236
2874 2759 0.6027566194534302
2875 2735 0.8719784617424011
2876 2719 0.31591570377349854
2877 2727 0.39672160148620605
2879 2711 0.37257423996925354
2881 2783 0.3886919319629669
2882 2767 0.28819724917411804
2883 2757 0.3580678403377533
2884 2724 0.35684093832969666
2885 2699 0.31286588311195374
2886 2762 0.37048622965812683
2889 2800 0.4434490501880646
2891 2776 0.3164098858833313
2892 2785 0.4526738226413727
2893 2758 0.39144954085350037
2895 2768 0.3335147202014923
2896 2769 0.6312336325645447
2897 2736 0.6355338096618652
2898 2737 0.42328816652297974
2899 2738 0.37896400690078735
2902 2717 0.3331354856491089
2903 2761 0.3999254107475281
2904 2740 0.5088092684745789
2905 2741 0.3590858578681946
2906 2742 0.2906421720981598
2908 2765 0.29508623480796814
2911 2746 0.46392250061035156
2912 2786 0.3811477720737457
2914 2789 0.3672071397304535
2915 2791 0.5089665055274963
2916 2760 0.5451495051383972
2917 2772 0.3394385278224945
2918 2780 0.4072186350822449
2919 2743 0.4142598509788513
2920 2763 0.5339974761009216
2921 2764 0.3026203513145447
2922 2745 0.3275296688079834
2924 2812 0.40938282012939453
2925 2788 0.6247512102127075
2926 2790 0.31888696551322937
2927 2773 0.8280319571495056
2930 2808 0.3214263319969177
2931 2784 0.2791471481323242
2932 2810 0.5110418796539307
2933 2792 0.36085864901542664
2934 2770 0.3690812587738037
2935 2771 0.27403056621551514
2936 2779 0.3682866394519806
2937 2795 0.4085310399532318
2938 2796 0.8592853546142578
2941 2821 0.3377516269683838
2942 2811 0.3235277533531189
2944 2801 0.3953928053379059
2945 2802 0.48240166902542114
2947 2838 0.37577149271965027
2948 2793 0.3246239721775055
2951 2840 0.49330443143844604
2952 2822 0.43570181727409363
2954 2805 0.600827693939209
2955 2809 0.48408010601997375
2957 2797 0.2507387697696686
2958 2798 0.362752228975296
2960 2833 0.4070027470588684
2961 2851 0.4510238468647003
2962 2842 0.5121694207191467
2963 2834 0.40610674023628235
2964 2835 0.28635236620903015
2965 2813 0.6510202884674072
2966 2846 0.48833391070365906
2968 2794 0.34212130308151245
2969 2803 0.3559300899505615
2970 2817 0.4132997691631317
2972 2852 0.38853588700294495
2973 2853 0.3416035771369934
2974 2854 0.4480413496494293
2975 2841 0.45935752987861633
2977 2825 0.6557253003120422
2978 2827 0.39393773674964905
2979 2815 0.48411011695861816
2981 2829 0.3322376012802124
2982 2839 0.5916013121604919
2984 2862 0.42116570472717285
2985 2844 0.5448173880577087
2986 2814 0.3190493881702423
2989 2877 0.36910977959632874
2991 2864 0.46947744488716125
2992 2843 0.4060780704021454
2994 2884 0.34189364314079285
2996 2816 0.32242444157600403
3002 2891 0.513285756111145
3003 2876 0.4614681899547577
3004 2878 0.27508944272994995
3005 2880 0.3035641014575958
3006 2845 0.5442954897880554
3007 2856 0.4763702154159546
3008 2826 0.6470613479614258
3009 2836 0.40980470180511475
3011 2837 0.3212801516056061
3012 2847 0.36516907811164856
3013 2848 0.8956029415130615
3014 2858 0.4632920026779175
3015 2895 0.3688099980354309
3016 2860 0.5968688130378723
3018 2897 0.4165186882019043
3019 2899 0.45301932096481323
3020 2890 0.39714178442955017
3021 2900 0.44362926483154297
3022 2863 0.46145060658454895
3023 2883 0.3555596172809601
3025 2871 0.5168997049331665
3027 2907 0.32437795400619507
3028 2908 0.39457690715789795
3029 2909 0.4914477467536926
3030 2882 0.3892713487148285
3031 2936 0.3821089565753937
3032 2866 0.6249353289604187
3033 2867 0.45882120728492737
3034 2868 0.4845253527164459
3035 2857 0.3157798647880554
3036 2873 0.5547327995300293
3037 2874 0.5236361026763916
3038 2861 0.5429226756095886
3039 2906 0.25721022486686707
3041 2910 0.47929486632347107
3042 2911 0.34749269485473633
3043 2923 0.468061625957489
3044 2959 0.5102670788764954
3045 2893 0.3533303439617157
3046 2902 0.3474327325820923
3047 2886 0.34644871950149536
3050 2872 0.7692548632621765
3052 2896 0.4199977219104767
3054 2930 0.4898661673069
3055 2889 0.37287458777427673
3057 2922 0.29263243079185486
3058 2944 0.4088101089000702
3060 2933 0.5553632378578186
3062 2924 0.503930926322937
3064 2913 0.3465627431869507
3065 2892 0.3461174964904785
3066 2885 0.49691179394721985
3068 2894 0.9735473990440369
3069 2932 0.30652207136154175
3070 2912 0.34301450848579407
3072 2914 0.5105562210083008
3073 2915 0.40421226620674133
3075 2946 0.32015764713287354
3076 2903 0.49891042709350586
3077 2941 0.5573938488960266
3078 2942 0.3900219798088074
3079 2929 0.36513635516166687
3081 2945 0.6524840593338013
3082 2934 0.5121958255767822
3084 2935 0.3750193119049072
3085 2948 0.330622136592865
3086 2926 0.347359836101532
3087 2927 0.3851025700569153
3088 2939 0.4477918744087219
3090 2917 0.37373828887939453
3091 2918 0.5352113842964172
3092 2919 0.6987199783325195
3094 2967 0.33256569504737854
3095 2968 0.9836030006408691
3097 2950 0.30318304896354675
3099 2931 0.41714635491371155
3100 2956 0.3925531208515167
3101 2905 0.3864951729774475
3102 2977 0.38337188959121704
3103 2973 0.46666210889816284
3104 2952 0.5083775520324707
3105 2953 0.3841049075126648
3108 2958 0.4612460136413574
3109 2969 0.3476001024246216
3110 2978 0.4795449376106262
3111 2949 0.982672929763794
3112 3008 0.3903070092201233
3114 2979 0.29948145151138306
3115 2960 0.3297848105430603
3116 2962 0.5374014973640442
3117 2963 0.4693838953971863
3118 2964 0.43533962965011597
3119 2954 0.5201604962348938
3121 2991 0.630322277545929
3122 2971 0.3704717457294464
3123 2951 0.45052215456962585
3124 2961 0.49889710545539856
3125 2965 0.33878040313720703
3126 3002 0.593217670917511
3127 2976 0.4318043291568756
3131 3006 0.3541889488697052
3132 3007 0.4362032115459442
3133 3022 0.3469039797782898
3135 2925 0.5279670357704163
3136 2975 0.4876042306423187
3141 3021 0.6077361702919006
3142 2990 0.317615270614624
3143 3040 0.479899525642395
3145 3010 0.3636913001537323
3146 3015 0.3424111604690552
3147 2985 0.42435845732688904
3149 3003 0.515752911567688
3151 3004 0.3942684829235077
3154 2957 0.30716758966445923
3155 2984 0.33118417859077454
3156 2970 0.49152088165283203
3158 2993 0.6757581233978271
3159 2994 0.4990922212600708
3160 2986 0.4707745313644409
3161 2999 0.44269564747810364
3162 3000 0.47121021151542664
3163 3035 0.4949301481246948
3164 3005 0.43333855271339417
3166 3049 0.32004377245903015
3168 3038 0.43189534544944763
3169 3051 0.31367582082748413
3170 3082 0.2879315912723541
3171 3104 0.5299899578094482
3172 3052 0.39913442730903625
3173 2992 0.48382532596588135
3174 2996 0.6065531969070435
3175 3016 0.5286875367164612
3177 3019 0.33440715074539185
3178 3050 0.6368643641471863
3179 3027 0.34411999583244324
3181 3013 0.6812166571617126
3182 3014 0.354721337556839
3183 3043 0.3735729455947876
3184 2997 0.44725367426872253
3185 3025 0.2598312199115753
3186 3018 0.28699156641960144
3188 3080 0.3990263342857361
3189 3081 0.4587446451187134
3190 3067 0.5309562087059021
3191 3023 0.502406895160675
3192 3009 0.34506481885910034
3194 3012 0.41862091422080994
3196 3032 0.5724298357963562
3197 3033 0.4498541057109833
3198 3034 0.5205257534980774
3199 3036 0.4945645034313202
3200 3037 0.4610828459262848
3203 3069 0.5862863063812256
3204 3083 0.3780529201030731
3205 3026 0.34005671739578247
3206 3044 0.48864370584487915
3207 3045 0.40617722272872925
3208 3031 0.39759427309036255
3209 3048 0.3132859766483307
3211 3099 0.49972090125083923
3212 3100 0.30058735609054565
3214 3068 0.42859765887260437
3215 3088 0.3308908939361572
3216 3089 0.25659748911857605
3218 3058 0.43118298053741455
3219 3054 0.579681932926178
3220 3024 0.5797621011734009
3221 3055 0.6807568669319153
3222 3065 0.5794691443443298
3227 3059 0.8644742965698242
3228 3041 0.49344557523727417
3229 3042 0.3684830367565155
3230 3028 0.5131667852401733
3232 3061 0.8095389604568481
3233 3029 0.4708194136619568
3234 3062 0.470174640417099
3235 3053 0.28550243377685547
3236 3046 0.269185870885849
3237 3047 0.33436280488967896
3238 3102 0.482040673494339
3239 3057 0.3575130105018616
3240 3074 0.4717632830142975
3241 3093 0.367969274520874
3242 3078 0.3871089816093445
3243 3079 0.4078175127506256
3244 3101 0.4363197088241577
3246 3120 0.3728315532207489
3248 3142 0.5505066514015198
3249 3072 0.6045752167701721
3250 3129 0.38100603222846985
3251 3075 0.4597817659378052
3255 3118 0.26309818029403687
3256 3105 0.4127557873725891
3258 3113 0.6280786991119385
3259 3108 0.3426591157913208
3260 3085 0.528038501739502
3261 3096 0.7422812581062317
3262 3077 0.46743935346603394
3263 3097 0.33296746015548706
3264 3125 0.5339638590812683
3265 3091 0.4098246395587921
3266 3094 0.5227454304695129
3267 3109 0.5146046876907349
3270 3090 0.5359152555465698
3272 3073 0.39865586161613464
3273 3122 0.3727835714817047
3274 3114 0.6950334906578064
3275 3116 0.7332808971405029
3276 3086 0.5433402061462402
3277 3132 0.4305563271045685
3278 3139 0.5170559883117676
3279 3141 0.3373025953769684
3280 3154 0.3254714906215668
3282 3126 0.29413041472435
3285 3124 0.41065874695777893
3286 3137 0.5539498925209045
3287 3149 0.5724489092826843
3289 3150 0.45194441080093384
3290 3140 0.33881625533103943
3292 3112 0.3306218385696411
3293 3130 0.5276972055435181
3294 3123 0.550736665725708
3297 3159 0.5683598518371582
3298 3160 0.41403472423553467
3299 3151 0.3456355929374695
3302 3136 0.6907140016555786
3303 3115 0.31642013788223267
3304 3158 0.533589243888855
3305 3176 0.3590245544910431
3306 3165 0.37070393562316895
3307 3161 0.3691115379333496
3310 3121 0.4435332417488098
3311 3138 0.5493607521057129
3312 3171 0.47041189670562744
3313 3172 0.31323549151420593
3314 3173 0.595893919467926
3315 3133 0.3022191524505615
3316 3178 0.5848790407180786
3317 3162 0.4321751296520233
3319 3156 0.9178651571273804
3320 3146 0.6213589906692505
3321 3147 0.5149832367897034
3324 3144 0.41298890113830566
3325 3155 0.5193896889686584
3326 3197 0.5275517702102661
3327 3183 0.3608001470565796
3328 3167 0.32151922583580017
3330 3168 0.40575212240219116
3332 3169 0.4468614459037781
3333 3145 0.39975038170814514
3334 3157 0.3460795283317566
3336 3199 0.5702394247055054
3337 3200 0.43199586868286133
3338 3201 0.4671323001384735
3339 3230 0.4531083106994629
3340 3170 0.5210034847259521
3343 3203 0.4975965619087219
3345 3143 0.43507274985313416
3346 3166 0.40160632133483887
3348 3202 0.42340120673179626
3349 3210 0.40937539935112
3350 3185 0.5567935109138489
3352 3188 0.39775505661964417
3353 3189 0.47361060976982117
3354 3190 0.4199368357658386
3355 3192 0.5502316355705261
3356 3193 0.5502400398254395
3357 3194 0.3882003426551819
3358 3195 0.5160486102104187
3359 3179 0.6235809326171875
3360 3196 0.5142377614974976
3362 3180 0.35552603006362915
3363 3181 0.32194143533706665
3364 3182 0.4080754518508911
3367 3219 0.46359431743621826
3369 3184 0.9777073860168457
3370 3163 0.4814479947090149
3371 3186 0.49342581629753113
3372 3206 0.31196165084838867
3373 3218 0.6589927673339844
3374 3207 0.27199140191078186
3375 3225 0.31201013922691345
3376 3205 0.3889707624912262
3377 3211 0.5825526714324951
3378 3212 0.6358641982078552
3379 3215 0.9459118247032166
3382 3164 0.4741407334804535
3384 3234 0.43494123220443726
3385 3222 0.4042346179485321
3386 3223 0.48181775212287903
3387 3216 0.3354077935218811
3389 3238 0.4974409341812134
3390 3229 0.4100900888442993
3391 3237 0.288038432598114
3392 3214 0.3382802903652191
3393 3227 0.547332227230072
3396 3279 0.38533952832221985
3397 3243 0.47912850975990295
3399 3241 0.40388163924217224
3400 3231 0.3169846534729004
3402 3233 0.43773552775382996
3403 3264 0.4734087586402893
3404 3253 0.40096110105514526
3405 3254 0.5529691576957703
3406 3244 0.46189263463020325
3407 3240 0.4480516016483307
3408 3228 0.2803153395652771
3409 3263 0.5839582681655884
3412 3259 0.310207724571228
3414 3260 0.3299899399280548
3415 3248 0.6711474061012268
3417 3249 0.36380821466445923
3418 3232 0.6411099433898926
3419 3276 0.7053359746932983
3420 3277 0.7295171022415161
3421 3268 0.4661194682121277
3422 3245 0.572893500328064
3423 3257 0.7249563336372375
3424 3258 0.615440845489502
3425 3272 0.310570627450943
3426 3247 0.36169207096099854
3428 3267 0.5137152075767517
3429 3262 0.6238635182380676
3430 3273 0.7325693368911743
3431 3250 0.4503657817840576
3432 3252 0.4148663282394409
3433 3278 0.7060399055480957
3435 3280 0.38796383142471313
3436 3269 0.3725031614303589
3437 3284 0.3650158941745758
3438 3251 0.7992953062057495
3439 3242 0.5314121246337891
3441 3296 0.42061981558799744
3442 3293 0.5761749744415283
3445 3256 0.5640024542808533
3446 3300 0.44713255763053894
3447 3271 0.45584017038345337
3448 3283 0.3814375698566437
3449 3295 0.7134400010108948
3450 3301 0.520550549030304
3452 3298 0.44002875685691833
3453 3282 0.3929857611656189
3454 3294 0.38047081232070923
3455 3286 0.37012672424316406
3456 3287 0.6458345055580139
3457 3288 0.4891374707221985
3458 3289 0.5023431777954102
3459 3290 0.35576412081718445
3462 3340 0.30004405975341797
3463 3307 0.6544471383094788
3464 3308 0.5879537463188171
3466 3285 0.36518022418022156
3467 3318 0.6085039973258972
3468 3292 0.5189020037651062
3469 3299 0.4231134057044983
3471 3297 0.3841627836227417
3475 3309 0.2655602693557739
3476 3310 0.32948899269104004
3477 3303 0.5772342085838318
3479 3304 0.34726810455322266
3480 3306 0.49894800782203674
3482 3315 0.5057517886161804
3483 3356 0.4959346652030945
3484 3305 0.27709344029426575
3485 3311 0.3388088345527649
3487 3358 0.2982407808303833
3488 3359 0.26760736107826233
3489 3313 0.38690894842147827
3491 3317 0.5171339511871338
3492 3329 0.5044429898262024
3493 3319 0.32204121351242065
3494 3320 0.29348596930503845
3495 3322 0.4105815887451172
3496 3323 0.46512478590011597
3497 3324 0.31516310572624207
3499 3332 0.25571656227111816
3500 3333 0.29815375804901123
3501 3334 0.40794625878334045
3504 3270 0.5736616253852844
3507 3326 0.294149786233902
3508 3327 0.3998449444770813
3510 3350 0.705467164516449
3511 3330 0.7245955467224121
3512 3344 0.5118471384048462
3513 3345 0.38120993971824646
3514 3381 0.357101708650589
3516 3349 0.39400309324264526
3517 3351 0.43493834137916565
3518 3352 0.4234379529953003
3519 3337 0.575147271156311
3520 3338 0.30647850036621094
3522 3367 0.31477171182632446
3525 3368 0.36668187379837036
3526 3379 0.2992345094680786
3529 3362 0.503462553024292
3530 3354 0.2754049599170685
3532 3380 0.27953341603279114
3536 3361 0.3150717318058014
3537 3336 0.3884173333644867
3538 3371 0.5625380873680115
3540 3348 0.3349452614784241
3541 3372 0.34043604135513306
3542 3357 0.262525737285614
3544 3342 0.33832353353500366
3545 3370 0.5324997901916504
3546 3425 0.4653981328010559
3548 3396 0.41011473536491394
3549 3382 0.3453364074230194
3550 3383 0.3554782271385193
3552 3373 0.47498568892478943
3553 3374 0.3652369976043701
3554 3364 0.4251292943954468
3556 3378 0.3835807144641876
3557 3389 0.3830247223377228
3559 3412 0.4167681932449341
3560 3369 0.282683402299881
3561 3404 0.48234277963638306
3564 3384 0.3569849133491516
3565 3398 0.3261662721633911
3566 3375 0.3431594669818878
3567 3377 0.4677974581718445
3568 3420 0.37914079427719116
3569 3392 0.26712825894355774
3570 3411 0.33015111088752747
3571 3423 0.2712821364402771
3573 3450 0.37293076515197754
3574 3405 0.31734609603881836
3576 3428 0.5009065866470337
3577 3415 0.3298656642436981
3578 3416 0.3377932012081146
3579 3397 0.47387582063674927
3580 3385 0.3118123412132263
3581 3386 0.5796288847923279
3582 3387 0.45376259088516235
3584 3400 0.434268981218338
3586 3366 0.41168180108070374
3588 3406 0.3962137997150421
3590 3408 0.4141547679901123
3591 3417 0.6183612942695618
3592 3401 0.414338082075119
3593 3402 0.3587127923965454
3596 3421 0.28410986065864563
3597 3422 0.36915236711502075
3599 3413 0.32504311203956604
3600 3426 0.5550810098648071
3602 3427 0.27873268723487854
3603 3436 0.35667935013771057
3605 3409 0.2743302285671234
3607 3448 0.3429844081401825
3608 3414 0.3931184411048889
3609 3437 0.38893330097198486
3610 3438 0.34887072443962097
3611 3439 0.4689883589744568
3613 3429 0.5037339329719543
3614 3399 0.38755002617836
3615 3418 0.6157138347625732
3616 3442 0.6415956020355225
3617 3451 0.38174107670783997
3618 3419 0.2732429802417755
3619 3434 0.3307085633277893
3620 3441 0.28165653347969055
3621 3469 0.34424078464508057
3622 3431 0.30812376737594604
3624 3444 0.5189876556396484
3626 3433 0.28229814767837524
3627 3452 0.3637995421886444
3629 3454 0.3871097266674042
3632 3430 0.27298957109451294
3634 3445 0.37902870774269104
3636 3486 0.9808041453361511
3639 3456 0.4012617766857147
3640 3478 0.4048449695110321
3642 3467 0.30087044835090637
3643 3461 0.7926139235496521
3644 3464 0.2708289623260498
3646 3447 0.2838098108768463
3647 3479 0.525042712688446
3648 3458 0.2897399663925171
3649 3466 0.4747266471385956
3650 3468 0.2801739573478699
3653 3490 0.488221675157547
3654 3459 0.49379536509513855
3659 3510 0.3071008324623108
3660 3477 0.44476327300071716
3661 3498 0.2714664041996002
3663 3501 0.4208027720451355
3664 3503 0.4987853169441223
3666 3489 0.3125763237476349
3667 3483 0.5716464519500732
3668 3506 0.36794188618659973
3669 3463 0.37331438064575195
3671 3474 0.3345232307910919
3672 3475 0.583648145198822
3673 3476 0.3872596323490143
3674 3495 0.29498806595802307
3677 3509 0.345600962638855
3678 3512 0.839641809463501
3679 3488 0.29235488176345825
3681 3513 0.4382714331150055
3682 3497 0.27069520950317383
3683 3530 0.3892824947834015
3684 3482 0.2927245497703552
3685 3496 0.2861885726451874
3687 3508 0.32216501235961914
3688 3516 0.45885181427001953
3689 3528 0.2733634114265442
3690 3499 0.30731555819511414
3692 3502 0.33178389072418213
3693 3582 0.4488222301006317
3695 3492 0.4754665493965149
3696 3505 0.4480302333831787
3698 3484 0.5695492029190063
3699 3511 0.32771527767181396
3701 3465 0.3082548677921295
3703 3532 0.42846524715423584
3706 3546 0.5311582684516907
3707 3520 0.371648371219635
3710 3524 0.36090371012687683
3711 3550 0.36861905455589294
3713 3526 0.420195609331131
3714 3480 0.25311028957366943
3715 3544 0.4036005735397339
3716 3557 0.5928268432617188
3717 3529 0.3751867413520813
3718 3521 0.5150662064552307
3722 3527 0.3603067100048065
3723 3555 0.4419153034687042
3724 3540 0.3175973892211914
3728 3545 0.5197449922561646
3729 3533 0.3168453276157379
3730 3583 0.3776125907897949
3731 3534 0.8008686900138855
3732 3548 0.4936564564704895
3733 3507 0.3208104968070984
3735 3536 0.2972390055656433
3737 3538 0.28154319524765015
3739 3564 0.5306322574615479
3740 3554 0.37619853019714355
3741 3531 0.362457275390625
3743 3567 0.46153420209884644
3747 3614 0.38933560252189636
3748 3559 0.5855342149734497
3749 3547 0.4780978560447693
3750 3522 0.43200451135635376
3752 3535 0.3149575889110565
3755 3592 0.32040107250213623
3756 3701 0.5904762148857117
3758 3553 0.2760584354400635
3759 3574 0.38944512605667114
3760 3542 0.28054773807525635
3761 3556 0.28144198656082153
3765 3560 0.4109972417354584
3767 3569 0.45802026987075806
3769 3551 0.9730805158615112
3772 3606 0.5492963194847107
3773 3608 0.40153396129608154
3775 3578 0.3489202857017517
3777 3610 0.40876761078834534
3778 3581 0.6941173672676086
3779 3584 0.3713291585445404
3781 3600 0.38528624176979065
3782 3561 0.45581409335136414
3783 3601 0.292361855506897
3784 3623 0.5604801774024963
3785 3605 0.42771202325820923
3786 3607 0.3915361762046814
3787 3624 0.27187472581863403
3789 3626 0.37948480248451233
3790 3573 0.27099692821502686
3791 3576 0.25215139985084534
3793 3579 0.35642939805984497
3794 3685 0.45225784182548523
3795 3585 0.5153959393501282
3796 3615 0.5952135324478149
3797 3570 0.5209383964538574
3798 3588 0.700566828250885
3800 3642 0.3411116898059845
3801 3625 0.5319830775260925
3802 3594 0.3536573350429535
3803 3595 0.2966618835926056
3804 3630 0.3336741328239441
3805 3575 0.3110448718070984
3806 3611 0.42951342463493347
3807 3612 0.3996916711330414
3808 3613 0.5767928957939148
3809 3598 0.2875499129295349
3810 3602 0.5606897473335266
3811 3619 0.36672210693359375
3812 3603 0.33258917927742004
3813 3589 0.426043301820755
3816 3667 0.7345631718635559
3819 3627 0.312034547328949
3820 3628 0.265964537858963
3821 3609 0.4107116162776947
3822 3704 0.33595553040504456
3824 3635 0.44787898659706116
3825 3616 0.4723368287086487
3826 3637 0.7404719591140747
3827 3638 0.5082859396934509
3828 3618 0.38623207807540894
3830 3640 0.4956410229206085
3831 3620 0.623441219329834
3832 3621 0.36297300457954407
3833 3666 0.3761289417743683
3834 3645 0.2524755299091339
3835 3631 0.28505271673202515
3836 3596 0.3331822156906128
3838 3632 0.3374789357185364
3839 3647 0.35144034028053284
3840 3682 0.2685525417327881
3841 3657 0.46568670868873596
3843 3664 0.3315564692020416
3846 3649 0.47674834728240967
3847 3639 0.5950625538825989
3848 3668 0.44073641300201416
3849 3669 0.3054732382297516
3850 3646 0.31262192130088806
3851 3675 0.4259425699710846
3852 3656 0.45894855260849
3853 3680 0.26566845178604126
3855 3658 0.32479462027549744
3856 3648 0.5465508699417114
3857 3743 0.5314987897872925
3858 3650 0.3911890685558319
3859 3651 0.6036683917045593
3863 3700 0.9812448024749756
3865 3676 0.3735622465610504
3866 3654 0.3480263352394104
3867 3684 0.3532845079898834
3868 3661 0.278341680765152
3869 3617 0.5952805280685425
3871 3691 0.41509705781936646
3872 3692 0.3668525815010071
3875 3672 0.31541386246681213
3876 3694 0.2897849977016449
3877 3696 0.3571810722351074
3878 3674 0.2877133786678314
3880 3677 0.4477534294128418
3882 3678 0.31963902711868286
3883 3679 0.2823143005371094
3886 3597 0.5519712567329407
3887 3706 0.4109290540218353
3888 3707 0.40458521246910095
3889 3636 0.497173935174942
3890 3719 0.2507267892360687
3892 3751 0.49145105481147766
3893 3739 0.4970155954360962
3894 3708 0.5415709018707275
3897 3662 0.5465639233589172
3898 3734 0.3460082411766052
3901 3688 0.38210785388946533
3905 3723 0.810714066028595
3906 3724 0.40616482496261597
3908 3703 0.3287670612335205
3911 3712 0.3653864562511444
3912 3660 0.3004649877548218
3914 3698 0.3546546995639801
3915 3746 0.4411628246307373
3916 3714 0.4761885106563568
3917 3720 0.3691224455833435
3920 3730 0.27954408526420593
3924 3731 0.34285688400268555
3925 3744 0.34951043128967285
3926 3686 0.34283071756362915
3927 3713 0.40537965297698975
3928 3699 0.33664125204086304
3930 3693 0.2740679383277893
3932 3727 0.29495176672935486
3933 3770 0.3545421063899994
3935 3745 0.4487939774990082
3936 3735 0.4287644624710083
3937 3748 0.3633280098438263
3941 3740 0.40935707092285156
3942 3721 0.508682131767273
3943 3709 0.3439723551273346
3944 3742 0.3012833297252655
3945 3753 0.445901483297348
3946 3754 0.6122608780860901
3947 3732 0.3286379277706146
3949 3747 0.3942978084087372
3950 3758 0.4237409234046936
3951 3749 0.7749525904655457
3953 3790 0.3201677203178406
3954 3764 0.41826215386390686
3955 3765 0.617155909538269
3956 3767 0.3169904053211212
3957 3752 0.4410168528556824
3960 3755 0.4481494426727295
3961 3756 0.49392062425613403
3962 3715 0.4332224428653717
3963 3750 0.4309441149234772
3966 3796 0.3040163516998291
3967 3768 0.26542532444000244
3968 3783 0.43566274642944336
3969 3757 0.5239267945289612
3970 3776 0.5339587926864624
3972 3798 0.2976747453212738
3973 3791 0.4908800423145294
3974 3793 0.9085933566093445
3975 3806 0.4082004129886627
3976 3774 0.454126238822937
3977 3775 0.325116902589798
3979 3786 0.6914785504341125
3980 3818 0.25261086225509644
3981 3819 0.302627831697464
3983 3832 0.2819252610206604
3984 3799 0.4032400846481323
3986 3781 0.6455820202827454
3987 3769 0.45111891627311707
3988 3801 0.29640424251556396
3989 3802 0.31963902711868286
3990 3803 0.35446569323539734
3991 3804 0.4156052768230438
3992 3846 0.46393176913261414
3993 3805 0.351046085357666
3994 3847 0.3761594295501709
3995 3771 0.33289697766304016
3997 3785 0.44673916697502136
3998 3773 0.4694899916648865
3999 3807 0.5431489944458008
4000 3737 0.47624847292900085
4002 3763 0.2641904056072235
4003 3831 0.2837957441806793
4004 3811 0.3410388231277466
4006 3779 0.2759060263633728
4007 3780 0.5743831396102905
4009 3792 0.3336668014526367
4010 3825 0.4030778408050537
4014 3820 0.4098375141620636
4015 3833 0.43746882677078247
4017 3834 0.3906663656234741
4019 3836 0.2560276985168457
4020 3852 0.48672613501548767
4021 3821 0.48931801319122314
4023 3813 0.4296903908252716
4025 3814 0.44622138142585754
4026 3815 0.4295240640640259
4027 3808 0.398167222738266
4028 3817 0.313090056180954
4029 3862 0.2933516502380371
4030 3874 0.2875169813632965
4032 3851 0.560340166091919
4033 3838 0.5639099478721619
4034 3841 0.3493638038635254
4039 3826 0.5454584360122681
4042 3863 0.45465144515037537
4043 3875 0.3565123677253723
4045 3853 0.31416231393814087
4047 3854 0.2651887536048889
4048 3856 0.2714405059814453
4049 3857 0.36297959089279175
4050 3859 0.35829055309295654
4052 3843 0.422465056180954
4053 3903 0.3613162934780121
4054 3869 0.3616596460342407
4055 3848 0.45515814423561096
4056 3795 0.3266007900238037
4058 3816 0.45402663946151733
4059 3809 0.29686564207077026
4060 3900 0.35878393054008484
4061 3888 0.3513890504837036
4062 3889 0.3176652491092682
4063 3876 0.2869376540184021
4065 3891 0.4091474711894989
4066 3877 0.3306877315044403
4067 3878 0.36033934354782104
4069 3870 0.41940852999687195
4070 3849 0.5721061825752258
4071 3828 0.4313960373401642
4074 3881 0.29335835576057434
4075 3896 0.40737321972846985
4077 3872 0.8983968496322632
4078 3887 0.4953485131263733
4079 3893 0.31812000274658203
4080 3865 0.6329408288002014
4082 3879 0.39805713295936584
4083 3895 0.6695063710212708
4086 3904 0.5235317349433899
4087 3906 0.3191492259502411
4088 3946 0.280390202999115
4090 3885 0.39308133721351624
4091 3890 0.3124207556247711
4092 3892 0.30290937423706055
4094 3824 0.29799172282218933
4095 3902 0.27524349093437195
4096 3915 0.2790476083755493
4097 3897 0.41631177067756653
4098 3905 0.36016207933425903
4099 3871 0.3443015217781067
4100 3883 0.4651833474636078
4102 3899 0.5024859309196472
4103 3933 0.5252906084060669
4104 3873 0.3528945744037628
4108 3928 0.25537392497062683
4109 3932 0.46109074354171753
4111 3898 0.37158671021461487
4112 3908 0.394552081823349
4113 3921 0.5618293285369873
4114 3937 0.47061067819595337
4115 3923 0.2607230842113495
4116 3912 0.4813121259212494
4117 3958 0.419616162776947
4118 3901 0.3432098627090454
4119 3943 0.3905821740627289
4120 3930 0.40889352560043335
4121 3931 0.32067742943763733
4122 3944 0.32689183950424194
4123 3945 0.419294536113739
4125 3882 0.36215734481811523
4126 3917 0.29206839203834534
4128 3918 0.32570531964302063
4129 3920 0.5152961611747742
4130 3936 0.4847398102283478
4131 3913 0.31183314323425293
4132 3914 0.2734520733356476
4134 3926 0.4104430079460144
4135 3940 0.4640844464302063
4137 3941 0.2508358657360077
4138 3927 0.48072630167007446
4142 3934 0.5408457517623901
4143 3919 0.3259054124355316
4144 3924 0.3848833739757538
4145 3959 0.3715360164642334
4147 3965 0.5094268321990967
4148 3966 0.36519694328308105
4149 3956 0.33959588408470154
4150 3978 0.29002636671066284
4151 3951 0.5261961221694946
4155 3960 0.6474922299385071
4156 3961 0.34904611110687256
4157 3969 0.38382405042648315
4159 3972 0.4458542764186859
4160 3955 0.36864015460014343
4161 3988 0.5693808794021606
4162 3911 0.3183470070362091
4163 3967 0.38882502913475037
4166 3954 0.29370325803756714
4167 3947 0.34925687313079834
4169 3962 0.47216251492500305
4170 3948 0.3163715600967407
4171 3979 0.8435134887695312
4174 3992 0.4039902985095978
4175 3968 0.46647435426712036
4176 3970 0.4789101481437683
4178 3974 0.5773972272872925
4179 3963 0.33066031336784363
4180 4005 0.38820773363113403
4181 4030 0.4361794888973236
4182 3938 0.4272623360157013
4183 4031 0.38075685501098633
4184 3977 0.29917657375335693
4186 3989 0.5448938012123108
4188 3991 0.2734134793281555
4189 3993 0.36000341176986694
4190 3994 0.9500189423561096
4191 3995 0.5237100124359131
4192 3981 0.41514694690704346
4194 3983 0.3834267258644104
4195 3975 0.5415709018707275
4197 4029 0.5772160887718201
4198 4016 0.39453816413879395
4199 4006 0.29116761684417725
4202 3982 0.7779768109321594
4204 3996 0.31876930594444275
4205 3997 0.27512121200561523
4206 3998 0.3007920980453491
4207 3999 0.56529700756073
4208 3985 0.4203070402145386
4209 4003 0.3246605098247528
4210 3986 0.36777982115745544
4212 4015 0.3949044346809387
4214 4046 0.3499450385570526
4217 4019 0.6177247166633606
4218 4020 0.6322283148765564
4219 4021 0.6494675278663635
4220 4012 0.4909493327140808
4221 4001 0.652034342288971
4222 4013 0.6265567541122437
4223 4014 0.5781614780426025
4224 4002 0.3588010370731354
4227 4047 0.2801704704761505
4230 4018 0.39062315225601196
4232 4034 0.3755647540092468
4234 4025 0.640754222869873
4235 4026 0.3518155813217163
4236 4028 0.44969239830970764
4237 4065 0.35031765699386597
4240 4033 0.5377788543701172
4242 4051 0.4870460629463196
4243 4153 0.3438850939273834
4244 4010 0.48002859950065613
4245 4024 0.4117693603038788
4246 4036 0.6530013680458069
4247 4037 0.28334683179855347
4249 4038 0.7306784987449646
4250 4039 0.5521602630615234
4251 4064 0.32755404710769653
4252 4074 0.43590047955513
4254 4075 0.3309142589569092
4256 4056 0.3513320982456207
4258 4048 0.3178558647632599
4259 4061 0.6739405989646912
4260 4087 0.4432287812232971
4263 4053 0.7626747488975525
4264 4041 0.2541498839855194
4265 4032 0.29959142208099365
4266 4076 0.36429741978645325
4268 4049 0.3274203836917877
4269 4068 0.7616367936134338
4270 4027 0.3626062870025635
4271 4104 0.30249452590942383
4273 4105 0.32702624797821045
4274 4078 0.3113487958908081
4275 4079 0.316973477602005
4276 4080 0.2744181454181671
4277 4081 0.3148824870586395
4278 4067 0.5422893166542053
4279 4154 0.3600133955478668
4280 4111 0.2860398590564728
4281 4083 0.7570875287055969
4282 4062 0.3573255240917206
4283 4069 0.5066177845001221
4284 4070 0.5657273530960083
4287 4167 0.38633081316947937
4289 4091 0.2985239326953888
4290 4129 0.3314666748046875
4291 4077 0.31815943121910095
4293 4095 0.35016000270843506
4294 4097 0.3740934431552887
4295 4082 0.6671621203422546
4297 4084 0.4598444998264313
4298 4085 0.42548826336860657
4299 4086 0.6038209795951843
4301 4063 0.4961901307106018
4302 4088 0.3280501663684845
4303 4071 0.3502505123615265
4304 4072 0.3418525755405426
4306 4115 0.46928900480270386
4307 4093 0.5621412396430969
4308 4094 0.4331505596637726
4309 4066 0.40963277220726013
4310 4096 0.3266761898994446
4312 4110 0.3380829095840454
4313 4089 0.2775517702102661
4314 4116 0.39411208033561707
4315 4147 0.33830127120018005
4317 4128 0.4018714427947998
4319 4106 0.3915880620479584
4320 4139 0.37848329544067383
4321 4141 0.6558729410171509
4322 4122 0.4787731468677521
4323 4113 0.6841633319854736
4324 4114 0.5303524732589722
4325 4102 0.4417079985141754
4326 4118 0.5701589584350586
4327 4119 0.34485557675361633
4328 4120 0.3780471384525299
4329 4121 0.3499356806278229
4330 4132 0.4308459162712097
4331 4136 0.48222965002059937
4333 4151 0.45617198944091797
4335 4157 0.5379511713981628
4336 4158 0.4246090352535248
4337 4160 0.4967753291130066
4338 4148 0.4225033223628998
4339 4149 0.5353987812995911
4340 4130 0.285698264837265
4342 4161 0.5109108090400696
4343 4150 0.3655387759208679
4344 4152 0.5421817302703857
4346 4140 0.3695560395717621
4347 4155 0.34634071588516235
4348 4112 0.45565369725227356
4350 4123 0.28603821992874146
4351 4186 0.3414251208305359
4353 4170 0.35166797041893005
4354 4163 0.3940681219100952
4355 4143 0.4420805275440216
4357 4108 0.43090343475341797
4358 4221 0.6442824006080627
4359 4179 0.38028037548065186
4360 4181 0.36467698216438293
4363 4185 0.3604634404182434
4364 4177 0.3635980188846588
4365 4178 0.25938880443573
4368 4169 0.44398775696754456
4369 4172 0.5110506415367126
4371 4174 0.49021995067596436
4372 4175 0.6896101832389832
4375 4180 0.4119020998477936
4376 4187 0.4355223476886749
4377 4210 0.2801085114479065
4379 4173 0.5744171142578125
4380 4184 0.5133900046348572
4381 4214 0.4475041329860687
4383 4219 0.48589688539505005
4385 4182 0.3796759247779846
4386 4189 0.4389147460460663
4388 4198 0.4274567663669586
4389 4199 0.2795734107494354
4390 4201 0.506122350692749
4391 4192 0.3231801986694336
4392 4193 0.5060605406761169
4393 4203 0.37735483050346375
4394 4206 0.3740895092487335
4395 4207 0.37056079506874084
4396 4208 0.4581364691257477
4397 4209 0.6684995889663696
4401 4215 0.4558832049369812
4402 4255 0.4604017734527588
4403 4220 0.5045652389526367
4404 4200 0.528847873210907
4405 4222 0.3453482687473297
4406 4205 0.5719196200370789
4407 4265 0.2683548927307129
4408 4195 0.5124757885932922
4410 4211 0.40671253204345703
4411 4212 0.39548635482788086
4412 4213 0.5531331896781921
4415 4216 0.25178709626197815
4417 4229 0.3460722863674164
4418 4230 0.3119146525859833
4419 4231 0.40106436610221863
4420 4234 0.38890066742897034
4421 4235 0.4062241017818451
4423 4194 0.3246137797832489
4424 4226 0.4541933834552765
4425 4291 0.460019052028656
4427 4256 0.4159470796585083
4428 4246 0.33915895223617554
4429 4237 0.5073561072349548
4430 4238 0.41367360949516296
4431 4247 0.39311131834983826
4432 4239 0.5488983392715454
4433 4252 0.6272185444831848
4434 4242 0.42366698384284973
4435 4243 0.40068894624710083
4436 4245 0.48310837149620056
4439 4240 0.43477576971054077
4440 4249 0.4968748390674591
4441 4250 0.30332013964653015
4442 4251 0.48420754075050354
4444 4241 0.33035802841186523
4448 4258 0.2947026491165161
4449 4259 0.44085413217544556
4450 4272 0.5692516565322876
4452 4262 0.32768213748931885
4454 4263 0.33815160393714905
4455 4264 0.32447293400764465
4456 4276 0.36993297934532166
4458 4223 0.4355609714984894
4460 4248 0.3877969980239868
4461 4286 0.3998377025127411
4463 4269 0.5053689479827881
4464 4270 0.379581093788147
4465 4228 0.36966708302497864
4466 4271 0.4222749173641205
4467 4279 0.548645555973053
4468 4281 0.5021597146987915
4469 4275 0.3631146252155304
4471 4277 0.48486509919166565
4472 4257 0.406772643327713
4473 4236 0.2779994606971741
4476 4267 0.4180819094181061
4477 4253 0.2606121897697449
4478 4274 0.4820310175418854
4480 4299 0.8948653340339661
4482 4300 0.47158920764923096
4483 4293 0.43896666169166565
4484 4287 0.9825735688209534
4485 4268 0.3542720377445221
4486 4290 0.3440379798412323
4488 4306 0.5421005487442017
4489 4278 0.26836588978767395
4491 4302 0.3442332446575165
4495 4273 0.323163241147995
4496 4282 0.32535603642463684
4497 4316 0.3979531228542328
4498 4284 0.47012844681739807
4500 4303 0.9747960567474365
4501 4261 0.3248816728591919
4502 4304 0.6358442306518555
4503 4305 0.5529881715774536
4505 4310 0.5133655667304993
4506 4294 0.26819753646850586
4507 4283 0.28133919835090637
4509 4307 0.6030630469322205
4511 4314 0.4548548460006714
4512 4309 0.3713897168636322
4514 4320 0.2766474485397339
4515 4315 0.28810548782348633
4516 4329 0.41264283657073975
4517 4334 0.3516659736633301
4519 4318 0.27275535464286804
4520 4312 0.4463154375553131
4521 4319 0.268934428691864
4523 4292 0.3095584511756897
4525 4322 0.5314009785652161
4526 4323 0.7253498435020447
4528 4317 0.29569700360298157
4531 4332 0.5406879186630249
4532 4364 0.3757077157497406
4533 4333 0.36793556809425354
4535 4327 0.30334270000457764
4536 4330 0.26730766892433167
4537 4339 0.32975712418556213
4539 4328 0.46633023023605347
4540 4335 0.3031657040119171
4542 4344 0.41100001335144043
4543 4345 0.713007390499115
4545 4350 0.36265987157821655
4548 4358 0.3065299391746521
4549 4347 0.45379936695098877
4550 4340 0.6031516194343567
4551 4348 0.4784737229347229
4553 4357 0.33653563261032104
4554 4401 0.3503875136375427
4555 4365 0.2835119664669037
4556 4360 0.37424972653388977
4559 4349 0.37546736001968384
4560 4353 0.3035024404525757
4561 4374 0.3502475321292877
4562 4359 0.3333315849304199
4563 4368 0.44526407122612
4564 4356 0.41448235511779785
4566 4363 0.2842269539833069
4569 4366 0.37879419326782227
4570 4377 0.38467201590538025
4571 4378 0.40768569707870483
4572 4392 0.31405356526374817
4573 4346 0.5577645301818848
4576 4382 0.408662348985672
4578 4383 0.37601131200790405
4580 4369 0.3454510271549225
4582 4352 0.2755838930606842
4584 4372 0.25128501653671265
4589 4396 0.5242251753807068
4590 4389 0.6112568378448486
4591 4381 0.37169232964515686
4593 4394 0.4254707992076874
4594 4361 0.38564833998680115
4595 4376 0.27342259883880615
4596 4406 0.5238353610038757
4597 4400 0.46962255239486694
4598 4391 0.311303049325943
4599 4402 0.49200159311294556
4601 4407 0.2974511384963989
4602 4375 0.2956617474555969
4603 4408 0.3709278106689453
4604 4410 0.5453310012817383
4605 4397 0.3328700065612793
4606 4398 0.26142868399620056
4607 4415 0.2511923015117645
4609 4386 0.25256967544555664
4610 4387 0.25877922773361206
4611 4426 0.2999270558357239
4613 4429 0.9835129976272583
4614 4395 0.2667260468006134
4615 4409 0.40304669737815857
4616 4411 0.41587767004966736
4618 4414 0.25272244215011597
4619 4427 0.4679933488368988
4620 4428 0.3912636935710907
4621 4418 0.4849446415901184
4623 4421 0.33185791969299316
4624 4422 0.33990010619163513
4626 4424 0.3217827379703522
4627 4425 0.2719014286994934
4628 4417 0.4018377363681793
4629 4419 0.32247549295425415
4630 4430 0.42414847016334534
4631 4434 0.452951043844223
4632 4403 0.30546945333480835
4633 4423 0.31574493646621704
4634 4431 0.4448854625225067
4636 4432 0.41167473793029785
4638 4433 0.37068697810173035
4644 4442 0.41683340072631836
4645 4438 0.322455495595932
4646 4420 0.3705880045890808
4647 4443 0.3342088460922241
4648 4439 0.3588249981403351
4649 4444 0.5040664672851562
4650 4448 0.3678106963634491
4651 4449 0.32322242856025696
4652 4450 0.4068114459514618
4653 4445 0.563427746295929
4654 4446 0.28528958559036255
4655 4452 0.5786264538764954
4656 4440 0.5312514901161194
4657 4447 0.32794663310050964
4658 4466 0.5341105461120605
4661 4441 0.43959841132164
4662 4458 0.3666269779205322
4663 4451 0.34681236743927
4664 4460 0.32108014822006226
4665 4454 0.25879305601119995
4666 4461 0.29959627985954285
4667 4455 0.3093371093273163
4669 4453 0.5143186450004578
4670 4463 0.4747198522090912
4671 4465 0.5091791749000549
4672 4471 0.2862434387207031
4675 4473 0.5429527163505554
4677 4478 0.38561156392097473
4679 4456 0.35123828053474426
4684 4477 0.48143652081489563
4685 4470 0.36230382323265076
4686 4488 0.34043994545936584
4687 4498 0.41020625829696655
4689 4476 0.549784243106842
4690 4469 0.429189532995224
4691 4487 0.4714988172054291
4693 4481 0.4480733871459961
4694 4482 0.5195695161819458
4696 4502 0.34446343779563904
4697 4489 0.4265254735946655
4698 4485 0.5287752747535706
4699 4491 0.5215692520141602
4700 4492 0.5342429876327515
4701 4493 0.4146535396575928
4702 4497 0.375280499458313
4703 4503 0.37547415494918823
4704 4505 0.27173706889152527
4706 4500 0.3042733371257782
4708 4511 0.3971012532711029
4710 4506 0.4857296347618103
4711 4507 0.5769970417022705
4712 4509 0.2996445894241333
4713 4483 0.41174814105033875
4714 4484 0.25396186113357544
4715 4514 0.43867790699005127
4716 4515 0.3938468098640442
4718 4494 0.38698017597198486
4720 4504 0.34743207693099976
4721 4519 0.35100892186164856
4722 4520 0.3083321750164032
4724 4508 0.41733697056770325
4725 4510 0.526295006275177
4726 4518 0.6679324507713318
4727 4536 0.48523563146591187
4728 4495 0.4046396017074585
4730 4521 0.49573227763175964
4731 4522 0.3047769069671631
4733 4529 0.4538746774196625
4734 4523 0.3603895306587219
4735 4531 0.3137233853340149
4736 4528 0.4194113314151764
4738 4501 0.25106704235076904
4739 4538 0.28124961256980896
4740 4533 0.3341023921966553
4741 4540 0.4217444956302643
4742 4534 0.3854306638240814
4743 4551 0.34240204095840454
4744 4532 0.3489116430282593
4746 4561 0.2664135992527008
4747 4544 0.5152460336685181
4748 4545 0.31137195229530334
4749 4541 0.45001330971717834
4751 4526 0.5696404576301575
4752 4537 0.512636125087738
4753 4530 0.2690698802471161
4755 4550 0.4144764244556427
4757 4543 0.3187817633152008
4760 4554 0.48947155475616455
4762 4548 0.2915082573890686
4764 4557 0.3253445625305176
4765 4558 0.5044910907745361
4766 4563 0.4364349842071533
4767 4564 0.3082727789878845
4769 4559 0.4793807864189148
4770 4546 0.39067456126213074
4772 4547 0.3568589687347412
4773 4562 0.4156996011734009
4774 4555 0.32403692603111267
4775 4556 0.3010486662387848
4778 4569 0.3399960696697235
4779 4572 0.47441980242729187
4780 4553 0.3740663230419159
4782 4585 0.4344789981842041
4784 4589 0.3649612367153168
4786 4575 0.7058601379394531
4787 4576 0.6145095229148865
4788 4571 0.421336829662323
4789 4566 0.577944815158844
4790 4591 0.3001156151294708
4792 4580 0.41926494240760803
4797 4581 0.37465932965278625
4798 4596 0.3826793134212494
4799 4595 0.4659550189971924
4800 4574 0.3696945905685425
4801 4584 0.5297701358795166
4802 4586 0.321833997964859
4803 4587 0.3327300250530243
4804 4590 0.3354090750217438
4805 4592 0.2872919738292694
4806 4597 0.26510152220726013
4807 4593 0.3338170349597931
4808 4601 0.352749228477478
4809 4598 0.2571050226688385
4810 4599 0.397402822971344
4811 4608 0.5229488611221313
4813 4583 0.3298319876194
4816 4609 0.3135717511177063
4817 4618 0.2949303984642029
4819 4619 0.29760152101516724
4820 4604 0.29214975237846375
4821 4611 0.31245410442352295
4822 4612 0.32987508177757263
4824 4613 0.39530837535858154
4828 4605 0.41952332854270935
4829 4607 0.38815295696258545
4830 4629 0.3956131041049957
4832 4622 0.3125286102294922
4833 4623 0.274435430765152
4835 4606 0.382577508687973
4836 4615 0.5943570137023926
4837 4617 0.6007417440414429
4839 4631 0.4583226442337036
4840 4626 0.35341358184814453
4842 4624 0.3248138129711151
4843 4632 0.48999232053756714
4844 4633 0.41964858770370483
4845 4625 0.3853285014629364
4847 4637 0.2736440598964691
4853 4657 0.37488093972206116
4854 4639 0.41014954447746277
4855 4634 0.2807811498641968
4857 4640 0.2867557406425476
4858 4635 0.27268487215042114
4859 4642 0.7099723219871521
4860 4638 0.3092854917049408
4861 4646 0.30036500096321106
4862 4650 0.34701746702194214
4863 4645 0.2809177339076996
4864 4643 0.33992668986320496
4865 4647 0.38422873616218567
4866 4644 0.28645506501197815
4868 4654 0.3742140531539917
4870 4662 0.318384051322937
4871 4651 0.25277185440063477
4872 4656 0.2733289897441864
4875 4663 0.3505476117134094
4876 4659 0.27079978585243225
4877 4660 0.3005506694316864
4878 4667 0.3942015469074249
4879 4668 0.3756704330444336
4881 4661 0.40250393748283386
4882 4664 0.36959022283554077
4887 4672 0.5350368618965149
4888 4669 0.3320215940475464
4891 4671 0.4087913930416107
4892 4674 0.5873440504074097
4894 4676 0.36349159479141235
4895 4675 0.5806407928466797
4897 4678 0.6853819489479065
4898 4679 0.3927534520626068
4899 4680 0.30071181058883667
4900 4681 0.3642272353172302
4901 4684 0.4468260705471039
4902 4683 0.7149172425270081
4903 4687 0.351502001285553
4905 4685 0.7994073629379272
4907 4689 0.37890979647636414
4908 4690 0.3561042547225952
