3410
0 5 0.2772998809814453
1 7 0.3632001578807831
2 8 0.288806676864624
3 10 0.9818785190582275
4 9 0.4210608899593353
8 22 0.3121241331100464
10 21 0.35106784105300903
15 12 0.5414294004440308
21 27 0.26227298378944397
25 13 0.5719283223152161
30 32 0.27670761942863464
33 34 0.2551616430282593
34 33 0.9213995933532715
40 15 0.36991992592811584
42 18 0.6047142148017883
43 37 0.8332435488700867
44 38 0.3069427013397217
49 39 0.30930790305137634
50 43 0.30674752593040466
51 44 0.29083043336868286
52 41 0.3263218402862549
56 46 0.5460408329963684
57 47 0.6532430052757263
59 48 0.9662743210792542
61 49 0.3117733895778656
63 52 0.34541282057762146
64 54 0.45010557770729065
65 53 0.44227537512779236
66 56 0.44617798924446106
69 58 0.4813745617866516
70 57 0.46143826842308044
71 59 0.5025314688682556
72 60 0.48148244619369507
74 62 0.41431358456611633
76 61 0.28553345799446106
79 65 0.38942286372184753
80 66 0.34760043025016785
81 67 0.38378745317459106
83 69 0.3346713185310364
84 63 0.26122981309890747
85 71 0.3393682837486267
86 68 0.3410274386405945
87 70 0.2621077001094818
88 74 0.34033671021461487
89 72 0.26532459259033203
91 75 0.3884803056716919
92 81 0.31232959032058716
93 79 0.2612557113170624
94 76 0.42370375990867615
95 82 0.4681960344314575
98 78 0.6094861030578613
99 84 0.3380548655986786
100 83 0.3243850767612457
101 85 0.44723790884017944
102 88 0.31867748498916626
104 87 0.42820996046066284
105 90 0.3378189504146576
106 91 0.4033566117286682
107 92 0.5142298936843872
110 93 0.6294819116592407
111 94 0.5024030804634094
112 95 0.33591580390930176
113 100 0.2894679307937622
114 97 0.37748008966445923
116 98 0.3296046555042267
117 99 0.3262092173099518
119 109 0.504465639591217
120 101 0.3619895279407501
122 102 0.2972736060619354
125 105 0.3903796076774597
126 111 0.32029417157173157
127 96 0.3645392954349518
130 125 0.33786213397979736
131 110 0.3963661193847656
134 120 0.3332413136959076
135 115 0.34309661388397217
136 118 0.546647310256958
137 119 0.5715210437774658
139 139 0.39409929513931274
140 126 0.3013157844543457
141 127 0.3286147117614746
142 121 0.5399824976921082
143 128 0.6079854369163513
144 122 0.50989830493927
148 152 0.31496480107307434
149 123 0.42283183336257935
150 134 0.4593176543712616
152 131 0.2535558044910431
153 132 0.6725332736968994
154 133 0.5989974737167358
155 137 0.30942147970199585
156 138 0.34792810678482056
158 147 0.3831387162208557
159 136 0.7743305563926697
161 143 0.3360564708709717
162 144 0.31831058859825134
165 155 0.26585549116134644
166 148 0.6386640667915344
167 140 0.47758519649505615
168 141 0.4308035969734192
169 149 0.4720531105995178
170 160 0.2836014926433563
171 158 0.3949677050113678
172 151 0.2868591248989105
173 153 0.31852832436561584
176 156 0.4162982702255249
177 164 0.2754732668399811
178 116 0.9859697222709656
180 165 0.36795100569725037
181 162 0.5799711346626282
182 163 0.6086618900299072
184 157 0.48732852935791016
187 166 0.3815889358520508
188 180 0.3613335192203522
190 161 0.4110352694988251
191 168 0.7202269434928894
192 172 0.6398046612739563
193 169 0.2940143048763275
195 174 0.29840779304504395
198 183 0.38442263007164
200 184 0.4351063668727875
201 179 0.4080217480659485
202 181 0.2829444706439972
208 189 0.3488990068435669
209 187 0.374252587556839
212 195 0.8777009844779968
213 191 0.3434167802333832
214 194 0.2784932851791382
215 203 0.3633415102958679
216 190 0.2792874872684479
218 198 0.3804842531681061
219 200 0.8402265310287476
222 197 0.2832193076610565
223 199 0.6262031197547913
226 201 0.27600473165512085
228 216 0.5593646764755249
233 211 0.25582537055015564
235 208 0.42531704902648926
236 222 0.7615234851837158
237 214 0.45820289850234985
239 220 0.2570915222167969
240 221 0.40272971987724304
242 226 0.29057398438453674
243 217 0.37265878915786743
245 225 0.2913731634616852
247 215 0.3819828927516937
248 223 0.3837512135505676
249 234 0.2945006489753723
250 228 0.4549750089645386
252 231 0.4415365755558014
253 236 0.45590320229530334
257 230 0.4966071844100952
258 232 0.4699128568172455
259 242 0.25567901134490967
261 229 0.34278038144111633
262 233 0.5338905453681946
263 247 0.26214444637298584
266 252 0.37482911348342896
267 240 0.32740288972854614
268 249 0.5084983110427856
269 241 0.4548678696155548
270 239 0.5793470144271851
272 260 0.342214971780777
273 250 0.6055533289909363
274 248 0.4183594882488251
275 258 0.5143731236457825
276 253 0.30837833881378174
277 245 0.3733079731464386
278 255 0.537662923336029
279 246 0.5870572924613953
280 278 0.25005364418029785
282 263 0.4530426561832428
283 261 0.8802744746208191
284 266 0.32264313101768494
285 262 0.26080936193466187
286 254 0.4092688262462616
287 259 0.6582791805267334
289 267 0.4020957350730896
290 348 0.2610350549221039
291 268 0.543579638004303
292 265 0.6044236421585083
294 284 0.28088104724884033
295 276 0.3497712016105652
297 292 0.3802691400051117
298 277 0.624272346496582
299 274 0.7431681156158447
300 291 0.5343331694602966
301 299 0.6721344590187073
302 318 0.5780936479568481
303 300 0.6408660411834717
305 297 0.3034069240093231
306 298 0.417147159576416
308 301 0.38481879234313965
311 317 0.43322160840034485
312 308 0.3423396646976471
315 320 0.4685877561569214
317 302 0.44803065061569214
318 271 0.3871931731700897
319 281 0.41917580366134644
320 307 0.6980512738227844
321 326 0.4891771078109741
322 312 0.2804418206214905
323 313 0.3654038906097412
325 339 0.3823298513889313
326 327 0.479227215051651
327 314 0.3047214150428772
330 288 0.2612086236476898
331 282 0.7441240549087524
332 346 0.33816128969192505
336 321 0.3009263873100281
337 328 0.44394412636756897
340 286 0.29361921548843384
341 289 0.2556697428226471
345 333 0.3692995607852936
346 334 0.5405111312866211
347 335 0.4089968800544739
348 336 0.3694179058074951
349 338 0.36853256821632385
351 340 0.3462148904800415
352 358 0.6937110424041748
355 294 0.2858947813510895
356 396 0.30609819293022156
357 360 0.29927703738212585
358 361 0.36622440814971924
360 351 0.49710044264793396
362 371 0.3849920332431793
363 347 0.379198282957077
364 356 0.3323025703430176
365 357 0.32194849848747253
371 355 0.4403759241104126
374 373 0.5693102478981018
375 374 0.34346362948417664
379 380 0.43192294239997864
380 382 0.32477325201034546
382 383 0.422419935464859
383 384 0.43091413378715515
384 375 0.35301169753074646
385 410 0.3467356264591217
386 363 0.4721935987472534
389 372 0.3626626431941986
390 389 0.258988618850708
391 393 0.3610658645629883
392 367 0.27280348539352417
396 381 0.9412630796432495
397 415 0.3423928916454315
398 391 0.4125322699546814
401 306 0.4666425287723541
403 403 0.4705509841442108
404 404 0.35308781266212463
405 405 0.3478945791721344
406 406 0.4674050211906433
407 407 0.43910565972328186
408 408 0.3382432162761688
409 420 0.42564043402671814
411 354 0.3621780574321747
413 388 0.4272586703300476
414 370 0.5334513187408447
415 398 0.5830351114273071
416 399 0.3399078845977783
417 401 0.34038183093070984
418 412 0.2582363784313202
419 413 0.2999851107597351
420 414 0.335985004901886
421 428 0.3777242600917816
422 430 0.36525267362594604
423 392 0.3652648627758026
425 366 0.3157985210418701
426 397 0.40488743782043457
427 394 0.3115311563014984
428 387 0.290749728679657
429 352 0.3578779995441437
430 378 0.36272284388542175
433 438 0.5048959255218506
434 395 0.36586135625839233
436 417 0.2801752984523773
437 419 0.4144352972507477
438 433 0.3427872359752655
439 442 0.3935922384262085
440 368 0.2718249261379242
442 427 0.3701048493385315
443 439 0.48115700483322144
445 359 0.31404727697372437
446 418 0.30143824219703674
448 440 0.3976879417896271
449 450 0.4417155981063843
450 441 0.499033659696579
452 445 0.5727803707122803
453 377 0.4752756953239441
457 426 0.36524084210395813
458 451 0.3220707178115845
459 452 0.4246867895126343
460 454 0.2628103196620941
461 444 0.4108961522579193
463 422 0.7825464010238647
465 424 0.3002012073993683
466 459 0.5323292016983032
467 467 0.5304546356201172
468 468 0.49166810512542725
469 411 0.4266963303089142
471 458 0.8045807480812073
472 465 0.3607182502746582
473 475 0.3217213749885559
474 476 0.4256899654865265
475 466 0.46141406893730164
478 455 0.2740648090839386
480 423 0.5690019726753235
484 437 0.28743529319763184
485 457 0.3778204321861267
487 496 0.3835243880748749
488 478 0.34605512022972107
489 481 0.37819573283195496
491 446 0.4040735065937042
492 434 0.3153272569179535
493 456 0.3141818046569824
495 474 0.5527662038803101
497 435 0.3734774589538574
498 448 0.35092324018478394
500 497 0.4547429382801056
501 499 0.369341105222702
503 500 0.5300132036209106
508 464 0.3181579113006592
509 473 0.38212427496910095
510 479 0.32735010981559753
511 480 0.3322068750858307
513 520 0.32502761483192444
516 495 0.379045695066452
517 505 0.4561963379383087
519 506 0.28875795006752014
522 461 0.38430678844451904
523 470 0.33048155903816223
524 491 0.420687198638916
525 504 0.4947366714477539
528 482 0.33988261222839355
530 471 0.42572569847106934
532 493 0.2814137935638428
533 494 0.30595868825912476
534 503 0.32909706234931946
535 511 0.2895294725894928
536 529 0.42191141843795776
537 541 0.2745956480503082
538 489 0.4281258285045624
539 484 0.38968515396118164
540 502 0.6082730889320374
541 510 0.7089303731918335
542 512 0.44284555315971375
544 498 0.5021003484725952
545 530 0.300214946269989
546 508 0.3077942430973053
548 485 0.6767938733100891
549 518 0.9673540592193604
550 526 0.41966819763183594
551 519 0.4205448031425476
552 528 0.38552919030189514
553 531 0.38602882623672485
554 532 0.34667345881462097
555 533 0.3398696482181549
556 521 0.5385111570358276
559 517 0.3912442624568939
560 556 0.5122421979904175
561 545 0.46666210889816284
562 558 0.4203202724456787
563 559 0.2853562533855438
565 546 0.6926150321960449
566 563 0.28677159547805786
568 490 0.5345278978347778
569 514 0.6186656355857849
572 585 0.34687885642051697
573 561 0.5594729781150818
576 524 0.29770028591156006
577 570 0.4012097418308258
580 560 0.31807297468185425
581 562 0.46072593331336975
583 525 0.31273016333580017
584 539 0.3482348322868347
585 569 0.3952469229698181
586 571 0.3326171040534973
587 603 0.3145868480205536
591 535 0.29820579290390015
592 536 0.32764869928359985
593 537 0.448746919631958
594 509 0.3107394874095917
597 591 0.36111339926719666
600 564 0.3675960600376129
602 538 0.35583946108818054
604 540 0.6971212029457092
605 592 0.3614251911640167
606 580 0.4997304081916809
607 581 0.5830084085464478
608 600 0.35956594347953796
612 602 0.337445467710495
614 542 0.5010011792182922
616 547 0.37932124733924866
617 548 0.46645388007164
618 549 0.5513210296630859
619 589 0.36964064836502075
620 601 0.3326551616191864
621 610 0.32529863715171814
622 611 0.36301836371421814
623 613 0.39910510182380676
624 550 0.47779154777526855
625 567 0.38575279712677
626 578 0.5045127868652344
627 579 0.6001948714256287
628 614 0.4735044836997986
629 594 0.26535800099372864
630 575 0.3393048346042633
631 566 0.45264747738838196
633 648 0.3053346276283264
635 623 0.4681214690208435
636 624 0.46497756242752075
638 595 0.2816683351993561
640 598 0.43800485134124756
642 649 0.5486199259757996
643 615 0.33559784293174744
644 588 0.5041068196296692
645 608 0.3872300982475281
646 609 0.45782071352005005
647 634 0.44060319662094116
651 587 0.8512585759162903
653 644 0.3188197612762451
654 657 0.3543190062046051
655 621 0.31151628494262695
656 645 0.290814071893692
657 647 0.438084214925766
663 617 0.3493531346321106
664 633 0.5008072257041931
665 664 0.5480802059173584
666 665 0.500457227230072
669 628 0.3821534216403961
671 638 0.36888349056243896
672 616 0.4479793906211853
674 656 0.49306079745292664
675 620 0.31511953473091125
676 678 0.4394487738609314
677 693 0.2847980856895447
682 640 0.685215950012207
685 551 0.4254399836063385
686 568 0.3530689477920532
688 661 0.9369284510612488
689 677 0.2662147283554077
690 705 0.4025580585002899
691 650 0.29547739028930664
692 631 0.317348837852478
694 597 0.7312082648277283
695 655 0.32201912999153137
696 690 0.39183688163757324
699 670 0.46834295988082886
700 672 0.5019327402114868
701 673 0.5550275444984436
703 651 0.7930139303207397
706 607 0.5903461575508118
707 702 0.2653504014015198
710 710 0.316779762506485
711 704 0.3888821303844452
713 668 0.25252294540405273
714 671 0.4342416524887085
715 674 0.2724597454071045
716 688 0.32872191071510315
718 641 0.27265575528144836
720 701 0.5067250728607178
721 691 0.34880417585372925
722 711 0.33734989166259766
723 743 0.40796416997909546
724 712 0.5088553428649902
726 685 0.28189972043037415
729 590 0.2507067024707794
730 654 0.43509265780448914
731 682 0.341605544090271
733 726 0.3258419930934906
734 727 0.41330015659332275
735 706 0.2878846526145935
736 681 0.28727689385414124
737 708 0.5766410827636719
738 689 0.5614201426506042
739 725 0.5010374784469604
740 742 0.32195430994033813
741 692 0.27480417490005493
742 744 0.3624437749385834
744 684 0.34766674041748047
746 697 0.34228938817977905
747 687 0.4956027567386627
748 698 0.6501281261444092
749 699 0.48721933364868164
750 723 0.41018396615982056
751 675 0.28203442692756653
752 596 0.2698073387145996
753 606 0.28239238262176514
756 694 0.3136225938796997
757 729 0.37149491906166077
760 717 0.2811005115509033
761 719 0.27571508288383484
763 700 0.47242510318756104
768 709 0.3779245913028717
769 680 0.4780978560447693
770 724 0.2763826847076416
775 714 0.25528356432914734
777 731 0.4482293725013733
778 779 0.44427067041397095
779 745 0.4286908805370331
781 733 0.47739166021347046
782 734 0.4857944846153259
783 721 0.5930423140525818
785 722 0.49631693959236145
786 755 0.3528101146221161
789 642 0.2730184495449066
790 794 0.471559077501297
792 756 0.2946568429470062
794 749 0.32351014018058777
795 732 0.5547338724136353
796 735 0.3628920316696167
797 718 0.3058606684207916
798 754 0.3219006061553955
800 740 0.47600963711738586
804 762 0.5488695502281189
805 763 0.5321663022041321
806 760 0.6952117681503296
808 747 0.4465440809726715
809 798 0.469240665435791
810 751 0.4797118902206421
811 752 0.42247673869132996
812 736 0.4910453259944916
813 737 0.4525063633918762
814 759 0.4940709173679352
815 767 0.2814674973487854
819 772 0.4696086645126343
820 741 0.296527236700058
821 746 0.3866507411003113
825 780 0.49157339334487915
826 770 0.3260568082332611
827 791 0.5856286287307739
828 792 0.4777747094631195
831 795 0.32120847702026367
833 797 0.5219922065734863
835 803 0.7231120467185974
836 777 0.610145628452301
837 761 0.33562761545181274
839 775 0.3002120852470398
840 790 0.4838968515396118
841 817 0.4376411736011505
844 778 0.4645179510116577
845 769 0.41496527194976807
847 738 0.40346357226371765
849 758 0.2830219268798828
850 812 0.290587842464447
851 789 0.4999382495880127
852 813 0.5392646193504333
853 815 0.37806373834609985
855 783 0.5620898008346558
856 776 0.28676778078079224
857 814 0.5511627793312073
858 827 0.4921489357948303
859 782 0.33620232343673706
860 820 0.31367582082748413
861 793 0.3443255126476288
862 816 0.40916502475738525
863 829 0.266893208026886
865 784 0.51612389087677
871 849 0.42436856031417847
872 828 0.6100525259971619
876 805 0.25275447964668274
877 806 0.4401727020740509
879 807 0.38823217153549194
881 826 0.4231400191783905
882 845 0.4426407814025879
883 856 0.49346253275871277
884 857 0.4817851483821869
885 887 0.29691094160079956
886 847 0.34534597396850586
887 796 0.43076908588409424
888 834 0.2541135251522064
890 823 0.6783046126365662
891 818 0.2744966745376587
892 810 0.2621169686317444
895 844 0.603825032711029
896 864 0.3315226137638092
897 865 0.3857976794242859
898 858 0.5430542230606079
899 867 0.2590389847755432
900 868 0.31148451566696167
902 771 0.4049322307109833
903 854 0.33222272992134094
904 902 0.3405938744544983
905 869 0.2972010374069214
906 850 0.42049866914749146
907 822 0.5292373895645142
908 837 0.39786165952682495
909 842 0.2812506854534149
910 896 0.4213320314884186
912 855 0.31557002663612366
914 899 0.5445841550827026
915 900 0.40508905053138733
916 836 0.43612003326416016
917 907 0.3172169029712677
919 873 0.39761701226234436
923 882 0.4857606589794159
926 901 0.44628778100013733
927 917 0.5111612677574158
929 835 0.2782164216041565
930 838 0.47590160369873047
931 859 0.4170644283294678
932 860 0.5052875280380249
934 839 0.42962729930877686
935 808 0.3295050263404846
936 886 0.36835232377052307
937 918 0.4908454120159149
938 919 0.3717678189277649
939 946 0.4292644262313843
940 883 0.346637099981308
942 903 0.3614003658294678
943 921 0.3447273373603821
946 851 0.38965874910354614
947 852 0.31261536478996277
950 916 0.3651767373085022
952 920 0.6997736096382141
953 871 0.30736657977104187
954 890 0.30897533893585205
956 891 0.29827094078063965
960 788 0.362840473651886
965 908 0.39458557963371277
966 893 0.5294443368911743
968 895 0.5149498581886292
969 824 0.29782551527023315
970 914 0.3468659520149231
971 915 0.5230441689491272
972 945 0.3855777382850647
973 952 0.5164946913719177
974 936 0.2814819812774658
975 889 0.2634185552597046
976 922 0.31089749932289124
978 909 0.3667738735675812
979 884 0.3034321069717407
980 944 0.35810062289237976
981 964 0.38005414605140686
983 965 0.37318941950798035
988 930 0.33397242426872253
989 892 0.45791196823120117
990 840 0.2759489119052887
993 934 0.3613665997982025
997 938 0.4026682674884796
998 939 0.40033677220344543
1000 894 0.3327668607234955
1002 951 0.28016459941864014
1003 897 0.6661410927772522
1004 963 0.3091513216495514
1006 929 0.25362834334373474
1009 940 0.5617285966873169
1010 942 0.39761626720428467
1011 910 0.47258734703063965
1012 923 0.4415445923805237
1015 932 0.4319620728492737
1016 962 0.27313852310180664
1019 947 0.2887042462825775
1020 954 0.40452849864959717
1021 941 0.42522093653678894
1022 931 0.3498876392841339
1024 949 0.3878006935119629
1026 863 0.29412367939949036
1028 853 0.6289370059967041
1029 885 0.5111754536628723
1030 960 0.38922494649887085
1031 961 0.4482533037662506
1032 984 0.37550389766693115
1033 978 0.9819525480270386
1034 986 0.5296322107315063
1035 979 0.578871488571167
1036 980 0.39259281754493713
1037 988 0.33068931102752686
1039 971 0.37732964754104614
1040 880 0.31892043352127075
1041 976 0.30999094247817993
1042 977 0.3187780976295471
1043 987 0.5794365406036377
1044 989 0.270953506231308
1046 956 0.3114622235298157
1047 970 0.3029420077800751
1053 926 0.41460925340652466
1054 1021 0.32222309708595276
1058 990 0.2621164619922638
1059 967 0.36668992042541504
1060 969 0.34248530864715576
1061 993 0.8184506297111511
1062 982 0.5666020512580872
1064 957 0.3650628924369812
1065 955 0.34071213006973267
1066 973 0.5245662331581116
1067 974 0.5399783849716187
1069 924 0.48769164085388184
1071 997 0.286376416683197
1072 1012 0.25630131363868713
1073 1013 0.27388322353363037
1078 991 0.3152051866054535
1079 992 0.4306996464729309
1080 968 0.29588571190834045
1083 876 0.30357134342193604
1085 925 0.9459470510482788
1089 1014 0.30732962489128113
1090 1015 0.38144850730895996
1091 1016 0.5198267698287964
1097 1008 0.30062147974967957
1098 996 0.3003721535205841
1099 1009 0.3147678077220917
1100 1004 0.4487576186656952
1101 1025 0.2696252167224884
1103 1026 0.271187961101532
1104 994 0.361504465341568
1106 1007 0.5512915849685669
1107 1033 0.4339282512664795
1108 1045 0.40218585729599
1110 1034 0.6027106046676636
1111 1024 0.6974024772644043
1114 1005 0.44782090187072754
1115 1001 0.4096296429634094
1116 1030 0.4687960743904114
1118 1010 0.2743726074695587
1119 1056 0.4235009551048279
1120 1043 0.30032631754875183
1121 1048 0.263705849647522
1123 1006 0.8047058582305908
1125 958 0.2798663079738617
1127 995 0.34981855750083923
1128 1052 0.3475792109966278
1129 1054 0.3087974190711975
1130 1055 0.4909474551677704
1131 1057 0.34548133611679077
1133 1046 0.31056439876556396
1136 1078 0.26862168312072754
1138 1028 0.7156491875648499
1139 1020 0.49157243967056274
1140 975 0.3312382102012634
1141 1041 0.6069403290748596
1143 1068 0.2975742816925049
1145 1071 0.29510313272476196
1146 1060 0.2917357385158539
1148 1027 0.36294567584991455
1149 1037 0.3659754693508148
1151 1039 0.5601975321769714
1152 1029 0.40279462933540344
1154 1073 0.5287293791770935
1155 1067 0.349758505821228
1157 1053 0.5857224464416504
1158 1074 0.3829713761806488
1159 1069 0.41607996821403503
1160 1077 0.33646854758262634
1161 1070 0.3371022641658783
1163 1019 0.27793025970458984
1164 1038 0.6151474714279175
1165 1040 0.6285346746444702
1167 1066 0.4628133177757263
1170 1075 0.4260542690753937
1173 1076 0.30758824944496155
1175 1062 0.4869457483291626
1177 1002 0.5590745806694031
1178 1051 0.4228971600532532
1180 1093 0.5464560389518738
1182 1063 0.3902541697025299
1184 1031 0.5981383323669434
1185 1091 0.3256695866584778
1186 1119 0.29941776394844055
1187 1058 0.27650344371795654
1188 1080 0.29602429270744324
1191 1129 0.744297981262207
1193 1121 0.27039772272109985
1195 1123 0.38668760657310486
1196 1023 0.27754488587379456
1199 1083 0.4629965126514435
1200 1084 0.4880922734737396
1204 1086 0.5503706932067871
1208 1126 0.38479530811309814
1209 1106 0.36389392614364624
1211 1087 0.33244046568870544
1213 1088 0.2811911404132843
1215 1032 0.8908470869064331
1216 1140 0.45119938254356384
1218 1099 0.3603266477584839
1219 1136 0.31370723247528076
1221 1096 0.2889237701892853
1222 1097 0.6283231377601624
1223 1072 0.31499484181404114
1224 1120 0.9008454084396362
1225 1122 0.2640533745288849
1227 1143 0.33231303095817566
1228 1085 0.3418564796447754
1229 1116 0.4031789302825928
1230 1125 0.2777622640132904
1231 1127 0.3921482563018799
1232 1128 0.43759068846702576
1233 1107 0.7492940425872803
1234 1108 0.6584669351577759
1235 1109 0.366943895816803
1236 1111 0.29620614647865295
1237 1090 0.2894485890865326
1239 1118 0.6006557941436768
1244 1135 0.39659449458122253
1245 1114 0.5142632722854614
1246 1115 0.7676045298576355
1247 1139 0.30071523785591125
1248 1149 0.3951398730278015
1249 1144 0.3107481002807617
1250 1146 0.35437512397766113
1252 1147 0.5259518027305603
1253 1150 0.4252205193042755
1254 1154 0.5302588939666748
1255 1156 0.32992953062057495
1256 1138 0.3858506679534912
1257 1148 0.4869893789291382
1258 1228 0.40631088614463806
1260 1155 0.5402369499206543
1261 1157 0.37369656562805176
1262 1168 0.3165191411972046
1263 1164 0.28397172689437866
1266 1165 0.4090815484523773
1267 1186 0.3431931734085083
1270 1171 0.3188270628452301
1271 1172 0.450487345457077
1274 1176 0.43958163261413574
1276 1159 0.3822343349456787
1277 1166 0.3451072573661804
1278 1145 0.28277939558029175
1279 1175 0.6355368494987488
1283 1190 0.511276364326477
1284 1195 0.6999224424362183
1285 1173 0.5771791934967041
1286 1198 0.662135660648346
1287 1174 0.6638921499252319
1288 1202 0.36532896757125854
1291 1151 0.35786300897598267
1292 1153 0.33615487813949585
1294 1208 0.3647935092449188
1295 1191 0.34388741850852966
1296 1192 0.3816908597946167
1297 1193 0.45906978845596313
1298 1209 0.453512966632843
1299 1194 0.49158087372779846
1302 1203 0.35117700695991516
1303 1185 0.3869495391845703
1305 1229 0.35000142455101013
1309 1220 0.5328726768493652
1311 1177 0.3096443712711334
1312 1189 0.29934924840927124
1313 1210 0.672770619392395
1314 1211 0.5647366046905518
1315 1212 0.4220832884311676
1316 1213 0.27935805916786194
1317 1197 0.3358972370624542
1318 1181 0.4676886200904846
1319 1223 0.5505675673484802
1320 1214 0.39092352986335754
1321 1215 0.35948777198791504
1322 1216 0.5608775019645691
1323 1217 0.626437246799469
1324 1218 0.497749388217926
1325 1243 0.315824419260025
1326 1163 0.4772346019744873
1328 1227 0.4252282381057739
1329 1232 0.2724706828594208
1330 1250 0.2748015522956848
1332 1219 0.6411319375038147
1333 1260 0.35173875093460083
1334 1207 0.3593873381614685
1335 1254 0.9616172313690186
1336 1221 0.25869831442832947
1337 1161 0.35758256912231445
1339 1241 0.6345442533493042
1340 1233 0.2561981678009033
1341 1235 0.7194093465805054
1342 1244 0.46635690331459045
1344 1167 0.36420848965644836
1345 1246 0.4076157212257385
1346 1247 0.5496384501457214
1348 1248 0.42811521887779236
1350 1258 0.5885899662971497
1353 1242 0.33038732409477234
1354 1234 0.3133944571018219
1356 1251 0.4282757043838501
1357 1252 0.3488730490207672
1358 1253 0.3215480446815491
1360 1262 0.6070132851600647
1361 1240 0.35260963439941406
1363 1182 0.28074365854263306
1364 1183 0.4451507031917572
1365 1280 0.4565562903881073
1366 1281 0.6697688102722168
1367 1282 0.4509064257144928
1368 1304 0.34651613235473633
1369 1261 0.44032806158065796
1370 1273 0.2598148584365845
1372 1263 0.40919506549835205
1373 1201 0.35496804118156433
1374 1266 0.42479535937309265
1375 1296 0.29185986518859863
1377 1289 0.30102571845054626
1379 1275 0.5137578248977661
1382 1277 0.8401784896850586
1383 1278 0.2510950565338135
1384 1279 0.27674931287765503
1385 1295 0.29446667432785034
1386 1297 0.42666909098625183
1387 1288 0.28559610247612
1388 1337 0.43785950541496277
1389 1225 0.5307213068008423
1390 1303 0.32233926653862
1391 1325 0.27523431181907654
1392 1315 0.34001424908638
1393 1316 0.2821449935436249
1395 1305 0.42423906922340393
1400 1318 0.3131527602672577
1402 1319 0.32345956563949585
1403 1320 0.5137593150138855
1404 1309 0.3220879137516022
1409 1307 0.5148196816444397
1410 1322 0.47417736053466797
1414 1245 0.3492129147052765
1415 1314 0.305504709482193
1417 1321 0.3852608799934387
1418 1330 0.44975975155830383
1419 1310 0.5201297402381897
1420 1311 0.5742007493972778
1421 1312 0.25734394788742065
1422 1200 0.6712273955345154
1426 1346 0.3018677532672882
1427 1327 0.4241783916950226
1428 1333 0.39606836438179016
1430 1276 0.5902611613273621
1431 1269 0.25752758979797363
1433 1359 0.4337581992149353
1436 1257 0.2776629626750946
1438 1265 0.37057316303253174
1439 1344 0.4398747682571411
1441 1335 0.4618433117866516
1442 1374 0.46718132495880127
1443 1363 0.4264644682407379
1444 1364 0.6129187345504761
1445 1353 0.5171418190002441
1450 1377 0.3572826087474823
1451 1349 0.4345622956752777
1452 1358 0.518241822719574
1453 1301 0.38558951020240784
1454 1339 0.43049556016921997
1458 1342 0.3741348385810852
1459 1351 0.3106710612773895
1461 1376 0.6237795948982239
1462 1352 0.3529528081417084
1463 1328 0.6489282250404358
1465 1299 0.3166362941265106
1466 1360 0.454306423664093
1467 1350 0.4229480028152466
1469 1403 0.3657389283180237
1470 1329 0.2990082800388336
1471 1331 0.2876124382019043
1474 1292 0.4073188304901123
1475 1302 0.28516092896461487
1477 1387 0.514462411403656
1478 1388 0.4634462296962738
1482 1366 0.4281107187271118
1483 1367 0.41586852073669434
1484 1369 0.277540385723114
1486 1370 0.4212918281555176
1487 1371 0.3852895498275757
1488 1372 0.7548266649246216
1489 1386 0.4032016396522522
1490 1405 0.44526493549346924
1491 1389 0.46051549911499023
1492 1390 0.49646416306495667
1493 1391 0.8131694793701172
1494 1435 0.2667059600353241
1497 1348 0.3611505925655365
1498 1397 0.5132064819335938
1500 1399 0.37381383776664734
1501 1332 0.2820271849632263
1503 1379 0.26280128955841064
1504 1368 0.32188186049461365
1505 1380 0.4095288813114166
1507 1415 0.3033343255519867
1508 1375 0.42753952741622925
1510 1317 0.2670907974243164
1512 1418 0.33548232913017273
1513 1398 0.49265092611312866
1514 1400 0.3574342727661133
1515 1383 0.29672977328300476
1516 1416 0.522431492805481
1517 1431 0.7972801327705383
1519 1414 0.3289285898208618
1520 1407 0.2897590398788452
1521 1381 0.3176397979259491
1523 1395 0.3061046302318573
1524 1409 0.5077399611473083
1525 1417 0.7553170323371887
1526 1406 0.4081003665924072
1527 1421 0.4093078672885895
1528 1411 0.2903277277946472
1531 1334 0.3117397725582123
1532 1425 0.33427801728248596
1533 1384 0.30506888031959534
1534 1436 0.5691262483596802
1535 1427 0.5597574710845947
1536 1428 0.3281089961528778
1539 1430 0.4684930443763733
1540 1433 0.41768258810043335
1541 1392 0.45864051580429077
1543 1394 0.34258756041526794
1544 1440 0.498460054397583
1545 1441 0.456830233335495
1546 1442 0.6479339003562927
1547 1443 0.29645881056785583
1548 1420 0.44315481185913086
1549 1424 0.29780250787734985
1551 1426 0.48067498207092285
1552 1451 0.35423386096954346
1553 1471 0.5171778202056885
1554 1393 0.5022258162498474
1555 1439 0.3076486885547638
1556 1423 0.43808087706565857
1557 1472 0.5264531373977661
1558 1474 0.49173280596733093
1559 1464 0.5005684494972229
1561 1452 0.3644416034221649
1562 1453 0.48871734738349915
1563 1444 0.5383027195930481
1564 1503 0.48305216431617737
1565 1412 0.25627124309539795
1567 1480 0.35409268736839294
1568 1461 0.5053434371948242
1569 1448 0.41396602988243103
1572 1462 0.3799084722995758
1574 1450 0.5862745642662048
1575 1486 0.3840404450893402
1577 1449 0.38313722610473633
1579 1484 0.3333757519721985
1580 1485 0.4045524001121521
1582 1495 0.36871081590652466
1583 1496 0.36582404375076294
1584 1497 0.30957645177841187
1586 1477 0.4532604515552521
1587 1446 0.4283410608768463
1588 1460 0.4060474932193756
1589 1447 0.2929568886756897
1590 1504 0.272516131401062
1592 1470 0.3466344475746155
1593 1513 0.30485597252845764
1594 1482 0.44921448826789856
1596 1507 0.5099182724952698
1597 1487 0.40541213750839233
1598 1498 0.3153368830680847
1599 1437 0.432979553937912
1600 1476 0.4074198305606842
1601 1489 0.42976662516593933
1602 1467 0.48459604382514954
1603 1456 0.310162752866745
1605 1468 0.5179295539855957
1608 1401 0.43715938925743103
1609 1402 0.3604307770729065
1611 1493 0.6526526808738708
1612 1509 0.3209775686264038
1613 1500 0.6929797530174255
1614 1481 0.3310493528842926
1615 1494 0.4725152254104614
1616 1518 0.4529605507850647
1618 1501 0.3545089662075043
1619 1510 0.2767057716846466
1620 1502 0.42734548449516296
1621 1445 0.33091962337493896
1623 1479 0.46967852115631104
1624 1505 0.41249608993530273
1625 1483 0.43156102299690247
1626 1506 0.837292492389679
1627 1515 0.34436196088790894
1628 1517 0.37125125527381897
1631 1499 0.359391450881958
1632 1465 0.3948155641555786
1634 1475 0.4198819696903229
1635 1531 0.38668760657310486
1636 1490 0.5210621356964111
1640 1492 0.45409852266311646
1642 1536 0.5075550079345703
1644 1516 0.2826947271823883
1645 1526 0.4775218963623047
1646 1540 0.4209243655204773
1647 1541 0.5828255414962769
1648 1529 0.3565150797367096
1650 1543 0.5758497714996338
1651 1519 0.5437994599342346
1652 1457 0.3630910813808441
1653 1511 0.26850464940071106
1655 1558 0.5009170770645142
1658 1552 0.5012333989143372
1661 1532 0.4749875068664551
1662 1523 0.33973613381385803
1664 1524 0.25109076499938965
1665 1546 0.34084537625312805
1666 1538 0.4368872344493866
1668 1550 0.4762602746486664
1670 1522 0.3275459110736847
1671 1542 0.3808349370956421
1672 1491 0.3527821898460388
1673 1520 0.4124150574207306
1674 1535 0.2874374985694885
1675 1572 0.2590889036655426
1676 1573 0.45348918437957764
1677 1559 0.3578868806362152
1678 1545 0.6111000776290894
1679 1555 0.7633034586906433
1681 1548 0.8478419780731201
1682 1549 0.3278115391731262
1684 1620 0.4520392417907715
1686 1553 0.5667657852172852
1687 1563 0.4462805390357971
1688 1533 0.4132678508758545
1690 1557 0.3533923327922821
1691 1582 0.28926122188568115
1692 1583 0.4362573027610779
1693 1608 0.2995794415473938
1694 1584 0.328587144613266
1695 1585 0.3608844578266144
1697 1587 0.4841664433479309
1698 1560 0.4675173759460449
1699 1562 0.802749752998352
1700 1544 0.45303747057914734
1703 1556 0.45233073830604553
1705 1581 0.5623123049736023
1707 1593 0.5906102657318115
1709 1586 0.49377840757369995
1710 1588 0.7719770073890686
1711 1629 0.26941728591918945
1712 1569 0.4873889684677124
1713 1570 0.45264101028442383
1714 1591 0.33286842703819275
1715 1571 0.3885262608528137
1716 1606 0.2661837637424469
1717 1607 0.28687307238578796
1718 1594 0.4651780128479004
1719 1595 0.4850870966911316
1720 1596 0.513392448425293
1723 1597 0.27187082171440125
1724 1564 0.43912532925605774
1725 1565 0.8078292012214661
1726 1566 0.5132001042366028
1727 1626 0.2561160922050476
1731 1592 0.30995991826057434
1733 1618 0.45226430892944336
1734 1619 0.4725850820541382
1735 1599 0.42087259888648987
1736 1616 0.4237409234046936
1738 1567 0.41464483737945557
1739 1610 0.30585426092147827
1741 1631 0.4580831825733185
1742 1590 0.38080042600631714
1743 1617 0.33122366666793823
1744 1603 0.5707318186759949
1745 1604 0.4615936279296875
1746 1649 0.4973773956298828
1747 1633 0.6794609427452087
1751 1621 0.4497533142566681
1752 1634 0.30975306034088135
1753 1650 0.3666808307170868
1754 1622 0.4961669445037842
1755 1623 0.4034801125526428
1756 1636 0.4219713807106018
1757 1627 0.407665491104126
1758 1611 0.2506500482559204
1759 1568 0.3851521611213684
1760 1645 0.45636865496635437
1761 1646 0.3650701940059662
1763 1648 0.38761693239212036
1764 1632 0.5219299793243408
1771 1730 0.37772315740585327
1772 1624 0.535465657711029
1773 1640 0.6945458054542542
1774 1660 0.3135448396205902
1775 1580 0.3661364018917084
1776 1654 0.39304161071777344
1780 1664 0.28806644678115845
1781 1625 0.3302150368690491
1782 1637 0.3859044015407562
1783 1641 0.6351163387298584
1786 1652 0.40272587537765503
1787 1653 0.40846091508865356
1788 1647 0.28853029012680054
1789 1668 0.590552806854248
1790 1669 0.964625358581543
1791 1670 0.7147359251976013
1796 1609 0.3586317002773285
1797 1638 0.48231565952301025
1798 1658 0.30316224694252014
1799 1659 0.46251150965690613
1804 1663 0.3936023712158203
1805 1703 0.3835086524486542
1806 1656 0.3579162359237671
1808 1672 0.49720853567123413
1809 1705 0.3580937683582306
1810 1651 0.5490093231201172
1811 1635 0.5686493515968323
1817 1601 0.4578796625137329
1818 1612 0.3587110638618469
1819 1675 0.8895490765571594
1820 1687 0.50551837682724
1821 1605 0.29181531071662903
1822 1667 0.5619316697120667
1826 1741 0.2897377610206604
1829 1706 0.6239890456199646
1830 1613 0.3728315532207489
1831 1615 0.4788667559623718
1832 1688 0.3647531569004059
1833 1718 0.4201659560203552
1835 1723 0.4219239056110382
1836 1689 0.49480557441711426
1839 1682 0.6506677269935608
1840 1665 0.3388476073741913
1842 1683 0.2682863175868988
1843 1685 0.4316598176956177
1844 1666 0.3373505175113678
1845 1699 0.3250691592693329
1846 1720 0.52205491065979
1847 1677 0.36747270822525024
1848 1721 0.2666812837123871
1849 1702 0.4047449827194214
1851 1722 0.45932817459106445
1854 1694 0.35912320017814636
1856 1684 0.4601147174835205
1858 1696 0.4752611815929413
1860 1644 0.595139741897583
1861 1700 0.5763002634048462
1862 1725 0.3129443824291229
1866 1708 0.40543919801712036
1869 1715 0.5249135494232178
1870 1698 0.6128719449043274
1871 1719 0.38470062613487244
1874 1727 0.6109263896942139
1876 1729 0.45418861508369446
1877 1732 0.333204448223114
1879 1735 0.511959433555603
1880 1753 0.35713985562324524
1881 1738 0.6796962022781372
1882 1756 0.3975055515766144
1884 1770 0.4858463704586029
1885 1740 0.41760051250457764
1889 1761 0.6993446350097656
1890 1745 0.4488641917705536
1891 1733 0.5295463800430298
1892 1749 0.6677031517028809
1893 1762 0.3516589105129242
1894 1737 0.5401406288146973
1895 1752 0.3772789239883423
1896 1766 0.4860873818397522
1897 1754 0.3980366289615631
1898 1769 0.6778913736343384
1900 1728 0.2506084740161896
1902 1736 0.5524073243141174
1903 1751 0.5110774636268616
1904 1767 0.43852314352989197
1907 1791 0.3048867881298065
1909 1771 0.3151026964187622
1910 1773 0.3945430517196655
1911 1775 0.44186726212501526
1912 1731 0.5421207547187805
1913 1776 0.32100850343704224
1915 1701 0.44975030422210693
1917 1811 0.25592002272605896
1918 1758 0.33336400985717773
1919 1794 0.6226271986961365
1920 1693 0.35150671005249023
1921 1786 0.30002260208129883
1922 1802 0.3637523651123047
1925 1790 0.32303568720817566
1927 1793 0.2652188539505005
1928 1781 0.32598963379859924
1929 1784 0.42862668633461
1930 1785 0.5626786947250366
1931 1709 0.7789270281791687
1932 1803 0.5833960771560669
1933 1789 0.4912818670272827
1935 1821 0.2770894765853882
1936 1832 0.41843530535697937
1938 1834 0.4093391001224518
1940 1827 0.5276700258255005
1941 1816 0.3920862078666687
1942 1800 0.551730215549469
1943 1801 0.2532590329647064
1944 1830 0.3197197914123535
1945 1824 0.3550056219100952
1946 1825 0.40089571475982666
1947 1806 0.8273594379425049
1951 1813 0.6422824859619141
1952 1814 0.5503943562507629
1953 1828 0.6277954578399658
1954 1796 0.6194248795509338
1955 1798 0.5163488984107971
1956 1799 0.6743585467338562
1958 1787 0.3646150827407837
1959 1822 0.3904871940612793
1960 1845 0.4738559424877167
1961 1847 0.34840691089630127
1962 1871 0.3435494601726532
1963 1807 0.3257211446762085
1966 1863 0.35628700256347656
1968 1817 0.40672338008880615
1969 1818 0.45381104946136475
1970 1764 0.689168393611908
1971 1829 0.5073314309120178
1972 1853 0.32739946246147156
1974 1896 0.40858832001686096
1976 1833 0.27667859196662903
1978 1864 0.3535841703414917
1981 1804 0.5278361439704895
1982 1856 0.4028983414173126
1983 1857 0.37733685970306396
1984 1870 0.5130307674407959
1985 1895 0.271248996257782
1986 1862 0.8808774352073669
1987 1850 0.49799060821533203
1988 1837 0.3170405924320221
1989 1865 0.32944750785827637
1990 1842 0.3799327313899994
1991 1869 0.3514091670513153
1993 1854 0.34336668252944946
1996 1858 0.38711047172546387
1997 1848 0.2558092474937439
1999 1876 0.6076608300209045
2000 1782 0.3222784101963043
2001 1851 0.37415337562561035
2002 1868 0.6435614824295044
2003 1909 0.4346625804901123
2005 1941 0.2947917580604553
2007 1872 0.31725654006004333
2008 1873 0.30664923787117004
2009 1874 0.5619515180587769
2010 1916 0.48574259877204895
2011 1885 0.3848334550857544
2012 1878 0.652914822101593
2013 1819 0.73195481300354
2016 1880 0.9221054315567017
2017 1840 0.44261208176612854
2018 1841 0.3813662827014923
2019 1904 0.46508264541625977
2021 1882 0.2952866852283478
2022 1910 0.3540211021900177
2024 1892 0.373500257730484
2025 1917 0.4116378128528595
2026 1884 0.3692573010921478
2027 1902 0.3425121009349823
2028 1888 0.4978899359703064
2029 1820 0.9144576191902161
2030 1905 0.41391628980636597
2031 1891 0.3432036340236664
2032 1907 0.31285127997398376
2033 1926 0.33574381470680237
2034 1911 0.7960386872291565
2035 1912 0.6133783459663391
2036 1938 0.30292150378227234
2037 1897 0.32040566205978394
2038 1883 0.4602854251861572
2039 1900 0.3038473427295685
2040 1901 0.5362874269485474
2041 1887 0.3237221837043762
2042 1918 0.3498319089412689
2044 1852 0.3820302486419678
2045 1908 0.34004083275794983
2047 1927 0.4990527033805847
2048 1975 0.26397836208343506
2049 1914 0.28500378131866455
2050 1919 0.256958931684494
2053 1921 0.45697489380836487
2054 1922 0.35862794518470764
2055 1923 0.3675175607204437
2056 1937 0.3792615830898285
2057 1913 0.29455626010894775
2058 1915 0.2596568465232849
2060 1949 0.5424879193305969
2061 1933 0.388317346572876
2062 1934 0.4396059513092041
2063 1890 0.364561527967453
2066 1943 0.556668221950531
2067 1953 0.640570878982544
2068 1956 0.39913442730903625
2069 1959 0.4016680121421814
2070 1929 0.33900243043899536
2071 1930 0.33095434308052063
2073 1935 0.40086665749549866
2075 1936 0.3977414071559906
2076 1944 0.30896031856536865
2077 1945 0.287483811378479
2078 1970 0.4758593738079071
2079 2008 0.29339054226875305
2081 1951 0.5591508150100708
2083 1925 0.3300931751728058
2089 1928 0.41806235909461975
2091 1980 0.3866146206855774
2094 1964 0.39945122599601746
2095 1942 0.3671479821205139
2097 2009 0.5005336403846741
2100 1976 0.5704972743988037
2101 1886 0.3337501883506775
2103 1950 0.34672868251800537
2104 1952 0.5448833703994751
2105 1966 0.7095526456832886
2106 1967 0.5147451162338257
2109 1991 0.4311196506023407
2110 1992 0.3880482017993927
2111 2004 0.5755521655082703
2114 1977 0.4169001877307892
2115 1983 0.4773170053958893
2116 1961 0.3063952326774597
2117 1986 0.5018131136894226
2118 1932 0.4797622263431549
2119 2003 0.49077939987182617
2120 2006 0.5007527470588684
2122 1939 0.30305036902427673
2123 1940 0.4556145966053009
2125 2014 0.4816932678222656
2126 1998 0.4739097058773041
2127 2015 0.5028756856918335
2128 2016 0.5340861082077026
2130 1987 0.5499069094657898
2131 1988 0.3375726044178009
2132 1965 0.461635023355484
2133 2021 0.34476351737976074
2134 1968 0.6366226673126221
2135 2023 0.6030429601669312
2136 2024 0.4882221519947052
2137 2007 0.49067410826683044
2140 2013 0.25363487005233765
2141 1990 0.47531014680862427
2142 1999 0.42454466223716736
2143 2000 0.4014960527420044
2144 2039 0.3789336681365967
2145 2040 0.8820375204086304
2146 2010 0.615123987197876
2147 2028 0.4202561378479004
2148 2029 0.39458444714546204
2149 2030 0.3523699641227722
2150 2031 0.39090338349342346
2151 1995 0.2809330224990845
2152 1996 0.26705795526504517
2153 2045 0.6453468799591064
2154 2034 0.3972539007663727
2155 2001 0.4725314676761627
2156 2002 0.34881383180618286
2157 1981 0.4337040185928345
2158 2038 0.49872061610221863
2159 2026 0.3203851878643036
2160 2053 0.3504526615142822
2161 1958 0.542316198348999
2162 1971 0.28022339940071106
2163 1972 0.27021366357803345
2165 2055 0.2693938910961151
2166 2042 0.3790612518787384
2167 2032 0.4875442385673523
2168 2098 0.4216568171977997
2170 2017 0.5064023733139038
2172 2036 0.33086976408958435
2173 2059 0.35700228810310364
2174 2018 0.43472063541412354
2175 2019 0.4498978853225708
2176 2088 0.3285742998123169
2177 2071 0.41112545132637024
2179 1974 0.5140886902809143
2181 2056 0.265154629945755
2182 2037 0.3374637961387634
2183 2047 0.6460636854171753
2184 2048 0.35376831889152527
2185 2049 0.3536445200443268
2186 2050 0.47099006175994873
2187 2063 0.4707179665565491
2188 2025 0.46285831928253174
2189 2072 0.4014531672000885
2191 2082 0.3468394875526428
2192 2041 0.33371198177337646
2193 2033 0.40624889731407166
2194 2065 0.3787122070789337
2196 2043 0.2686596214771271
2197 2061 0.49547845125198364
2198 2062 0.6285149455070496
2199 2046 0.6128608584403992
2200 2051 0.4794063866138458
2201 2052 0.608143150806427
2202 2064 0.4225919842720032
2203 2079 0.3584621250629425
2204 2081 0.39828723669052124
2207 1994 0.5274144411087036
2210 2102 0.3864597976207733
2211 2068 0.39744338393211365
2212 2086 0.37508049607276917
2213 2060 0.4924353361129761
2214 2089 0.6078323721885681
2216 2080 0.3700314462184906
2217 1982 0.30646681785583496
2220 2074 0.380842924118042
2221 2097 0.2999802529811859
2222 2100 0.7338391542434692
2223 2084 0.7461180090904236
2226 2188 0.3204267621040344
2227 2090 0.669528067111969
2228 2135 0.36382800340652466
2230 2118 0.31933584809303284
2232 2110 0.3421252369880676
2234 2094 0.39751312136650085
2235 2083 0.28475382924079895
2236 2085 0.5745562314987183
2237 2035 0.2768760323524475
2238 2114 0.43103620409965515
2239 2078 0.6196328401565552
2240 2069 0.5823999047279358
2241 2087 0.49436691403388977
2242 2137 0.30452704429626465
2244 2067 0.43407973647117615
2246 2104 0.5102543830871582
2247 2122 0.4620913565158844
2248 2123 0.30619046092033386
2249 2105 0.8028178811073303
2250 2125 0.5852517485618591
2252 2136 0.333149790763855
2253 2149 0.36047545075416565
2254 2107 0.4036098122596741
2255 2108 0.3668137490749359
2256 2096 0.294097900390625
2257 2111 0.6176393032073975
2258 2116 0.4040754437446594
2259 2127 0.4925861060619354
2260 2073 0.30324435234069824
2261 2151 0.2705736458301544
2262 2152 0.3143604099750519
2263 2153 0.43485787510871887
2264 2091 0.47651833295822144
2266 2109 0.8200976848602295
2267 2128 0.2833743989467621
2268 2093 0.42653846740722656
2269 2130 0.5901789665222168
2270 2132 0.37183982133865356
2271 2134 0.7505899667739868
2272 2113 0.4363488256931305
2274 2124 0.6043383479118347
2276 2147 0.3431781232357025
2277 2192 0.27122262120246887
2281 2131 0.2712826430797577
2282 2120 0.5819540619850159
2283 2133 0.3886522650718689
2284 2112 0.38485437631607056
2285 2121 0.48559531569480896
2286 2115 0.341961145401001
2288 2205 0.5577001571655273
2289 2189 0.46595945954322815
2290 2171 0.28904062509536743
2291 2172 0.40809181332588196
2292 2190 0.31984636187553406
2293 2150 0.2696704864501953
2294 2160 0.3017350435256958
2297 2139 0.4283059239387512
2298 2194 0.3322632610797882
2299 2154 0.29195868968963623
2300 2119 0.3333125114440918
2301 2140 0.4783400297164917
2302 2141 0.45133277773857117
2304 2143 0.3346974849700928
2305 2144 0.5157986283302307
2306 2145 0.6683338284492493
2307 2159 0.4853513240814209
2309 2148 0.33508041501045227
2316 2162 0.3779098093509674
2317 2129 0.41902071237564087
2318 2163 0.6292093992233276
2320 2155 0.3236922323703766
2321 2142 0.25849929451942444
2322 2179 0.5693601965904236
2323 2157 0.6961751580238342
2324 2158 0.6421177387237549
2325 2184 0.5489009022712708
2326 2169 0.6385197639465332
2327 2186 0.3007473647594452
2328 2187 0.3854472041130066
2332 2164 0.5286951065063477
2333 2165 0.39005210995674133
2334 2236 0.4358888268470764
2335 2166 0.48637673258781433
2337 2146 0.3016429841518402
2338 2185 0.3638869822025299
2340 2245 0.26398488879203796
2344 2176 0.26103705167770386
2346 2220 0.3819012939929962
2348 2168 0.33296048641204834
2349 2178 0.4709577262401581
2351 2181 0.41645076870918274
2352 2182 0.44171348214149475
2353 2206 0.40847572684288025
2358 2292 0.3293532729148865
2360 2209 0.2642297148704529
2361 2196 0.4737596809864044
2366 2197 0.3235826790332794
2368 2177 0.5003947615623474
2369 2199 0.5220305323600769
2370 2226 0.3761361241340637
2371 2200 0.6330989599227905
2372 2228 0.388333261013031
2373 2214 0.47421398758888245
2374 2217 0.48184671998023987
2376 2273 0.3118272125720978
2377 2246 0.39563536643981934
2379 2210 0.4684939384460449
2380 2211 0.45896559953689575
2383 2180 0.3130909502506256
2384 2183 0.5034914016723633
2385 2213 0.4974210262298584
2386 2218 0.36231347918510437
2389 2272 0.2828346788883209
2390 2233 0.2802359461784363
2393 2235 0.5583723187446594
2394 2225 0.4748933017253876
2395 2201 0.5020658373832703
2396 2170 0.32307419180870056
2397 2254 0.5721345543861389
2399 2243 0.29501113295555115
2400 2229 0.49905651807785034
2401 2291 0.4065461754798889
2404 2275 0.3074897229671478
2406 2260 0.3594401180744171
2407 2234 0.4399796426296234
2409 2237 0.32904088497161865
2412 2269 0.5020845532417297
2414 2252 0.4874001145362854
2415 2253 0.4477517306804657
2416 2241 0.4404759109020233
2417 2242 0.3898427486419678
2418 2270 0.2797275483608246
2419 2255 0.36556559801101685
2420 2312 0.38872861862182617
2422 2248 0.4376607835292816
2423 2249 0.3993918001651764
2425 2262 0.39291417598724365
2427 2221 0.5470535755157471
2428 2223 0.370372474193573
2429 2224 0.3595062792301178
2431 2265 0.3241027593612671
2433 2256 0.42098578810691833
2434 2335 0.263696551322937
2436 2247 0.2559063732624054
2437 2261 0.25253474712371826
2439 2267 0.5838652849197388
2441 2290 0.5184716582298279
2442 2328 0.3359273374080658
2443 2271 0.36871960759162903
2445 2313 0.2763173282146454
2446 2314 0.2773805558681488
2448 2258 0.37867283821105957
2449 2259 0.39575573801994324
2451 2279 0.4389348328113556
2453 2264 0.3938118815422058
2455 2239 0.5506715774536133
2456 2326 0.3313620388507843
2457 2297 0.39025378227233887
2459 2276 0.5961019992828369
2460 2277 0.30695852637290955
2462 2301 0.32906287908554077
2464 2250 0.345483660697937
2465 2305 0.3689323961734772
2467 2266 0.3261737525463104
2468 2281 0.46241888403892517
2469 2282 0.4394349455833435
2470 2296 0.5547804236412048
2474 2330 0.3943173587322235
2476 2294 0.39928480982780457
2478 2323 0.5333480834960938
2479 2285 0.5230975151062012
2480 2309 0.34588882327079773
2481 2299 0.6946285963058472
2482 2311 0.3052242696285248
2483 2342 0.5094307661056519
2484 2318 0.34347212314605713
2485 2331 0.4023953080177307
2486 2332 0.41254526376724243
2487 2319 0.46218347549438477
2489 2322 0.3747865557670593
2490 2284 0.6296704411506653
2491 2286 0.5384773015975952
2492 2325 0.5107972621917725
2493 2327 0.5458820462226868
2494 2344 0.42960476875305176
2495 2293 0.3679966330528259
2496 2338 0.41399523615837097
2499 2306 0.3401329517364502
2500 2283 0.5666409730911255
2501 2353 0.8945120573043823
2504 2354 0.5489909648895264
2505 2357 0.3211030960083008
2506 2336 0.4173687994480133
2507 2337 0.3738730251789093
2508 2346 0.43498605489730835
2509 2339 0.8638150095939636
2510 2295 0.38493916392326355
2511 2320 0.34032827615737915
2513 2359 0.2863575518131256
2515 2347 0.5166424512863159
2517 2360 0.5610818266868591
2518 2333 0.5159885883331299
2519 2351 0.7198499441146851
2520 2352 0.46876612305641174
2521 2363 0.39677873253822327
2523 2355 0.4147733747959137
2524 2356 0.4691323935985565
2525 2374 0.3758571445941925
2526 2345 0.3675420880317688
2530 2324 0.87650066614151
2531 2308 0.38334447145462036
2532 2364 0.5672573447227478
2533 2370 0.5567675232887268
2534 2341 0.5269981622695923
2535 2366 0.5072777271270752
2536 2358 0.40604478120803833
2537 2343 0.8103901743888855
2538 2365 0.40555909276008606
2539 2348 0.31987565755844116
2540 2350 0.6948147416114807
2541 2371 0.5804758071899414
2545 2349 0.2535451650619507
2546 2369 0.615379810333252
2548 2383 0.4803290069103241
2549 2393 0.3586050271987915
2550 2367 0.3572120666503906
2551 2402 0.4296104907989502
2553 2388 0.31547313928604126
2554 2375 0.469163715839386
2555 2361 0.3291507363319397
2557 2384 0.4826754927635193
2559 2372 0.32456454634666443
2560 2373 0.3659255802631378
2563 2387 0.6216855645179749
2564 2368 0.445519357919693
2565 2398 0.32515257596969604
2566 2392 0.5516376495361328
2567 2404 0.38510292768478394
2568 2396 0.4155743718147278
2569 2397 0.4572320878505707
2571 2378 0.44552913308143616
2572 2415 0.41651469469070435
2573 2400 0.5159118175506592
2574 2421 0.5221465826034546
2575 2395 0.5250552296638489
2576 2403 0.5355315208435059
2577 2425 0.2948204278945923
2578 2406 0.5240267515182495
2579 2376 0.7702767848968506
2581 2401 0.3600442707538605
2582 2434 0.4239438474178314
2583 2422 0.3953181505203247
2585 2417 0.7498173117637634
2586 2405 0.9298260807991028
2587 2407 0.5432992577552795
2588 2408 0.5084706544876099
2589 2409 0.4605449438095093
2590 2410 0.39398056268692017
2591 2411 0.4867841601371765
2593 2426 0.30716878175735474
2594 2442 0.3375307321548462
2595 2461 0.4555537700653076
2596 2501 0.2734557092189789
2597 2428 0.5085293650627136
2598 2429 0.49152839183807373
2599 2430 0.5964534282684326
2600 2386 0.4148022532463074
2603 2377 0.6395936012268066
2604 2379 0.39861708879470825
2605 2443 0.4065481126308441
2607 2454 0.7258771657943726
2608 2416 0.34721148014068604
2611 2455 0.3093344569206238
2612 2435 0.5065941214561462
2613 2427 0.7728934288024902
2614 2444 0.7655954957008362
2615 2419 0.44022056460380554
2616 2431 0.5318400263786316
2617 2432 0.5014906525611877
2618 2469 0.38964909315109253
2620 2438 0.36184248328208923
2622 2412 0.44598570466041565
2623 2472 0.33121228218078613
2624 2448 0.5877687931060791
2625 2465 0.678799033164978
2626 2436 0.3301747143268585
2627 2413 0.38061127066612244
2629 2477 0.48428836464881897
2631 2466 0.5443131327629089
2632 2467 0.5255266427993774
2633 2424 0.4055161476135254
2634 2491 0.35977861285209656
2635 2449 0.396305650472641
2636 2474 0.6491925716400146
2638 2478 0.33672791719436646
2639 2479 0.4176817834377289
2640 2480 0.6801844835281372
2643 2463 0.3139343857765198
2644 2468 0.359158456325531
2646 2484 0.6129193305969238
2647 2458 0.3175986111164093
2648 2450 0.4497031271457672
2649 2459 0.7476223707199097
2650 2473 0.6472946405410767
2651 2460 0.42682984471321106
2653 2485 0.3954569399356842
2654 2506 0.4128073751926422
2655 2452 0.3715207874774933
2656 2440 0.3862711191177368
2658 2475 0.546632707118988
2659 2488 0.41192173957824707
2660 2489 0.5382980704307556
2661 2497 0.43726322054862976
2662 2499 0.46556946635246277
2663 2500 0.4147927463054657
2665 2532 0.29504629969596863
2666 2517 0.40808984637260437
2667 2505 0.446576863527298
2670 2508 0.3097453713417053
2671 2487 0.5420695543289185
2672 2512 0.32902616262435913
2673 2561 0.4090620279312134
2674 2533 0.2843649387359619
2675 2534 0.40457284450531006
2677 2464 0.35534366965293884
2678 2503 0.4410442113876343
2679 2550 0.34056854248046875
2680 2525 0.3594870865345001
2681 2493 0.5409793853759766
2682 2511 0.38745248317718506
2683 2513 0.43842819333076477
2684 2544 0.47563254833221436
2685 2530 0.4184492826461792
2686 2516 0.3806849718093872
2688 2555 0.5569225549697876
2689 2518 0.9803356528282166
2692 2494 0.5532318949699402
2693 2495 0.4168846905231476
2695 2496 0.34238341450691223
2703 2521 0.5491338968276978
2704 2510 0.45638781785964966
2705 2542 0.5010226964950562
2706 2543 0.46767792105674744
2708 2502 0.4915035367012024
2710 2535 0.48893970251083374
2711 2552 0.5007250905036926
2712 2554 0.7513778209686279
2713 2536 0.6057647466659546
2714 2520 0.2710193991661072
2715 2471 0.38686394691467285
2716 2572 0.29454922676086426
2717 2492 0.4521099328994751
2718 2585 0.6955506801605225
2719 2579 0.335981160402298
2721 2553 0.8156144022941589
2722 2537 0.3475361168384552
2723 2507 0.3341422379016876
2724 2538 0.35653141140937805
2725 2556 0.3581030070781708
2727 2540 0.38891181349754333
2732 2529 0.48788005113601685
2733 2562 0.4344715476036072
2734 2545 0.6236879825592041
2738 2589 0.3542984127998352
2739 2598 0.5034419298171997
2740 2582 0.37696027755737305
2741 2519 0.3145715594291687
2742 2527 0.6145986318588257
2743 2575 0.446576863527298
2745 2476 0.5224493741989136
2746 2594 0.7171823978424072
2747 2588 0.6017176508903503
2748 2563 0.3324715197086334
2749 2591 0.3128548562526703
2750 2592 0.6118680834770203
2752 2566 0.6731697916984558
2753 2567 0.471303254365921
2754 2569 0.4333096146583557
2755 2570 0.39079567790031433
2756 2557 0.2647642195224762
2758 2526 0.3760518431663513
2759 2564 0.41951894760131836
2760 2607 0.4431949555873871
2761 2620 0.4255300462245941
2763 2568 0.45069319009780884
2765 2586 0.5107237100601196
2766 2587 0.3513237237930298
2767 2613 0.36768829822540283
2768 2576 0.4129503071308136
2773 2581 0.5054046511650085
2775 2601 0.2707166373729706
2776 2584 0.2728997468948364
2778 2604 0.36937668919563293
2780 2614 0.5651105046272278
2781 2606 0.3673689663410187
2782 2546 0.32017382979393005
2783 2599 0.5553759932518005
2785 2621 0.4328961670398712
2786 2633 0.3281925320625305
2787 2571 0.3253188133239746
2788 2602 0.29701828956604004
2790 2627 0.862171471118927
2791 2616 0.519629955291748
2792 2617 0.4482404887676239
2794 2618 0.42280563712120056
2795 2653 0.41186007857322693
2796 2622 0.6729650497436523
2797 2610 0.4341700077056885
2798 2630 0.38828957080841064
2800 2631 0.9613146185874939
2801 2663 0.3164406716823578
2804 2609 0.3572935163974762
2805 2635 0.38621440529823303
2806 2636 0.42666909098625183
2808 2624 0.5222671031951904
2809 2625 0.3096582293510437
2810 2611 0.5754534006118774
2811 2612 0.3809395432472229
2813 2650 0.44874605536460876
2815 2629 0.40777358412742615
2816 2632 0.5192312002182007
2817 2652 0.3446185290813446
2818 2655 0.27191153168678284
2820 2634 0.37161362171173096
2822 2639 0.5075414776802063
2823 2603 0.5518838763237
2824 2641 0.3622716963291168
2825 2672 0.3086269497871399
2826 2644 0.33612123131752014
2827 2677 0.27940255403518677
2828 2685 0.41899755597114563
2829 2657 0.2847239673137665
2830 2691 0.49960508942604065
2832 2642 0.37007519602775574
2833 2675 0.4473535120487213
2834 2690 0.3379095196723938
2836 2647 0.4129786491394043
2837 2746 0.715943455696106
2838 2637 0.26167887449264526
2840 2673 0.2932755649089813
2841 2643 0.39378559589385986
2842 2674 0.3908810317516327
2843 2693 0.3457822799682617
2845 2684 0.27344319224357605
2846 2679 0.2660923898220062
2847 2687 0.34316402673721313
2848 2665 0.3551051616668701
2849 2646 0.5319095253944397
2850 2660 0.43803659081459045
2851 2648 0.5276257395744324
2852 2668 0.8030989170074463
2853 2669 0.5262332558631897
2854 2626 0.47058913111686707
2855 2670 0.4903653562068939
2856 2671 0.37513449788093567
2858 2692 0.29711800813674927
2861 2705 0.36884620785713196
2863 2706 0.4200593829154968
2864 2717 0.359822541475296
2865 2694 0.26199251413345337
2868 2686 0.2783666253089905
2870 2680 0.4003291428089142
2872 2697 0.4215695559978485
2873 2659 0.4702069163322449
2874 2666 0.6402649283409119
2875 2662 0.6197481155395508
2876 2702 0.2771695554256439
2878 2703 0.263477087020874
2880 2729 0.4434596300125122
2881 2730 0.4468567669391632
2883 2689 0.38241809606552124
2884 2661 0.4586225748062134
2886 2714 0.3099566400051117
2888 2741 0.3765147626399994
2889 2742 0.5126439332962036
2890 2731 0.3123811185359955
2891 2716 0.3210320770740509
2893 2698 0.4992012083530426
2894 2682 0.34327825903892517
2898 2711 0.4743976294994354
2899 2712 0.39600491523742676
2901 2713 0.38027966022491455
2902 2701 0.3940425515174866
2905 2722 0.32784029841423035
2908 2738 0.2764359414577484
2909 2787 0.27439093589782715
2910 2757 0.3322797417640686
2912 2732 0.3432926833629608
2914 2718 0.3444959819316864
2915 2721 0.47920846939086914
2916 2700 0.5055338144302368
2917 2724 0.29666951298713684
2919 2725 0.3233201503753662
2920 2726 0.3902105987071991
2921 2737 0.30945101380348206
2922 2727 0.2963313162326813
2923 2758 0.44695863127708435
2924 2734 0.26625436544418335
2925 2707 0.4016193449497223
2926 2720 0.3348197638988495
2927 2736 0.8129973411560059
2928 2715 0.4012797474861145
2929 2789 0.4752303659915924
2931 2790 0.35382771492004395
2932 2759 0.470704048871994
2935 2751 0.4138965606689453
2936 2761 0.27438387274742126
2937 2755 0.32179439067840576
2940 2788 0.32696011662483215
2941 2779 0.33702027797698975
2942 2765 0.3211248517036438
2943 2760 0.4263339340686798
2944 2770 0.381326287984848
2945 2735 0.6687418818473816
2946 2747 0.28344789147377014
2947 2750 0.4239058196544647
2948 2753 0.405621737241745
2949 2763 0.4301779270172119
2951 2792 0.32451874017715454
2952 2780 0.45092880725860596
2954 2771 0.5327228307723999
2955 2772 0.4441058933734894
2956 2785 0.3793379068374634
2957 2774 0.3054802417755127
2959 2835 0.49461400508880615
2960 2827 0.33086344599723816
2962 2745 0.49005913734436035
2963 2806 0.38016360998153687
2965 2748 0.5810573697090149
2966 2811 0.47640836238861084
2968 2762 0.28397008776664734
2969 2754 0.955634593963623
2970 2784 0.3726907968521118
2972 2802 0.3847541809082031
2973 2803 0.3400813639163971
2974 2804 0.3945927321910858
2975 2793 0.5009758472442627
2976 2768 0.9854987263679504
2977 2781 0.40607303380966187
2978 2782 0.5018298625946045
2979 2783 0.4614351987838745
2980 2825 0.41541823744773865
2982 2815 0.4559279978275299
2983 2775 0.26031386852264404
2984 2805 0.3787793815135956
2985 2807 0.4101417064666748
2988 2860 0.46431729197502136
2989 2819 0.34021857380867004
2990 2828 0.343696266412735
2991 2840 0.4113278090953827
2993 2854 0.7462639212608337
2994 2796 0.32304647564888
2995 2798 0.2678726613521576
2996 2791 0.4060145616531372
3000 2899 0.41743090748786926
3001 2836 0.4864296019077301
3003 2818 0.3477662205696106
3005 2794 0.37389692664146423
3006 2853 0.4363471567630768
3007 2808 0.4977465569972992
3008 2797 0.7753133773803711
3009 2809 0.4529151916503906
3010 2810 0.3448236882686615
3011 2812 0.29208317399024963
3012 2813 0.4545157551765442
3013 2823 0.6367173790931702
3014 2814 0.5345533490180969
3018 2837 0.45467573404312134
3021 2838 0.3531406819820404
3022 2795 0.4673345983028412
3024 2821 0.2993800938129425
3026 2824 0.4372786283493042
3027 2849 0.39429178833961487
3028 2861 0.3749195635318756
3029 2850 0.6033915877342224
3030 2820 0.4093515872955322
3031 2830 0.44995108246803284
3032 2888 0.33099284768104553
3033 2831 0.5661612749099731
3034 2832 0.6029601097106934
3035 2833 0.2880208492279053
3036 2816 0.5738290548324585
3037 2848 0.5951488018035889
3038 2817 0.40126025676727295
3040 2869 0.48888981342315674
3042 2862 0.31012606620788574
3043 2863 0.5122241377830505
3044 2882 0.6959766745567322
3046 2842 0.3216974437236786
3047 2844 0.35845357179641724
3048 2845 0.33117249608039856
3050 2846 0.7956068515777588
3051 2847 0.3377542197704315
3052 2826 0.37823647260665894
3054 2859 0.6409235000610352
3055 2866 0.3104252219200134
3056 2892 0.3914700746536255
3058 2881 0.37027499079704285
3060 2868 0.47287723422050476
3062 2839 0.6277278065681458
3063 2872 0.26430684328079224
3064 2852 0.301103800535202
3066 2843 0.5154942274093628
3067 2857 0.5707427263259888
3068 2858 0.8399133086204529
3069 2867 0.43421638011932373
3070 2851 0.41987836360931396
3071 2855 0.32533371448516846
3072 2856 0.44180700182914734
3073 2875 0.4280560314655304
3075 2894 0.28564757108688354
3076 2874 0.775164008140564
3078 2877 0.4971502423286438
3079 2878 0.47019124031066895
3081 2893 0.7018367648124695
3083 2870 0.40861910581588745
3084 2895 0.4380963444709778
3086 2883 0.26015058159828186
3087 2896 0.33251434564590454
3088 2873 0.33794623613357544
3090 2879 0.42722976207733154
3091 2880 0.5123193860054016
3092 2898 0.48104092478752136
3093 2921 0.3418933153152466
3095 2901 0.979327380657196
3096 2885 0.4209745526313782
3097 2886 0.351457417011261
3098 2897 0.4872904419898987
3100 2891 0.3894202709197998
3101 2937 0.39428651332855225
3102 2922 0.3671056032180786
3103 2913 0.7680138945579529
3104 2907 0.4589459300041199
3105 2914 0.3295864164829254
3108 2902 0.5864960551261902
3109 2924 0.3013571798801422
3110 2949 0.3725234270095825
3111 2909 0.9620299935340881
3113 2926 0.3551783263683319
3115 2934 0.34415316581726074
3116 2915 0.5710279941558838
3117 2916 0.3777008354663849
3118 2917 0.4418630599975586
3120 2947 0.3005925118923187
3122 2912 0.4351702630519867
3123 2906 0.6706125140190125
3125 2928 0.33588922023773193
3126 2929 0.502050518989563
3127 2930 0.5520334243774414
3128 2920 0.329913467168808
3130 2970 0.28137463331222534
3131 2971 0.37191498279571533
3132 2957 0.4251159131526947
3133 2981 0.2799031436443329
3135 2932 0.3066738247871399
3139 2931 0.3619280755519867
3140 2936 0.45631512999534607
3141 2958 0.5642445683479309
3143 2938 0.3174569010734558
3145 2927 0.31822681427001953
3146 2933 0.44488289952278137
3148 2966 0.5342557430267334
3149 2987 0.4860655963420868
3150 2944 0.3131061792373657
3152 2946 0.42753952741622925
3153 2989 0.3806290626525879
3155 2961 0.4218361973762512
3156 2925 0.4688895046710968
3158 2952 0.738679051399231
3159 2940 0.6847625970840454
3160 2941 0.2507050335407257
3162 2954 0.39587879180908203
3163 2967 0.4277817904949188
3164 2955 0.44017815589904785
3165 2945 0.43213966488838196
3166 3006 0.35031065344810486
3167 2980 0.512204110622406
3168 2991 0.43379709124565125
3170 3016 0.3285200893878937
3171 3055 0.5190386176109314
3173 2939 0.43322286009788513
3175 2964 0.2917354702949524
3176 2977 0.25303786993026733
3177 2956 0.33571019768714905
3178 2992 0.5850977301597595
3179 2948 0.32554754614830017
3180 2951 0.32466360926628113
3181 2963 0.7080709338188171
3183 2975 0.42021164298057556
3186 2978 0.3655795454978943
3187 2968 0.25643160939216614
3190 2979 0.36830243468284607
3191 2984 0.4436466097831726
3192 2962 0.4621164798736572
3193 3009 0.9116590023040771
3194 2974 0.5144672989845276
3196 3020 0.45215219259262085
3197 2986 0.3548780083656311
3198 3002 0.4285984933376312
3199 3022 0.38286474347114563
3200 3043 0.3748730719089508
3201 3035 0.3377642035484314
3202 2990 0.40125909447669983
3203 2994 0.4825659394264221
3204 2995 0.41252636909484863
3205 2996 0.3647308945655823
3206 3000 0.4119991362094879
3207 3001 0.382248193025589
3208 2976 0.32096779346466064
3209 2988 0.29496103525161743
3210 3005 0.2778110206127167
3211 3024 0.4283626973628998
3213 3033 0.32599958777427673
3215 3014 0.34596535563468933
3217 2959 0.5099080801010132
3218 2982 0.39536190032958984
3219 3031 0.42802417278289795
3221 3012 0.844254732131958
3222 3021 0.542155921459198
3223 3004 0.4850362241268158
3227 2910 0.3992592990398407
3228 3007 0.45730099081993103
3229 3018 0.5155611038208008
3230 2998 0.5056037306785583
3232 3008 0.9493795037269592
3233 3010 0.6559567451477051
3234 2973 0.35896429419517517
3235 3011 0.30169478058815
3236 3042 0.348726361989975
3237 3013 0.47097840905189514
3238 3025 0.47457456588745117
3239 3026 0.397862046957016
3240 3029 0.49731573462486267
3241 3040 0.34817373752593994
3243 3023 0.3992767930030823
3244 3054 0.41273218393325806
3246 3046 0.254630982875824
3247 2993 0.42588895559310913
3248 3091 0.7275862693786621
3250 3028 0.7862643003463745
3251 3060 0.38791388273239136
3252 3073 0.25809356570243835
3253 3053 0.29157665371894836
3254 3062 0.6993052363395691
3255 3063 0.278736412525177
3256 3017 0.45035162568092346
3257 3057 0.4611738622188568
3259 3027 0.3435635268688202
3261 3050 0.7417066693305969
3262 3051 0.5987176299095154
3263 3079 0.30758562684059143
3265 2997 0.33966323733329773
3266 3049 0.4779127836227417
3267 3078 0.381437212228775
3269 3139 0.6738076210021973
3272 3058 0.5273847579956055
3273 3048 0.4702656865119934
3274 3067 0.7180912494659424
3275 3069 0.6776211857795715
3276 3071 0.636631190776825
3277 3082 0.3727867603302002
3280 3064 0.39161309599876404
3281 3056 0.2840949594974518
3282 3047 0.30334386229515076
3287 3098 0.35555484890937805
3289 3074 0.396677702665329
3290 3090 0.3376137912273407
3291 3065 0.3417958617210388
3293 3109 0.5534297823905945
3294 3111 0.6551539897918701
3296 3096 0.3431044816970825
3297 3099 0.39972713589668274
3300 3134 0.3122658431529999
3302 3088 0.7922375798225403
3303 3141 0.5376824140548706
3304 3113 0.5396766662597656
3305 3101 0.3650169372558594
3306 3102 0.3582051396369934
3307 3103 0.35060811042785645
3308 3086 0.36333009600639343
3309 3076 0.3652777671813965
3310 3066 0.40226486325263977
3311 3094 0.5032331347465515
3312 3097 0.38365352153778076
3314 3121 0.5055125951766968
3317 3092 0.37918636202812195
3318 3077 0.4329448938369751
3319 3106 0.8631595373153687
3320 3110 0.38496634364128113
3321 3120 0.5074727535247803
3323 3138 0.3449808955192566
3324 3087 0.44929030537605286
3325 3105 0.5555115938186646
3326 3146 0.5114021897315979
3327 3132 0.389507919549942
3328 3133 0.3001788556575775
3329 3140 0.6106112599372864
3330 3124 0.42693567276000977
3331 3135 0.553755521774292
3332 3119 0.38688239455223083
3334 3126 0.3264656364917755
3335 3145 0.41227465867996216
3336 3130 0.33207258582115173
3337 3147 0.44614818692207336
3338 3148 0.5853633880615234
3339 3193 0.4902353882789612
3340 3142 0.3839053213596344
3341 3161 0.3397863507270813
3343 3116 0.736601710319519
3344 3123 0.3278012275695801
3345 3093 0.47285422682762146
3346 3118 0.38507649302482605
3348 3115 0.468330442905426
3349 3174 0.36624675989151
3350 3151 0.5269066691398621
3351 3164 0.36138176918029785
3353 3152 0.5063241124153137
3354 3166 0.46102261543273926
3356 3172 0.5050162672996521
3357 3195 0.3117641508579254
3358 3167 0.4708378314971924
3359 3155 0.5834400653839111
3360 3156 0.39335885643959045
3361 3168 0.5166587233543396
3362 3159 0.3236459195613861
3363 3160 0.3131384253501892
3364 3170 0.39126890897750854
3367 3173 0.4562346339225769
3369 3150 0.6662871837615967
3370 3194 0.6627256870269775
3371 3158 0.39616960287094116
3372 3169 0.41212213039398193
3373 3180 0.5667890310287476
3374 3163 0.2930586040019989
3375 3165 0.27635106444358826
3376 3185 0.43898212909698486
3377 3176 0.7370880246162415
3378 3186 0.4705043137073517
3379 3187 0.9814010858535767
3380 3177 0.45886409282684326
3381 3179 0.2982330918312073
3382 3191 0.48848527669906616
3383 3197 0.7300543785095215
3385 3205 0.282284677028656
3386 3183 0.32113924622535706
3387 3188 0.32603877782821655
3388 3189 0.3781120479106903
3389 3202 0.4666095972061157
3390 3181 0.4364137649536133
3392 3196 0.37838295102119446
3395 3178 0.3814223110675812
3396 3199 0.4430939555168152
3397 3171 0.697467029094696
3399 3184 0.32010331749916077
3400 3207 0.38206741213798523
3402 3210 0.43182823061943054
3403 3231 0.4327950179576874
3404 3218 0.40164270997047424
3405 3204 0.45725739002227783
3406 3211 0.3591320812702179
3407 3234 0.32885268330574036
3408 3209 0.38508090376853943
3412 3223 0.47913581132888794
3413 3225 0.3535130023956299
3414 3201 0.3637530505657196
3415 3260 0.6152783036231995
3416 3213 0.4764038324356079
3417 3227 0.4233846366405487
3418 3215 0.5752800107002258
3420 3245 0.7904331684112549
3421 3265 0.48329731822013855
3423 3220 0.6302531957626343
3424 3221 0.4358243942260742
3425 3224 0.43803325295448303
3427 3237 0.6172147989273071
3429 3212 0.440310001373291
3431 3228 0.40947848558425903
3433 3246 0.6486430168151855
3434 3230 0.4708939790725708
3435 3232 0.37228086590766907
3436 3248 0.35700806975364685
3437 3238 0.5841042399406433
3438 3241 0.47966113686561584
3439 3242 0.3898955285549164
3441 3256 0.5170249342918396
3442 3257 0.38631755113601685
3444 3250 0.38917598128318787
3445 3251 0.5759316086769104
3447 3258 0.4506618082523346
3448 3270 0.564788818359375
3450 3267 0.49251753091812134
3452 3280 0.5595119595527649
3453 3269 0.41988396644592285
3454 3271 0.5133009552955627
3455 3259 0.5847300887107849
3456 3252 0.5968511700630188
3457 3272 0.44385144114494324
3458 3273 0.5597435832023621
3459 3274 0.35379329323768616
3461 3253 0.28245246410369873
3463 3264 0.4120404124259949
3464 3287 0.4684849977493286
3465 3326 0.4018798768520355
3467 3298 0.6062074303627014
3468 3276 0.46291396021842957
3469 3277 0.3445708751678467
3470 3198 0.27442702651023865
3471 3291 0.3037497103214264
3472 3290 0.312463641166687
3474 3266 0.9385408759117126
3475 3279 0.34381264448165894
3476 3288 0.40981173515319824
3477 3295 0.5127103924751282
3478 3282 0.3918103277683258
3479 3289 0.5095974206924438
3480 3283 0.4911591410636902
3481 3275 0.3615603446960449
3482 3278 0.4900885820388794
3483 3293 0.45079636573791504
3484 3297 0.3418118357658386
3485 3300 0.2882577180862427
3486 3309 0.43051937222480774
3487 3342 0.2717513144016266
3488 3343 0.29439422488212585
3489 3319 0.4050140976905823
3491 3327 0.7215352654457092
3492 3315 0.5923492908477783
3493 3316 0.32569071650505066
3494 3317 0.3114592730998993
3495 3318 0.4579503834247589
3496 3331 0.40760016441345215
3497 3299 0.3150813579559326
3498 3302 0.3424242436885834
3499 3303 0.25019174814224243
3500 3304 0.3216063380241394
3501 3344 0.32916393876075745
3503 3324 0.25968605279922485
3504 3305 0.5466410517692566
3505 3311 0.37080293893814087
3506 3306 0.3279910385608673
3507 3307 0.30186083912849426
3509 3313 0.3760930895805359
3510 3314 0.683751106262207
3511 3330 0.727851390838623
3512 3292 0.26238757371902466
3513 3301 0.3838496804237366
3514 3323 0.33513888716697693
3515 3312 0.3575621247291565
3516 3328 0.39611443877220154
3517 3329 0.49488863348960876
3522 3347 0.4120533764362335
3523 3373 0.25442683696746826
3525 3348 0.36467140913009644
3526 3358 0.32414138317108154
3528 3321 0.3525175154209137
3529 3380 0.3881421983242035
3531 3333 0.2695994973182678
3535 3336 0.2938214838504791
3536 3352 0.28002890944480896
3537 3325 0.28934040665626526
3538 3354 0.43395888805389404
3540 3363 0.40397563576698303
3541 3338 0.3102148175239563
3542 3339 0.263807475566864
3543 3346 0.44187358021736145
3545 3334 0.3776018023490906
3546 3351 0.4614250659942627
3547 3345 0.4547867476940155
3548 3378 0.4978657066822052
3549 3379 0.44651171565055847
3553 3366 0.2980528473854065
3554 3371 0.5437185764312744
3555 3372 0.477458119392395
3556 3381 0.4257630407810211
3557 3357 0.49209168553352356
3558 3408 0.42207926511764526
3559 3395 0.31393948197364807
3561 3362 0.4016331434249878
3562 3387 0.5115182399749756
3563 3397 0.3436333239078522
3564 3388 0.568651556968689
3569 3409 0.2754635512828827
3572 3375 0.25632673501968384
3573 3360 0.39552104473114014
3575 3377 0.5391437411308289
3576 3398 0.40384969115257263
3577 3399 0.33108028769493103
3578 3414 0.3235832750797272
3579 3415 0.4321635663509369
3580 3364 0.27456003427505493
3581 3355 0.6432295441627502
3583 3368 0.5619032979011536
3584 3389 0.5270715355873108
3586 3392 0.422250360250473
3588 3386 0.4118640124797821
3589 3403 0.5626180171966553
3590 3404 0.5860381126403809
3591 3405 0.7496828436851501
3592 3390 0.4331803023815155
3593 3391 0.5580704212188721
3594 3407 0.3253423869609833
3595 3416 0.312120258808136
3597 3442 0.32284319400787354
3599 3417 0.3194936513900757
3600 3396 0.46811342239379883
3603 3383 0.3959018290042877
3604 3401 0.2961564362049103
3605 3422 0.2946751117706299
3607 3394 0.27633050084114075
3608 3426 0.47642335295677185
3611 3385 0.41137683391571045
3612 3413 0.4179515242576599
3613 3453 0.32077011466026306
3615 3406 0.5580560564994812
3617 3369 0.3359580934047699
3619 3423 0.3380342423915863
3620 3449 0.32342809438705444
3621 3450 0.3629435896873474
3622 3429 0.2637503743171692
3624 3430 0.5009113550186157
3625 3439 0.31540122628211975
3626 3466 0.280371755361557
3627 3441 0.4154622256755829
3630 3443 0.41968220472335815
3631 3444 0.45016956329345703
3632 3428 0.26752468943595886
3633 3456 0.4566590487957001
3634 3438 0.5130689740180969
3635 3440 0.36976757645606995
3636 3467 0.9686982035636902
3638 3433 0.352066308259964
3639 3460 0.29567161202430725
3640 3445 0.5902954936027527
3641 3419 0.33721286058425903
3643 3455 0.9710447788238525
3644 3457 0.3083901107311249
3647 3434 0.41222551465034485
3648 3446 0.2805621922016144
3649 3412 0.3432331085205078
3650 3471 0.33786827325820923
3651 3461 0.28337061405181885
3653 3472 0.3595138192176819
3654 3436 0.47134146094322205
3655 3437 0.375815212726593
3656 3464 0.33660078048706055
3659 3483 0.2591121196746826
3660 3503 0.3871820867061615
3661 3448 0.3872906565666199
3663 3490 0.4623562693595886
3664 3451 0.35229334235191345
3666 3463 0.27111324667930603
3667 3476 0.5685192346572876
3668 3454 0.46458128094673157
3669 3478 0.3707188069820404
3670 3480 0.26303672790527344
3671 3494 0.3064440190792084
3672 3481 0.6558635234832764
3674 3482 0.2925894558429718
3677 3497 0.2752358913421631
3678 3459 0.6400573253631592
3679 3498 0.27716055512428284
3681 3485 0.6013120412826538
3683 3462 0.6727167367935181
3685 3495 0.32917994260787964
3686 3501 0.5539044141769409
3687 3502 0.32594892382621765
3688 3468 0.5010756850242615
3689 3470 0.3017362058162689
3690 3508 0.4186432659626007
3691 3489 0.28810518980026245
3692 3491 0.32687875628471375
3694 3473 0.4492466151714325
3695 3474 0.5721274614334106
3696 3475 0.42398548126220703
3698 3493 0.5527677536010742
3699 3521 0.3252158463001251
3700 3486 0.6342616677284241
3701 3487 0.3447085916996002
3702 3447 0.35778042674064636
3703 3512 0.25738003849983215
3704 3513 0.33482933044433594
3705 3500 0.26770102977752686
3706 3535 0.3735055923461914
3708 3517 0.39794743061065674
3710 3518 0.43634799122810364
3713 3531 0.43331003189086914
3714 3523 0.356012225151062
3715 3488 0.4545547664165497
3716 3509 0.6116615533828735
3718 3516 0.4023880362510681
3722 3499 0.34766075015068054
3723 3506 0.641147255897522
3724 3524 0.37005332112312317
3728 3525 0.44778844714164734
3731 3526 0.8038904666900635
3732 3527 0.45478197932243347
3734 3528 0.5492381453514099
3735 3537 0.40387049317359924
3740 3504 0.3529248535633087
3742 3534 0.43344518542289734
3743 3547 0.3810296654701233
3744 3548 0.33314502239227295
3747 3549 0.3042176067829132
3748 3515 0.27620062232017517
3751 3553 0.3036993145942688
3752 3536 0.4507550895214081
3755 3576 0.2954658567905426
3756 3530 0.4879191219806671
3757 3532 0.2728094756603241
3758 3522 0.2817532420158386
3759 3567 0.3232951760292053
3761 3533 0.4244430363178253
3763 3510 0.4373403489589691
3764 3581 0.44684866070747375
3765 3550 0.4633379578590393
3766 3636 0.3413824439048767
3768 3555 0.48769211769104004
3769 3574 0.9766207933425903
3772 3586 0.5698034763336182
3773 3539 0.36456605792045593
3774 3540 0.26028260588645935
3775 3541 0.3599430024623871
3776 3545 0.2974616289138794
3777 3546 0.5128316879272461
3778 3568 0.6305285096168518
3779 3570 0.4396604597568512
3780 3571 0.3322233557701111
3781 3583 0.3772922158241272
3782 3572 0.665989875793457
3783 3573 0.4906970262527466
3785 3585 0.5319024324417114
3786 3598 0.37593314051628113
3789 3562 0.347647488117218
3790 3563 0.31935474276542664
3791 3578 0.32013779878616333
3792 3542 0.3375993072986603
3793 3544 0.4365186393260956
3795 3582 0.47565293312072754
3796 3551 0.42096051573753357
3797 3593 0.42431312799453735
3798 3595 0.8571123480796814
3800 3611 0.29581546783447266
3801 3600 0.38060182332992554
3802 3577 0.28333115577697754
3803 3565 0.386989027261734
3804 3566 0.30595168471336365
3807 3604 0.44424018263816833
3809 3606 0.42367708683013916
3810 3621 0.5667652487754822
3811 3623 0.3857811391353607
3812 3596 0.3920121490955353
3813 3597 0.43861764669418335
3817 3587 0.3998388350009918
3818 3559 0.9856011867523193
3821 3579 0.5092296600341797
3822 3698 0.4517802298069
3823 3590 0.29252612590789795
3824 3605 0.41107016801834106
3826 3639 0.5589380860328674
3827 3640 0.41328439116477966
3828 3619 0.35275158286094666
3829 3620 0.4586006999015808
3830 3643 0.48539623618125916
3831 3625 0.43698349595069885
3833 3645 0.32640835642814636
3839 3580 0.30233246088027954
3840 3603 0.27259543538093567
3841 3631 0.4461422264575958
3844 3638 0.30237454175949097
3846 3653 0.4095991849899292
3847 3622 0.48251578211784363
3848 3646 0.4204922616481781
3849 3648 0.2598743438720703
3850 3675 0.3061122000217438
3851 3615 0.42140355706214905
3852 3616 0.3576187193393707
3855 3632 0.3425741493701935
3856 3618 0.6220687031745911
3857 3711 0.5580560564994812
3859 3654 0.4311254024505615
3860 3644 0.3035423755645752
3861 3658 0.2565862238407135
3862 3659 0.3866772949695587
3863 3672 0.9560630321502686
3864 3614 0.3490740656852722
3865 3628 0.5248134136199951
3867 3665 0.416303426027298
3868 3634 0.27963581681251526
3869 3641 0.5312058925628662
3871 3660 0.48138877749443054
3872 3647 0.3467465341091156
3876 3661 0.31582021713256836
3877 3627 0.3605706989765167
3883 3652 0.2875559329986572
3887 3637 0.48235568404197693
3889 3668 0.5016169548034668
3891 3718 0.31203633546829224
3892 3723 0.3883810341358185
3893 3724 0.282850056886673
3894 3690 0.3924179971218109
3897 3680 0.4038843512535095
3898 3714 0.4202292859554291
3899 3667 0.335575133562088
3900 3707 0.640633225440979
3902 3683 0.3096219301223755
3904 3708 0.33799782395362854
3905 3687 0.6691827178001404
3908 3663 0.3484441041946411
3909 3697 0.471421480178833
3910 3699 0.5356444120407104
3911 3700 0.3823721408843994
3912 3679 0.32627391815185547
3914 3666 0.36525267362594604
3915 3681 0.38106709718704224
3916 3706 0.43487489223480225
3917 3674 0.36827048659324646
3918 3748 0.3388068974018097
3926 3689 0.4433395564556122
3927 3703 0.4062775671482086
3928 3704 0.3807579576969147
3929 3716 0.2676045596599579
3932 3693 0.2555654048919678
3933 3696 0.3145856559276581
3934 3720 0.3136940896511078
3935 3702 0.4616610109806061
3937 3744 0.5799750089645386
3939 3747 0.5168927907943726
3941 3725 0.3447030186653137
3942 3686 0.4427725076675415
3943 3676 0.3964046835899353
3944 3695 0.3086360692977905
3945 3730 0.29546865820884705
3946 3733 0.47804543375968933
3947 3701 0.3343009650707245
3949 3715 0.4925607442855835
3950 3739 0.426643431186676
3951 3722 0.8043222427368164
3954 3710 0.39388400316238403
3955 3691 0.5268152356147766
3956 3727 0.37153565883636475
3957 3719 0.38638755679130554
3959 3735 0.34555748105049133
3960 3736 0.5161042213439941
3961 3737 0.4739069938659668
3962 3743 0.45915737748146057
3964 3770 0.25905925035476685
3967 3728 0.2942129075527191
3968 3752 0.5093554258346558
3969 3738 0.4668668806552887
3970 3741 0.6781558394432068
3973 3726 0.3172580599784851
3974 3869 0.45898181200027466
3975 3754 0.4041914641857147
3977 3768 0.46684014797210693
3978 3769 0.29083681106567383
3979 3793 0.7750982046127319
3981 3772 0.36207273602485657
3983 3822 0.31323280930519104
3984 3762 0.392117977142334
3986 3750 0.5917564630508423
3987 3814 0.25565147399902344
3988 3780 0.329125314950943
3990 3764 0.380132794380188
3992 3784 0.5076760649681091
3993 3785 0.40757450461387634
3994 3787 0.41369450092315674
3995 3734 0.3281743824481964
3997 3753 0.33507370948791504
3998 3788 0.5296291708946228
3999 3789 0.4502893388271332
4000 3756 0.614129900932312
4003 3839 0.2963287830352783
4004 3811 0.35713714361190796
4006 3763 0.3736128509044647
4007 3778 0.6488230228424072
4008 3779 0.2747994661331177
4009 3781 0.3956051766872406
4010 3751 0.40977850556373596
4011 3783 0.5473207235336304
4013 3792 0.3670929968357086
4014 3823 0.4678603708744049
4015 3824 0.3714194595813751
4016 3825 0.3089559078216553
4017 3808 0.3651871979236603
4018 3826 0.3206615149974823
4019 3809 0.2559383511543274
4020 3798 0.3228659927845001
4021 3776 0.29326215386390686
4022 3732 0.3851315975189209
4023 3801 0.42555317282676697
4025 3818 0.462980180978775
4026 3819 0.42087340354919434
4027 3820 0.38984087109565735
4028 3856 0.31973108649253845
4030 3857 0.2917332351207733
4032 3879 0.5641498565673828
4033 3827 0.30030256509780884
4034 3813 0.2978377342224121
4037 3868 0.5069058537483215
4038 3815 0.4503348767757416
4039 3817 0.45198577642440796
4040 3848 0.532362699508667
4042 3837 0.4095499515533447
4043 3858 0.3461412489414215
4044 3861 0.34178900718688965
4045 3810 0.46997469663619995
4047 3828 0.26098155975341797
4048 3829 0.28737062215805054
4049 3830 0.31611794233322144
4052 3834 0.336919367313385
4053 3800 0.4531969130039215
4054 3847 0.3009573817253113
4055 3849 0.5853237509727478
4056 3791 0.3371974229812622
4057 3835 0.46290865540504456
4058 3851 0.6387024521827698
4059 3836 0.3235391676425934
4060 3859 0.2631998360157013
4061 3878 0.3149305582046509
4064 3862 0.33394917845726013
4066 3893 0.29893815517425537
4067 3832 0.4407082498073578
4069 3873 0.3763887286186218
4070 3852 0.47897592186927795
4071 3853 0.5012688040733337
4075 3885 0.39036694169044495
4077 3877 0.8966609835624695
4078 3919 0.45294588804244995
4079 3841 0.30234313011169434
4080 3864 0.6648178100585938
4082 3865 0.3195042908191681
4085 3867 0.38650768995285034
4086 3915 0.5364792346954346
4087 3888 0.34157490730285645
4088 3916 0.44570422172546387
4089 3917 0.5461611151695251
4091 3880 0.3272034227848053
4092 3882 0.2811335027217865
4093 3875 0.3876062333583832
4094 3901 0.32265543937683105
4095 3913 0.4157995283603668
4096 3914 0.3162795603275299
4097 3886 0.5989706516265869
4098 3887 0.5027241706848145
4099 3874 0.3024235665798187
4100 3890 0.38847845792770386
4102 3907 0.4034343361854553
4103 3908 0.5729071497917175
4104 3909 0.36228516697883606
4105 3928 0.4507637023925781
4106 3876 0.3770922124385834
4107 3900 0.4681464731693268
4108 3924 0.3048286437988281
4109 3926 0.454008013010025
4111 3906 0.31627291440963745
4112 3918 0.5152234435081482
4113 3920 0.39616090059280396
4116 3897 0.32932373881340027
4117 3883 0.5530208945274353
4119 3936 0.42829081416130066
4120 3925 0.5631575584411621
4121 3937 0.3454408347606659
4122 3948 0.2892700433731079
4123 3938 0.4236116409301758
4125 3889 0.45555463433265686
4126 3904 0.4790060520172119
4128 3950 0.3642355799674988
4129 3968 0.3013416528701782
4130 3929 0.5634616017341614
4131 3933 0.2900368869304657
4132 3910 0.267974853515625
4133 3911 0.2853214144706726
4134 3912 0.4332530200481415
4135 4029 0.37005895376205444
4136 3923 0.34696948528289795
4137 3947 0.2691984474658966
4139 3903 0.5022377967834473
4141 3905 0.31607934832572937
4142 3941 0.9401479959487915
4143 3958 0.39162057638168335
4144 3934 0.3971777558326721
4145 3954 0.5529301762580872
4146 3955 0.4578787684440613
4147 3951 0.48136627674102783
4148 3952 0.3357255756855011
4149 3944 0.3708004653453827
4150 3931 0.4671875536441803
4151 3922 0.3761748671531677
4152 3932 0.2895433008670807
4153 3899 0.4944225549697876
4154 3989 0.41240009665489197
4155 3963 0.6108518242835999
4156 3976 0.36142173409461975
4158 3939 0.26747646927833557
4159 3949 0.3919665515422821
4160 3957 0.4764660596847534
4161 3969 0.6188497543334961
4162 3945 0.39090263843536377
4166 3927 0.2860949635505676
4167 3940 0.3416931927204132
4168 3956 0.7704567313194275
4169 3967 0.4701894521713257
4171 3972 0.8122122883796692
4173 3953 0.29453492164611816
4175 4028 0.2909802496433258
4176 3965 0.311381459236145
4178 3979 0.7651407718658447
4179 4010 0.3169592618942261
4180 3982 0.40746453404426575
4181 3983 0.5450778007507324
4182 3984 0.39974313974380493
4183 3970 0.36754000186920166
4185 3946 0.28830447793006897
4189 4030 0.41910064220428467
4190 4001 0.7393986582756042
4191 3977 0.4460758566856384
4192 3990 0.5899105668067932
4193 3966 0.29274967312812805
4194 3978 0.4445152282714844
4195 4093 0.3198390305042267
4196 3980 0.35504356026649475
4197 3981 0.39555463194847107
4198 3971 0.2973717153072357
4200 4000 0.7114335894584656
4202 3991 0.7858917117118835
4203 4039 0.40751659870147705
4204 4003 0.36990654468536377
4205 4004 0.29350414872169495
4206 4023 0.34698373079299927
4207 4005 0.5987216234207153
4208 3994 0.49209073185920715
4210 4012 0.3835254907608032
4212 3985 0.3583506941795349
4213 3995 0.41443055868148804
4214 3996 0.25657275319099426
4216 3987 0.30837100744247437
4218 3998 0.5262367725372314
4219 4036 0.5215364098548889
4220 4006 0.4654620289802551
4221 4007 0.429237425327301
4222 4008 0.410290390253067
4224 4009 0.38997140526771545
4225 4011 0.3221026659011841
4226 3997 0.28806811571121216
4227 4016 0.2620149850845337
4229 4018 0.3590731918811798
4230 4019 0.31230366230010986
4231 4020 0.3212599456310272
4233 4022 0.5701780319213867
4234 4032 0.6850872039794922
4236 4013 0.4247143268585205
4237 4024 0.27656543254852295
4239 4017 0.34268295764923096
4240 4027 0.3271014094352722
4241 4131 0.4462911784648895
4242 4051 0.6441662907600403
4244 4037 0.30295097827911377
4245 4031 0.3678654134273529
4247 4040 0.27306196093559265
4249 4041 0.6230566501617432
4250 4042 0.5441906452178955
4251 4046 0.4096522927284241
4253 4047 0.3794052004814148
4256 4035 0.36422863602638245
4259 4052 0.547412633895874
4261 4078 0.4138033986091614
4263 4043 0.9834904670715332
4264 4033 0.43958666920661926
4265 4015 0.36939817667007446
4266 4026 0.3431169092655182
4269 4072 0.5502237677574158
4270 4063 0.2676188349723816
4271 4064 0.31492093205451965
4273 4066 0.285543829202652
4276 4061 0.34716278314590454
4277 4071 0.36582961678504944
4278 4083 0.4540877044200897
4279 4146 0.3608689606189728
4281 4088 0.6785621047019958
4282 4075 0.41729557514190674
4283 4062 0.44647637009620667
4284 4107 0.38504013419151306
4287 4155 0.3165064752101898
4288 4055 0.328843891620636
4290 4067 0.3394281566143036
4291 4048 0.34521785378456116
4292 4068 0.6859613060951233
4293 4070 0.3809809684753418
4294 4084 0.3625212013721466
4295 4074 0.44406142830848694
4297 4089 0.5378762483596802
4298 4090 0.49899035692214966
4299 4091 0.6181926727294922
4300 4092 0.43206095695495605
4301 4076 0.36386650800704956
4303 4094 0.3396480083465576
4304 4095 0.4471057057380676
4306 4097 0.42137983441352844
4308 4101 0.2522865831851959
4310 4105 0.36855366826057434
4312 4086 0.4387163817882538
4313 4112 0.2799399793148041
4314 4113 0.42854127287864685
4316 4120 0.3632867634296417
4317 4114 0.3472723960876465
4319 4103 0.42459163069725037
4320 4132 0.4480900466442108
4321 4197 0.5572604537010193
4322 4119 0.5116236209869385
4323 4108 0.5451313257217407
4324 4110 0.38927990198135376
4325 4111 0.4028657078742981
4326 4082 0.45784953236579895
4328 4116 0.36634179949760437
4330 4123 0.5241202116012573
4331 4128 0.43308693170547485
4332 4129 0.5376157760620117
4333 4143 0.38600894808769226
4335 4133 0.4491099715232849
4336 4134 0.31100156903266907
4337 4138 0.2984541654586792
4339 4121 0.49683693051338196
4340 4140 0.2579488754272461
4342 4156 0.5158867239952087
4343 4142 0.37658262252807617
4344 4144 0.6779398918151855
4345 4148 0.5704994797706604
4346 4149 0.42141440510749817
4347 4150 0.5017068982124329
4349 4153 0.2635062336921692
4350 4154 0.4082459509372711
4351 4173 0.4179603159427643
4352 4163 0.6414707899093628
4353 4167 0.32269883155822754
4354 4158 0.5274205207824707
4355 4151 0.4723557233810425
4356 4139 0.32204368710517883
4357 4104 0.34516650438308716
4358 4164 0.556429386138916
4359 4166 0.4109404385089874
4361 4162 0.2819174528121948
4363 4171 0.29850712418556213
4364 4172 0.3871673345565796
4365 4141 0.29978063702583313
4366 4175 0.39264222979545593
4368 4176 0.4646752178668976
4369 4177 0.46864229440689087
4370 4168 0.309806227684021
4371 4169 0.5458523631095886
4372 4170 0.7404423356056213
4374 4188 0.3297175168991089
4375 4191 0.4330357313156128
4376 4192 0.37473222613334656
4377 4195 0.31452324986457825
4378 4181 0.38350793719291687
4379 4182 0.6442400217056274
4380 4184 0.5398414134979248
4381 4185 0.622277557849884
4382 4161 0.3332705497741699
4383 4201 0.480535626411438
4384 4190 0.5089276432991028
4385 4179 0.4542956054210663
4386 4199 0.4339936375617981
4388 4189 0.4444813132286072
4390 4202 0.5669317841529846
4391 4210 0.342605859041214
4392 4203 0.7008281350135803
4395 4211 0.4101698696613312
4396 4212 0.41600579023361206
4397 4204 0.5096285343170166
4399 4215 0.43833330273628235
4402 4223 0.7631127238273621
4403 4208 0.5251338481903076
4404 4209 0.5086273550987244
4405 4224 0.397956907749176
4407 4245 0.3129431903362274
4408 4216 0.5607063174247742
4410 4217 0.4040149450302124
4412 4218 0.5339913964271545
4413 4219 0.4017557203769684
4414 4220 0.47042715549468994
4417 4187 0.34823548793792725
4419 4243 0.3363068699836731
4421 4226 0.32011979818344116
4422 4228 0.5496106743812561
4424 4206 0.3927193880081177
4425 4275 0.45768842101097107
4426 4207 0.3838002681732178
4427 4244 0.42664751410484314
4429 4229 0.4158879816532135
4430 4230 0.4651150405406952
4432 4238 0.4482840895652771
4433 4252 0.4928097724914551
4435 4240 0.47208553552627563
4436 4242 0.4577215909957886
4437 4254 0.2642793655395508
4438 4237 0.27758777141571045
4439 4248 0.49816587567329407
4441 4249 0.3170015811920166
4442 4250 0.46604880690574646
4443 4251 0.6106712818145752
4444 4289 0.4142511785030365
4448 4253 0.292648047208786
4449 4222 0.26074719429016113
4450 4265 0.5910322666168213
4452 4286 0.3157614767551422
4453 4255 0.40663379430770874
4454 4256 0.5251418352127075
4455 4266 0.2831628620624542
4456 4235 0.2974831759929657
4457 4227 0.48327335715293884
4458 4258 0.5775756239891052
4460 4271 0.5206796526908875
4461 4272 0.4000757038593292
4463 4274 0.5183964967727661
4464 4263 0.40617606043815613
4466 4264 0.4211271405220032
4467 4276 0.5638948678970337
4468 4311 0.32704681158065796
4469 4278 0.45454350113868713
4470 4234 0.3646032512187958
4471 4267 0.45468395948410034
4472 4268 0.5598450303077698
4474 4270 0.3567000925540924
4475 4260 0.4710969924926758
4477 4273 0.25098156929016113
4478 4277 0.43375489115715027
4479 4262 0.38108742237091064
4481 4285 0.45076754689216614
4482 4303 0.3785219192504883
4483 4287 0.5300030708312988
4484 4288 0.9846936464309692
4486 4283 0.42112311720848083
4487 4284 0.3621829152107239
4491 4298 0.4132702052593231
4492 4328 0.29677900671958923
4496 4313 0.3610214591026306
4497 4292 0.33568620681762695
4498 4269 0.31031423807144165
4499 4299 0.2558736801147461
4500 4300 0.9632859230041504
4501 4291 0.349986732006073
4502 4310 0.8405006527900696
4503 4302 0.43995195627212524
4505 4304 0.3661007881164551
4508 4305 0.39461830258369446
4509 4306 0.4363109767436981
4510 4308 0.4325569272041321
4511 4301 0.34079140424728394
4512 4312 0.3465769588947296
4515 4333 0.3907192647457123
4516 4324 0.8774666786193848
4517 4296 0.3375844955444336
4519 4326 0.32476890087127686
4520 4307 0.46325400471687317
4524 4322 0.5406219363212585
4525 4323 0.49817872047424316
4526 4364 0.32898253202438354
4529 4336 0.5077738165855408
4530 4329 0.2962886393070221
4531 4330 0.4831991493701935
4533 4318 0.398904949426651
4536 4337 0.3004033863544464
4539 4334 0.440704882144928
4540 4325 0.28099438548088074
4542 4347 0.5515161156654358
4543 4331 0.4621164798736572
4545 4335 0.41790011525154114
4546 4341 0.29199349880218506
4548 4343 0.3216376006603241
4549 4340 0.2810935378074646
4550 4361 0.5013667941093445
4551 4352 0.4313141703605652
4555 4320 0.3701320290565491
4556 4360 0.37488701939582825
4557 4362 0.3783216178417206
4558 4363 0.48986709117889404
4559 4356 0.44841280579566956
4560 4358 0.29900914430618286
4562 4349 0.34810036420822144
4563 4394 0.3192627727985382
4564 4353 0.39715731143951416
4566 4366 0.2876083254814148
4567 4355 0.38744840025901794
4568 4374 0.3493138253688812
4569 4370 0.387501984834671
4570 4367 0.37910136580467224
4571 4373 0.4305846691131592
4573 4369 0.3726278841495514
4574 4377 0.3162264823913574
4575 4390 0.4055884778499603
4576 4391 0.36127492785453796
4577 4392 0.39888593554496765
4578 4351 0.3450174331665039
4579 4378 0.4501429498195648
4580 4371 0.36480847001075745
4583 4396 0.3492785394191742
4585 4385 0.2585165500640869
4587 4386 0.3243764042854309
4588 4393 0.3664766550064087
4590 4388 0.6098867058753967
4591 4403 0.28676778078079224
4592 4404 0.4372473657131195
4593 4402 0.4931040406227112
4594 4418 0.32497555017471313
4595 4383 0.2979871928691864
4596 4399 0.6567222476005554
4597 4387 0.5687898397445679
4598 4375 0.3499116599559784
4599 4401 0.31456735730171204
4600 4415 0.4530487060546875
4602 4405 0.3877522647380829
4603 4419 0.30594760179519653
4604 4406 0.49262696504592896
4605 4407 0.2629391551017761
4607 4381 0.2634592354297638
4608 4382 0.2849937081336975
4610 4398 0.3862866163253784
4611 4428 0.31100156903266907
4612 4413 0.4965304732322693
4613 4414 0.5131682753562927
4616 4422 0.4074248969554901
4618 4408 0.25034141540527344
4619 4411 0.41941091418266296
4620 4412 0.44189128279685974
4623 4427 0.40138500928878784
4624 4417 0.4168373644351959
4626 4430 0.2839254140853882
4628 4410 0.3693249225616455
4629 4426 0.4175702631473541
4631 4416 0.32502391934394836
4632 4429 0.3359798789024353
4634 4442 0.41253581643104553
4637 4424 0.2970191240310669
4638 4425 0.3972281515598297
4639 4431 0.38837289810180664
4640 4444 0.32566025853157043
4642 4440 0.3471128046512604
4644 4434 0.34578755497932434
4645 4436 0.3123266100883484
4648 4446 0.3402017056941986
4649 4439 0.2847619652748108
4650 4437 0.4196069538593292
4651 4441 0.3726140260696411
4652 4451 0.3506482243537903
4654 4435 0.31256139278411865
4655 4454 0.3733556866645813
4656 4443 0.567639946937561
4657 4448 0.4119083881378174
4662 4453 0.42416343092918396
4663 4449 0.36058685183525085
4664 4473 0.30122700333595276
4665 4450 0.26335424184799194
4666 4445 0.2996411621570587
4668 4447 0.3127993643283844
4669 4452 0.37617701292037964
4672 4456 0.511212944984436
4673 4457 0.5005417466163635
4674 4458 0.30878180265426636
4675 4491 0.29902055859565735
4676 4464 0.36076951026916504
4679 4463 0.433941513299942
4680 4460 0.5678830742835999
4681 4465 0.255053848028183
4682 4474 0.3373318612575531
4683 4461 0.5032240152359009
4684 4469 0.5170530676841736
4685 4462 0.4305661916732788
4687 4470 0.6187677383422852
4689 4475 0.5367811918258667
4690 4477 0.46651527285575867
4691 4468 0.5600014925003052
4692 4471 0.38156965374946594
4693 4472 0.4063752293586731
4694 4478 0.32176247239112854
4695 4479 0.27277305722236633
4697 4497 0.3077701926231384
4698 4480 0.5004252791404724
4699 4481 0.49897465109825134
4700 4482 0.5150156617164612
4701 4493 0.34937748312950134
4702 4485 0.3567936420440674
4703 4494 0.458005428314209
4704 4484 0.27924326062202454
4709 4488 0.29641836881637573
4710 4496 0.498663067817688
4711 4489 0.5093282461166382
4712 4490 0.3034995496273041
4714 4466 0.3316114842891693
4716 4498 0.36279720067977905
4717 4495 0.619028627872467
4718 4499 0.33695343136787415
4721 4502 0.36048269271850586
4722 4504 0.3171437084674835
4723 4486 0.277175635099411
4724 4505 0.4208240211009979
4725 4492 0.3125488758087158
4726 4510 0.43419939279556274
4727 4530 0.4226653277873993
4728 4500 0.47621530294418335
4729 4501 0.2848314940929413
4730 4506 0.395488977432251
4731 4524 0.3099421560764313
4732 4512 0.3307930827140808
4733 4515 0.29445767402648926
4734 4509 0.2884463667869568
4736 4514 0.28254055976867676
4740 4526 0.34845539927482605
4741 4532 0.48211193084716797
4742 4527 0.4140840768814087
4744 4522 0.4217822849750519
4748 4525 0.29238107800483704
4749 4533 0.42923006415367126
4750 4535 0.3053305447101593
4751 4503 0.33157670497894287
4752 4567 0.39088550209999084
4753 4537 0.2650676369667053
4754 4542 0.4340222179889679
4755 4543 0.5081657767295837
4756 4571 0.43709269165992737
4757 4536 0.2737920880317688
4759 4546 0.37133800983428955
4760 4548 0.32117047905921936
4761 4551 0.2515617311000824
4763 4552 0.290258526802063
4764 4553 0.32912060618400574
4765 4541 0.5333786010742188
4766 4554 0.30394676327705383
4767 4555 0.26347029209136963
4768 4562 0.2986437976360321
4769 4563 0.46324074268341064
4770 4557 0.43569931387901306
4771 4545 0.34422963857650757
4772 4587 0.46239155530929565
4773 4559 0.3676774203777313
4774 4560 0.34954211115837097
4775 4549 0.33700549602508545
4776 4564 0.546159029006958
4777 4565 0.3895420730113983
4778 4556 0.6210917830467224
4779 4569 0.4844546616077423
4780 4584 0.32837849855422974
4781 4568 0.3035186529159546
4783 4576 0.28938841819763184
4784 4577 0.2740783989429474
4785 4578 0.34552615880966187
4786 4580 0.6022245287895203
4787 4581 0.6612105369567871
4788 4582 0.5245231986045837
4789 4566 0.5274230241775513
4792 4579 0.36684733629226685
4795 4585 0.30550092458724976
4797 4583 0.32660922408103943
4798 4586 0.45286035537719727
4799 4597 0.38608846068382263
4800 4614 0.383881539106369
4802 4590 0.3515539765357971
4805 4594 0.3054715096950531
4806 4595 0.25067204236984253
4807 4603 0.2863272428512573
4808 4615 0.32152751088142395
4809 4598 0.30950796604156494
4813 4601 0.28776827454566956
4814 4606 0.29707634449005127
4815 4605 0.3855832517147064
4817 4623 0.2933897078037262
4821 4607 0.3494264483451843
4822 4608 0.37028560042381287
4823 4609 0.33820676803588867
4825 4612 0.41570913791656494
4828 4622 0.3447283208370209
4831 4630 0.2787007987499237
4835 4611 0.3287796080112457
4837 4613 0.7174559831619263
4838 4625 0.2598022222518921
4839 4616 0.2822335362434387
4840 4629 0.34793075919151306
4842 4621 0.2999075949192047
4843 4626 0.37844035029411316
4844 4627 0.43882015347480774
4845 4628 0.4121571183204651
4846 4631 0.27128109335899353
4847 4633 0.2884524166584015
4848 4635 0.32061412930488586
4849 4639 0.3616679310798645
4850 4643 0.2664560377597809
4851 4637 0.3950347602367401
4853 4604 0.7987367510795593
4855 4632 0.2607959508895874
4857 4640 0.2881098687648773
4858 4638 0.2586820125579834
4860 4642 0.27767515182495117
4861 4648 0.28641682863235474
4864 4646 0.29618752002716064
4865 4645 0.3359949588775635
4866 4647 0.26455095410346985
4868 4650 0.4053572416305542
4869 4649 0.35342806577682495
4870 4651 0.380992591381073
4874 4666 0.5157248973846436
4875 4661 0.345233678817749
4878 4668 0.37820473313331604
4879 4657 0.44973185658454895
4880 4660 0.2803770899772644
4881 4658 0.42563071846961975
4882 4662 0.3519286513328552
4884 4667 0.25249019265174866
4886 4665 0.2503540515899658
4887 4669 0.43769627809524536
4892 4671 0.4810432195663452
4894 4672 0.3081076145172119
4897 4676 0.43546003103256226
4898 4677 0.36119571328163147
4899 4675 0.2920263409614563
4901 4679 0.3536907434463501
4902 4680 0.7230148315429688
4903 4682 0.37660202383995056
4905 4681 0.6833104491233826
4907 4683 0.35311946272850037
4908 4684 0.3529362976551056
4909 4686 0.4305497705936432
