2244
34 32 0.4105663299560547
43 38 0.6384089589118958
54 22 0.2841426730155945
57 49 0.6066966652870178
59 53 0.877900242805481
65 55 0.25292110443115234
66 61 0.434969037771225
71 65 0.35293933749198914
72 68 0.2660870850086212
77 77 0.3211977481842041
78 78 0.2757016718387604
79 80 0.3050621747970581
80 79 0.2679551839828491
94 95 0.27031368017196655
95 101 0.3782736361026764
107 116 0.259854257106781
110 117 0.39358285069465637
136 149 0.2531575858592987
143 152 0.40497663617134094
147 160 0.30334097146987915
153 163 0.3757668137550354
154 164 0.3673132658004761
178 173 0.9573212265968323
191 191 0.360151082277298
194 195 0.25086742639541626
200 201 0.3212427794933319
201 192 0.2569378614425659
209 221 0.3599642813205719
218 211 0.3274475336074829
223 222 0.32043927907943726
228 226 0.40634071826934814
234 224 0.25489675998687744
235 227 0.358368456363678
247 229 0.3010191023349762
248 230 0.3833729922771454
251 238 0.2786577343940735
252 239 0.3157813549041748
253 237 0.26770129799842834
257 232 0.43086645007133484
261 244 0.33942070603370667
262 234 0.28494343161582947
268 242 0.4280939996242523
270 236 0.37999579310417175
275 260 0.25319212675094604
278 258 0.2962533235549927
282 266 0.3074263632297516
287 259 0.31093573570251465
299 275 0.373348206281662
311 299 0.2919199764728546
318 304 0.2949008643627167
319 289 0.26483240723609924
320 290 0.45462238788604736
345 309 0.29920682311058044
350 325 0.2946506440639496
356 329 0.32529088854789734
363 327 0.2694234549999237
379 347 0.3032640218734741
382 352 0.31139421463012695
396 359 0.47781434655189514
399 389 0.2516913115978241
403 374 0.3990834057331085
405 367 0.26880621910095215
407 369 0.3034610450267792
415 386 0.4432579576969147
417 373 0.2657158374786377
422 377 0.3203885555267334
429 399 0.25795823335647583
430 381 0.3600054979324341
442 392 0.2588505744934082
448 402 0.30592775344848633
449 419 0.2596162259578705
453 390 0.5307734608650208
463 404 0.7072671055793762
469 411 0.3989064693450928
471 414 0.557492733001709
475 422 0.2899486720561981
479 424 0.42340603470802307
480 420 0.5201629996299744
492 410 0.26666170358657837
495 426 0.29877969622612
497 400 0.463396281003952
498 423 0.36742082238197327
499 441 0.27749934792518616
500 432 0.38237032294273376
505 446 0.5725832581520081
515 433 0.3531595468521118
522 430 0.41954973340034485
523 443 0.30245301127433777
524 434 0.40541213750839233
530 445 0.33192121982574463
534 438 0.2866668701171875
539 450 0.3118141293525696
541 455 0.4196101725101471
547 469 0.7672379016876221
549 471 0.5746390223503113
568 499 0.6103178858757019
569 472 0.8529309630393982
584 474 0.3057953417301178
585 494 0.27162566781044006
597 505 0.2864479720592499
602 498 0.3156832158565521
603 522 0.2748523950576782
604 514 0.3239707946777344
605 506 0.3210427761077881
606 518 0.2822849452495575
615 500 0.3638203740119934
616 511 0.3059834837913513
617 501 0.33753910660743713
618 502 0.4878079295158386
619 539 0.3406526744365692
624 533 0.46444085240364075
625 523 0.265343576669693
631 550 0.35904955863952637
632 577 0.6175898313522339
639 562 0.3558472692966461
641 545 0.2913534343242645
646 557 0.367599219083786
651 576 0.3777051568031311
661 575 0.2554253041744232
669 588 0.42335596680641174
670 589 0.3433568477630615
671 604 0.42413753271102905
672 580 0.3894236087799072
673 582 0.38078591227531433
682 590 0.3736644983291626
683 591 0.3063689172267914
686 555 0.28278154134750366
687 567 0.26530763506889343
688 600 0.4809858798980713
694 564 0.26478466391563416
699 647 0.3561433255672455
701 649 0.6304677724838257
703 638 0.3472118079662323
706 584 0.29604291915893555
714 648 0.3570462167263031
717 581 0.4120301902294159
720 642 0.4612807631492615
735 671 0.27231428027153015
747 662 0.4336850047111511
748 663 0.4365881681442261
749 664 0.34605082869529724
750 665 0.33129599690437317
754 666 0.45418816804885864
759 675 0.3156808018684387
763 669 0.5004911422729492
770 691 0.2762080132961273
777 698 0.39733991026878357
778 756 0.41718536615371704
781 701 0.4988504648208618
782 702 0.469987690448761
783 687 0.4224034249782562
784 679 0.48586538434028625
785 680 0.37515130639076233
786 670 0.28323525190353394
795 700 0.463476300239563
796 717 0.33420276641845703
797 684 0.2518048882484436
798 740 0.3167332410812378
800 690 0.5672643780708313
804 706 0.6058686971664429
806 695 0.3081061542034149
810 714 0.34197354316711426
812 721 0.4194737374782562
813 722 0.3790561854839325
814 705 0.5825937986373901
816 736 0.2884279489517212
819 708 0.5949462056159973
825 716 0.5786164999008179
826 718 0.2608949542045593
836 748 0.4053475856781006
840 776 0.3237820863723755
844 769 0.3133206367492676
845 749 0.33453983068466187
847 742 0.48300933837890625
848 743 0.5087214112281799
852 735 0.34543225169181824
853 746 0.2939428389072418
855 772 0.5688489675521851
857 767 0.4179021120071411
858 751 0.3356548249721527
859 728 0.295436829328537
860 752 0.3653014302253723
861 753 0.2643201947212219
865 764 0.3708955943584442
866 723 0.38888806104660034
876 782 0.29003244638442993
877 770 0.31593379378318787
878 771 0.5727497935295105
879 739 0.27504852414131165
881 760 0.2547193765640259
882 768 0.3006977438926697
890 796 0.6651983261108398
895 775 0.3695588707923889
896 777 0.3112623989582062
897 798 0.3501313030719757
902 785 0.2765701711177826
907 795 0.4863141179084778
908 783 0.38075175881385803
912 780 0.27220186591148376
916 802 0.4137027859687805
917 821 0.33386892080307007
918 822 0.31929534673690796
919 814 0.3966814875602722
920 808 0.4120396077632904
922 800 0.43696388602256775
923 790 0.31417548656463623
924 779 0.3349200189113617
929 845 0.29895126819610596
930 803 0.6220218539237976
931 804 0.4795028865337372
932 805 0.6137288212776184
933 806 0.251147985458374
935 809 0.37473902106285095
945 834 0.3415752351284027
949 816 0.3515811264514923
953 832 0.355741411447525
954 833 0.34638530015945435
955 835 0.2771705985069275
956 852 0.2795531451702118
958 788 0.3203451633453369
965 836 0.49386128783226013
967 838 0.43462032079696655
976 857 0.3242613673210144
978 837 0.25090619921684265
985 855 0.31482845544815063
988 877 0.30336612462997437
989 871 0.2835254967212677
990 811 0.26150697469711304
997 878 0.4020615816116333
998 886 0.3516062796115875
999 860 0.500856876373291
1009 887 0.5685192346572876
1010 862 0.2632395029067993
1011 848 0.3783605992794037
1012 863 0.3341929018497467
1020 901 0.3114842176437378
1021 889 0.33191078901290894
1022 894 0.3109194338321686
1024 861 0.3980696499347687
1025 872 0.2665421962738037
1027 824 0.4632982015609741
1028 825 0.3907725512981415
1029 843 0.44344398379325867
1040 842 0.2745380401611328
1046 925 0.3220728635787964
1047 940 0.2761785089969635
1048 926 0.3976939916610718
1050 891 0.3640671372413635
1053 826 0.3262835741043091
1057 968 0.2907666265964508
1059 938 0.33898916840553284
1060 946 0.29238444566726685
1061 952 0.38658180832862854
1062 985 0.47462570667266846
1063 913 0.31780433654785156
1064 914 0.28520524501800537
1065 928 0.2656843960285187
1066 915 0.449256032705307
1067 896 0.2714228928089142
1069 864 0.40355247259140015
1078 971 0.31465286016464233
1079 972 0.4089258909225464
1080 939 0.343986451625824
1082 895 0.3121515214443207
1083 879 0.2904191315174103
1085 865 0.7730076313018799
1094 903 0.2669466733932495
1095 866 0.2837156355381012
1096 867 0.25574779510498047
1104 947 0.263962984085083
1105 929 0.3157235383987427
1106 897 0.2593279480934143
1113 992 0.2500174045562744
1114 993 0.4384528696537018
1115 955 0.3265550136566162
1123 956 0.6997942924499512
1124 957 0.3458462655544281
1125 930 0.32072147727012634
1137 998 0.43015575408935547
1138 999 0.552918016910553
1139 978 0.32819411158561707
1140 932 0.3152340352535248
1148 1018 0.37425151467323303
1150 1034 0.35120144486427307
1151 1021 0.45956698060035706
1152 979 0.3134503662586212
1163 1006 0.2706608772277832
1164 1020 0.48563283681869507
1165 1008 0.5605496764183044
1166 994 0.6662230491638184
1174 1025 0.4942551851272583
1175 1026 0.436524897813797
1176 1048 0.29319390654563904
1177 973 0.5859559774398804
1178 996 0.32699161767959595
1184 1010 0.3062766194343567
1191 1007 0.4358431100845337
1199 1068 0.5290799140930176
1201 1071 0.43236514925956726
1202 1055 0.35747653245925903
1203 1044 0.4747243821620941
1204 1056 0.40656670928001404
1205 1022 0.5360685586929321
1208 1067 0.33022603392601013
1210 1072 0.5540153980255127
1211 1045 0.4005991518497467
1214 1027 0.6107091307640076
1220 1083 0.2513492703437805
1221 1049 0.31595999002456665
1222 1058 0.35383209586143494
1229 1001 0.2970341444015503
1230 1100 0.29539456963539124
1231 1107 0.31558266282081604
1232 1108 0.5017662048339844
1234 1073 0.516191840171814
1235 1081 0.27267029881477356
1236 1102 0.30560436844825745
1244 1061 0.26204922795295715
1245 1030 0.3416270315647125
1249 1119 0.2990710437297821
1251 1074 0.2855473458766937
1252 1089 0.2537836730480194
1254 1120 0.38353243470191956
1258 1099 0.2528866231441498
1260 1113 0.4700365662574768
1261 1115 0.26410096883773804
1268 1158 0.37953075766563416
1269 1159 0.42426174879074097
1270 1142 0.2937259376049042
1271 1143 0.3439313471317291
1272 1144 0.6087867021560669
1276 1121 0.34921324253082275
1277 1130 0.358790785074234
1282 1171 0.5148364305496216
1283 1172 0.3187446594238281
1284 1160 0.5697415471076965
1285 1137 0.4156357944011688
1286 1117 0.34251272678375244
1287 1131 0.6806594729423523
1288 1132 0.2623477876186371
1292 1198 0.3627837300300598
1293 1128 0.27171194553375244
1295 1185 0.32141682505607605
1296 1186 0.4215373992919922
1297 1200 0.5036181807518005
1298 1201 0.3852553963661194
1299 1187 0.425313800573349
1300 1173 0.36535438895225525
1305 1127 0.259279727935791
1308 1146 0.48250383138656616
1309 1153 0.5514903664588928
1312 1199 0.4191078543663025
1313 1202 0.3179243803024292
1315 1176 0.37598368525505066
1316 1188 0.28848186135292053
1318 1162 0.37747830152511597
1320 1177 0.37039896845817566
1321 1178 0.3278631269931793
1322 1179 0.4094308614730835
1323 1163 0.3972645103931427
1329 1212 0.3630595803260803
1331 1203 0.26137858629226685
1332 1165 0.40516939759254456
1334 1235 0.35586288571357727
1335 1204 0.8929668068885803
1337 1122 0.28435736894607544
1338 1262 0.35025453567504883
1339 1229 0.3277718424797058
1341 1205 0.515755832195282
1342 1189 0.3462495505809784
1344 1104 0.4714776873588562
1345 1154 0.2672431766986847
1346 1167 0.5433862805366516
1347 1168 0.48938801884651184
1348 1169 0.4508393704891205
1361 1260 0.37626636028289795
1362 1242 0.25846797227859497
1364 1150 0.34719789028167725
1366 1195 0.48521432280540466
1370 1261 0.2867830693721771
1371 1264 0.3497631847858429
1372 1279 0.36702579259872437
1373 1148 0.3496694564819336
1377 1297 0.2906588017940521
1378 1265 0.28303787112236023
1379 1231 0.319134920835495
1382 1225 0.45065709948539734
1385 1196 0.25287577509880066
1388 1298 0.38625088334083557
1389 1181 0.2895040810108185
1395 1219 0.2530154287815094
1396 1220 0.2854975163936615
1400 1312 0.2808821201324463
1403 1321 0.4401223361492157
1404 1299 0.2693910598754883
1409 1350 0.5236310958862305
1410 1313 0.412614107131958
1414 1191 0.2798607051372528
1417 1322 0.3690524101257324
1418 1336 0.44537660479545593
1420 1314 0.4353616237640381
1422 1224 0.39461153745651245
1423 1240 0.2548355162143707
1425 1254 0.2610933184623718
1428 1289 0.26395517587661743
1429 1316 0.30054494738578796
1430 1239 0.5335520505905151
1433 1355 0.4443456828594208
1439 1272 0.7807484269142151
1441 1255 0.2782968282699585
1442 1292 0.26446467638015747
1443 1282 0.2509382665157318
1445 1256 0.3561239540576935
1449 1368 0.3293209373950958
1451 1351 0.4080633819103241
1452 1381 0.30143335461616516
1453 1315 0.33502674102783203
1463 1234 0.2653142213821411
1466 1370 0.5054841637611389
1471 1330 0.2714032232761383
1474 1244 0.2960926294326782
1476 1246 0.2724275290966034
1477 1318 0.38601741194725037
1481 1393 0.4138432741165161
1482 1416 0.32122164964675903
1488 1340 0.2719275951385498
1490 1343 0.337329626083374
1493 1293 0.43555182218551636
1496 1367 0.3838580846786499
1497 1413 0.26680490374565125
1498 1354 0.33290332555770874
1499 1403 0.34349146485328674
1500 1404 0.3336476981639862
1504 1357 0.288285493850708
1505 1373 0.281512051820755
1510 1436 0.3383048176765442
1513 1415 0.62242591381073
1514 1356 0.27446290850639343
1518 1466 0.32120755314826965
1519 1372 0.3472333252429962
1524 1438 0.3555490970611572
1525 1451 0.4951043426990509
1526 1452 0.39221447706222534
1527 1440 0.3218379616737366
1528 1428 0.288120299577713
1534 1376 0.26906293630599976
1535 1377 0.33460015058517456
1538 1378 0.29296109080314636
1539 1391 0.2963053286075592
1544 1464 0.37358397245407104
1545 1479 0.4100998640060425
1546 1480 0.5985560417175293
1547 1489 0.2937217354774475
1548 1467 0.5009242296218872
1550 1454 0.2542155683040619
1553 1409 0.31751957535743713
1555 1500 0.38423314690589905
1557 1425 0.3412083089351654
1558 1410 0.3675105571746826
1560 1499 0.40079137682914734
1562 1526 0.34254637360572815
1563 1510 0.33147141337394714
1564 1491 0.4020063877105713
1565 1468 0.2535898983478546
1567 1455 0.5323089361190796
1568 1456 0.2961084246635437
1569 1442 0.3272723853588104
1574 1385 0.3707810342311859
1586 1509 0.26923927664756775
1587 1469 0.3195408582687378
1588 1417 0.29666781425476074
1589 1453 0.2639574408531189
1591 1470 0.2940328121185303
1595 1432 0.26869088411331177
1600 1554 0.30074048042297363
1603 1577 0.2952548563480377
1604 1502 0.25338175892829895
1605 1481 0.30935245752334595
1608 1397 0.35691991448402405
1609 1430 0.28109514713287354
1610 1431 0.33339643478393555
1611 1446 0.3281903564929962
1613 1542 0.43479982018470764
1618 1543 0.2909305691719055
1619 1544 0.3141125738620758
1620 1545 0.35664838552474976
1622 1512 0.31158018112182617
1624 1494 0.37664979696273804
1625 1458 0.26024115085601807
1626 1473 0.26804667711257935
1631 1426 0.30531248450279236
1635 1573 0.39230987429618835
1636 1533 0.28887251019477844
1637 1535 0.4508066773414612
1638 1556 0.3588455319404602
1647 1507 0.47926104068756104
1650 1614 0.583596408367157
1651 1572 0.4540889859199524
1653 1540 0.33312150835990906
1657 1522 0.2822128236293793
1658 1596 0.37615907192230225
1659 1613 0.3876502215862274
1661 1574 0.3736213743686676
1662 1575 0.34798485040664673
1664 1547 0.2999948561191559
1672 1536 0.5769034624099731
1676 1552 0.3196637034416199
1678 1568 0.5520486831665039
1679 1579 0.7210702300071716
1681 1530 0.3388530910015106
1683 1640 0.44083017110824585
1684 1641 0.42388197779655457
1685 1612 0.38709792494773865
1687 1653 0.3364599049091339
1688 1586 0.3558126389980316
1689 1587 0.4289853274822235
1692 1517 0.3039940297603607
1697 1611 0.3771425783634186
1698 1639 0.4797663390636444
1699 1666 0.5008339881896973
1704 1549 0.38374900817871094
1705 1569 0.3677878975868225
1711 1646 0.3361215591430664
1713 1590 0.2519470751285553
1714 1581 0.253253698348999
1723 1688 0.28459012508392334
1724 1616 0.4199676811695099
1725 1617 0.42378658056259155
1726 1565 0.5262839794158936
1727 1602 0.29708626866340637
1728 1604 0.5369358062744141
1730 1589 0.3018234074115753
1731 1582 0.26869574189186096
1732 1570 0.26201024651527405
1734 1686 0.3538128435611725
1735 1647 0.5777833461761475
1736 1607 0.25551837682724
1737 1654 0.282809853553772
1738 1676 0.35296592116355896
1739 1605 0.34418368339538574
1740 1599 0.29587554931640625
1741 1623 0.4152415692806244
1742 1624 0.26738160848617554
1751 1717 0.36793628334999084
1753 1725 0.33911624550819397
1754 1707 0.4043290913105011
1755 1627 0.31089097261428833
1756 1674 0.39207199215888977
1759 1618 0.2610490024089813
1760 1620 0.34736117720603943
1761 1621 0.3298879861831665
1762 1622 0.31674259901046753
1763 1626 0.27345597743988037
1770 1715 0.5278466939926147
1771 1767 0.5216906070709229
1773 1692 0.36470481753349304
1774 1700 0.31383711099624634
1775 1598 0.33013975620269775
1776 1633 0.26086583733558655
1780 1601 0.3482683598995209
1781 1689 0.30655860900878906
1783 1699 0.2581770420074463
1786 1659 0.38569873571395874
1787 1660 0.4192409813404083
1789 1667 0.3853759169578552
1790 1648 0.5382524132728577
1791 1636 0.4134266972541809
1795 1719 0.32741567492485046
1797 1708 0.39830586314201355
1799 1709 0.3394356071949005
1808 1766 0.46761682629585266
1809 1773 0.3245069980621338
1810 1745 0.43567273020744324
1811 1746 0.5174516439437866
1813 1603 0.6904848217964172
1817 1628 0.3614310622215271
1818 1629 0.2590921223163605
1819 1681 0.29217371344566345
1820 1661 0.3655701279640198
1828 1697 0.39981481432914734
1830 1631 0.26263341307640076
1831 1632 0.2514451742172241
1839 1797 0.4992702603340149
1840 1757 0.3810979723930359
1841 1726 0.27030181884765625
1843 1727 0.4280584752559662
1844 1729 0.3145832419395447
1845 1703 0.25924187898635864
1846 1668 0.3219555616378784
1854 1775 0.2748088836669922
1855 1768 0.3245404064655304
1856 1759 0.48202916979789734
1861 1695 0.4463435411453247
1865 1819 0.5764063596725464
1866 1790 0.2748626172542572
1869 1711 0.4113297760486603
1870 1736 0.3871097266674042
1874 1820 0.5687171816825867
1876 1877 0.30632510781288147
1878 1788 0.3882192075252533
1879 1789 0.2833530306816101
1880 1735 0.33916476368904114
1881 1754 0.4428873658180237
1882 1738 0.3368535041809082
1884 1724 0.393119215965271
1889 1810 0.4287485182285309
1890 1812 0.31272390484809875
1891 1798 0.4246070086956024
1892 1799 0.41652584075927734
1893 1838 0.2816659212112427
1894 1778 0.4438069760799408
1895 1779 0.3565681278705597
1896 1733 0.3730833828449249
1897 1753 0.3398612141609192
1898 1723 0.30206096172332764
1899 1968 0.27446916699409485
1901 1858 0.31597113609313965
1903 1776 0.41836386919021606
1909 1901 0.33346065878868103
1911 1821 0.35701999068260193
1912 1837 0.424212783575058
1913 1816 0.25880810618400574
1915 1742 0.2655673623085022
1918 1866 0.3569781184196472
1919 1911 0.549735963344574
1920 1786 0.30971643328666687
1922 1763 0.3901239037513733
1923 1782 0.3805920481681824
1929 1868 0.38889288902282715
1930 1815 0.5006821155548096
1932 1792 0.48804616928100586
1933 1764 0.38182955980300903
1937 1919 0.3734308183193207
1938 1900 0.5089810490608215
1940 1962 0.4583396911621094
1941 1921 0.3321264088153839
1945 1805 0.2587301433086395
1951 1936 0.4753210246562958
1955 1859 0.3106968104839325
1956 1879 0.40320509672164917
1958 1795 0.25604405999183655
1960 1828 0.34836602210998535
1967 1903 0.2500460147857666
1968 1880 0.3393944799900055
1971 1793 0.3749052584171295
1973 1830 0.2690136730670929
1974 2088 0.3891206681728363
1975 2089 0.41376906633377075
1976 1943 0.27573898434638977
1977 1944 0.27749326825141907
1978 1983 0.2955089509487152
1980 1817 0.39467892050743103
1983 1842 0.35540229082107544
1985 2100 0.3181430697441101
1986 1959 0.7698552012443542
1987 1971 0.39767199754714966
1988 1938 0.3148065209388733
1989 1922 0.3411552906036377
1995 1871 0.2643393576145172
1998 2025 0.2585628926753998
1999 1945 0.3582758605480194
2001 1912 0.3086242973804474
2002 1894 0.34636878967285156
2007 1981 0.27314165234565735
2009 2001 0.478234201669693
2010 1970 0.3402163088321686
2012 1963 0.33392560482025146
2013 1914 0.5652576088905334
2016 1861 0.3509576916694641
2017 1852 0.37523648142814636
2019 1882 0.3497048318386078
2020 1826 0.37975597381591797
2024 1857 0.34246569871902466
2028 1972 0.5006028413772583
2029 1840 0.5921725034713745
2030 1883 0.3437231481075287
2033 1918 0.28284546732902527
2034 1872 0.6113139986991882
2035 1886 0.41727927327156067
2038 2013 0.5905488729476929
2040 2003 0.3551468253135681
2042 1949 0.39927566051483154
2047 1887 0.28343385457992554
2049 2023 0.28414565324783325
2051 1881 0.34689801931381226
2055 1885 0.25488778948783875
2056 1888 0.3104773461818695
2058 2056 0.2684542238712311
2059 2057 0.27069470286369324
2060 2071 0.3417932391166687
2061 1988 0.3527865707874298
2062 2004 0.3306984603404999
2066 1917 0.38344869017601013
2067 1934 0.42281046509742737
2068 1941 0.2745833396911621
2070 2043 0.28844526410102844
2072 1987 0.26402491331100464
2074 1989 0.3175359070301056
2075 1933 0.27010083198547363
2078 1942 0.5112641453742981
2080 2060 0.4417206346988678
2081 2017 0.4659537076950073
2089 2103 0.42952364683151245
2093 2062 0.27610135078430176
2094 2028 0.3238339424133301
2095 2018 0.2578650116920471
2097 2244 0.26066216826438904
2098 2122 0.3779905438423157
2099 2101 0.6818211078643799
2100 2123 0.49951696395874023
2101 1986 0.3078215420246124
2103 2029 0.391019344329834
2104 1965 0.3352450132369995
2105 1990 0.396493524312973
2106 1966 0.40454044938087463
2112 1977 0.32104554772377014
2114 2124 0.3446813225746155
2117 2063 0.46548423171043396
2118 2077 0.3315785825252533
2125 2141 0.33418014645576477
2126 2136 0.2543387711048126
2128 2045 0.398250013589859
2129 2107 0.4433036148548126
2130 2006 0.46464818716049194
2132 2048 0.2834089696407318
2134 1939 0.31688401103019714
2136 1992 0.39036357402801514
2138 2276 0.30662205815315247
2139 2147 0.3383145034313202
2140 2168 0.31894901394844055
2141 2007 0.30990728735923767
2143 2009 0.33188483119010925
2145 1994 0.3493931293487549
2146 2162 0.5341247916221619
2148 2165 0.33187153935432434
2149 2150 0.368093878030777
2150 2151 0.3390531837940216
2151 2126 0.30542460083961487
2153 2076 0.40553393959999084
2154 2093 0.39916980266571045
2159 1993 0.349743515253067
2160 2036 0.2571219503879547
2164 2181 0.5581843256950378
2166 2173 0.36332833766937256
2167 2166 0.3707481324672699
2168 2193 0.6303583383560181
2169 2169 0.3151438534259796
2170 2142 0.5479114055633545
2171 2095 0.2944146990776062
2173 2008 0.27871859073638916
2174 2032 0.31762194633483887
2175 2050 0.2681026756763458
2180 2189 0.3100811243057251
2182 2049 0.29682204127311707
2183 2082 0.44338563084602356
2184 2064 0.29392319917678833
2185 2065 0.2890993356704712
2190 2386 0.38322970271110535
2191 2332 0.2876014709472656
2192 2188 0.3528249263763428
2194 2153 0.2549687325954437
2195 2167 0.25267109274864197
2197 2079 0.2642667591571808
2199 2034 0.30862873792648315
2202 2085 0.394817054271698
2209 2215 0.46166232228279114
2210 2218 0.4364749491214752
2211 2139 0.2579762041568756
2212 2078 0.27324873208999634
2215 2010 0.3365519940853119
2218 2350 0.3795742094516754
2219 2216 0.4227108955383301
2222 2233 0.47296562790870667
2223 2234 0.5160092115402222
2224 2109 0.3410879373550415
2226 2117 0.2750180959701538
2227 2140 0.2887069880962372
2228 2037 0.3367128372192383
2229 2423 0.2934414744377136
2230 2370 0.2867787182331085
2232 2287 0.4012269675731659
2233 2228 0.3212338984012604
2234 2229 0.5081628561019897
2235 2289 0.287391722202301
2236 2201 0.5039218068122864
2238 2108 0.36749231815338135
2239 2110 0.30358436703681946
2240 2111 0.2704188823699951
2242 2369 0.2687510848045349
2244 2138 0.4159720540046692
2246 2195 0.3142291307449341
2247 2128 0.3853953778743744
2249 2114 0.6429271697998047
2251 2420 0.3147362768650055
2254 2282 0.3108939230442047
2255 2246 0.3503834903240204
2256 2320 0.25430506467819214
2257 2236 0.4139083921909332
2258 2159 0.30264487862586975
2259 2118 0.3817075788974762
2262 2406 0.3448046147823334
2263 2387 0.4251345694065094
2264 2283 0.7118333578109741
2265 2305 0.41504085063934326
2266 2307 0.5299085974693298
2267 2288 0.37831369042396545
2269 2339 0.38554537296295166
2270 2219 0.2971522808074951
2271 2204 0.5510287880897522
2272 2239 0.32551711797714233
2273 2143 0.31709834933280945
2274 2130 0.26062116026878357
2276 2116 0.25705304741859436
2278 2407 0.3050994277000427
2279 2306 0.40714290738105774
2280 2285 0.39406925439834595
2282 2237 0.6262622475624084
2283 2248 0.3416482210159302
2284 2203 0.43123024702072144
2287 2156 0.30807939171791077
2290 2472 0.2936396598815918
2291 2473 0.317130982875824
2292 2457 0.28364449739456177
2294 2426 0.2579798996448517
2297 2284 0.394177109003067
2298 2336 0.29848235845565796
2303 2238 0.35572919249534607
2305 2171 0.3402617573738098
2306 2177 0.37542903423309326
2311 2486 0.36057862639427185
2318 2346 0.4549155831336975
2319 2321 0.5451687574386597
2320 2312 0.2954610586166382
2322 2250 0.544798731803894
2324 2182 0.2825925648212433
2325 2211 0.32556089758872986
2326 2183 0.40391284227371216
2327 2185 0.293008029460907
2331 2341 0.3201683461666107
2333 2356 0.2717536687850952
2335 2290 0.4791307747364044
2336 2291 0.30948376655578613
2337 2197 0.28577592968940735
2338 2226 0.3567273020744324
2339 2178 0.3750532865524292
2345 2388 0.402302086353302
2346 2400 0.371861070394516
2347 2355 0.42538195848464966
2348 2278 0.31491103768348694
2349 2249 0.3010937571525574
2350 2279 0.4334757626056671
2352 2208 0.3191690146923065
2356 2558 0.3302704691886902
2361 2354 0.3330875337123871
2362 2380 0.39506980776786804
2364 2391 0.5556864142417908
2366 2347 0.31541207432746887
2368 2292 0.3978138566017151
2370 2207 0.27171555161476135
2371 2209 0.3563305139541626
2375 2223 0.271846204996109
2379 2342 0.47862112522125244
2380 2357 0.3056052625179291
2381 2324 0.5159939527511597
2383 2293 0.3159681260585785
2387 2225 0.2693605124950409
2389 2577 0.28480789065361023
2390 2565 0.4241763651371002
2393 2393 0.3366483151912689
2394 2196 0.3254835903644562
2398 2271 0.48318716883659363
2400 2275 0.41266801953315735
2401 2563 0.3100681006908417
2405 2427 0.38655155897140503
2406 2412 0.30242791771888733
2407 2430 0.32592901587486267
2408 2392 0.33816999197006226
2409 2395 0.34237754344940186
2410 2403 0.3001164495944977
2412 2242 0.2881384491920471
2414 2268 0.31045275926589966
2416 2280 0.26557546854019165
2419 2272 0.3033979535102844
2420 2562 0.35640764236450195
2421 2593 0.46541455388069153
2422 2445 0.42115044593811035
2423 2428 0.6300830841064453
2425 2446 0.4236144423484802
2426 2381 0.3392482101917267
2427 2358 0.49768295884132385
2428 2360 0.3758682608604431
2429 2348 0.26829424500465393
2432 2252 0.29567021131515503
2433 2261 0.30114859342575073
2434 2574 0.278934508562088
2437 2462 0.3487216830253601
2439 2296 0.4010004997253418
2441 2273 0.381119042634964
2443 2262 0.2584913969039917
2445 2594 0.2835644483566284
2446 2613 0.2681535482406616
2447 2629 0.30389371514320374
2449 2477 0.4987453520298004
2450 2479 0.3058037757873535
2451 2432 0.38759440183639526
2452 2433 0.2676334083080292
2455 2294 0.4085178077220917
2457 2328 0.2568195164203644
2458 2487 0.29783716797828674
2459 2488 0.4721066951751709
2461 2499 0.2809480130672455
2462 2478 0.40331315994262695
2466 2313 0.38402432203292847
2468 2314 0.31152668595314026
2470 2303 0.38736528158187866
2471 2612 0.3104853332042694
2472 2537 0.3050272762775421
2473 2490 0.4117010235786438
2474 2500 0.43635299801826477
2476 2502 0.2655157148838043
2477 2503 0.25501784682273865
2478 2448 0.32414230704307556
2479 2325 0.45773863792419434
2480 2365 0.32820820808410645
2483 2664 0.38473474979400635
2486 2505 0.5443395972251892
2487 2480 0.37230783700942993
2490 2383 0.3022935390472412
2494 2536 0.3058927655220032
2496 2542 0.3060993552207947
2498 2434 0.279449462890625
2499 2361 0.2692795991897583
2502 2367 0.33946213126182556
2503 2329 0.4189707636833191
2505 2644 0.42910072207450867
2506 2566 0.4734160006046295
2507 2540 0.35301473736763
2508 2541 0.30246424674987793
2509 2512 0.859553337097168
2510 2528 0.42073574662208557
2514 2538 0.5213688015937805
2515 2513 0.42146262526512146
2517 2397 0.32341668009757996
2518 2382 0.3407738506793976
2521 2415 0.4311809241771698
2523 2368 0.3573228120803833
2525 2581 0.3648892045021057
2526 2526 0.5692256093025208
2531 2452 0.28838035464286804
2532 2416 0.4395845830440521
2533 2417 0.39438092708587646
2534 2418 0.34060752391815186
2537 2535 0.5848237872123718
2538 2602 0.4109709858894348
2540 2414 0.3324163556098938
2541 2437 0.45679667592048645
2542 2439 0.37521642446517944
2543 2527 0.2745864689350128
2544 2604 0.4074971675872803
2547 2438 0.3307782709598541
2548 2454 0.4893287420272827
2550 2385 0.2642546594142914
2551 2615 0.33679506182670593
2553 2605 0.3017269968986511
2554 2567 0.3898959159851074
2555 2450 0.3421095609664917
2556 2455 0.49842771887779236
2558 2471 0.3241194486618042
2560 2630 0.2546071708202362
2561 2580 0.5305234789848328
2562 2645 0.3679141700267792
2566 2456 0.37025487422943115
2567 2616 0.43960344791412354
2568 2667 0.32349348068237305
2569 2647 0.2739448547363281
2570 2468 0.2513943314552307
2572 2483 0.25096675753593445
2573 2519 0.4580320715904236
2574 2533 0.3582266569137573
2575 2441 0.322494238615036
2576 2646 0.6092897057533264
2578 2631 0.42026373744010925
2579 2507 0.4097949266433716
2582 2702 0.40748241543769836
2583 2683 0.303598552942276
2584 2684 0.42560675740242004
2585 2691 0.831022322177887
2586 2670 0.9158898591995239
2587 2633 0.4310624897480011
2588 2617 0.3183722198009491
2589 2650 0.2944360375404358
2590 2651 0.2663348615169525
2591 2652 0.27730995416641235
2594 2517 0.257296085357666
2595 2531 0.6226212382316589
2596 2496 0.42259278893470764
2597 2521 0.3329211175441742
2598 2509 0.2771002948284149
2599 2522 0.5038025975227356
2600 2689 0.31821832060813904
2601 2703 0.35233163833618164
2602 2618 0.2652686834335327
2603 2530 0.3825957477092743
2604 2549 0.41628238558769226
2605 2551 0.27002766728401184
2606 2518 0.3979523777961731
2607 2555 0.6234530806541443
2610 2668 0.44272732734680176
2611 2685 0.30878946185112
2612 2632 0.2857617437839508
2613 2548 0.34334638714790344
2616 2715 0.40141066908836365
2617 2716 0.29099521040916443
2618 2735 0.42916128039360046
2620 2672 0.26115283370018005
2622 2606 0.3022618293762207
2625 2734 0.3570261299610138
2626 2671 0.3386075794696808
2627 2636 0.26417604088783264
2629 2588 0.332876980304718
2630 2589 0.3049638569355011
2631 2776 0.32626116275787354
2632 2756 0.4808959662914276
2633 2692 0.3310143053531647
2634 2714 0.2988460958003998
2635 2686 0.4203771948814392
2636 2585 0.33289507031440735
2637 2600 0.40702059864997864
2642 2890 0.283220112323761
2645 2757 0.3139239251613617
2646 2758 0.9028683304786682
2647 2723 0.3181008994579315
2649 2608 0.26830729842185974
2651 2611 0.3180026113986969
2653 2736 0.30155813694000244
2655 2673 0.36522096395492554
2656 2688 0.2948395609855652
2657 2586 0.340045690536499
2659 2598 0.44630566239356995
2660 2623 0.44991204142570496
2662 2640 0.27995869517326355
2664 2911 0.2829134464263916
2665 2912 0.30129483342170715
2666 2805 0.33537358045578003
2667 2778 0.2502504587173462
2668 2779 0.2983096241950989
2669 2759 0.2861080765724182
2670 2722 0.3374679684638977
2671 2657 0.3403792381286621
2673 2628 0.674009382724762
2675 2921 0.314862996339798
2677 2815 0.26011112332344055
2678 2803 0.3062266707420349
2679 2817 0.2771151065826416
2680 2696 0.27372682094573975
2685 2642 0.40389975905418396
2686 2804 0.27337515354156494
2688 2780 0.46989673376083374
2689 2806 0.3483859598636627
2690 2705 0.3105196952819824
2692 2658 0.29194390773773193
2695 2638 0.3341406285762787
2696 2677 0.2538909316062927
2698 2935 0.3115914762020111
2699 2957 0.33366426825523376
2700 2842 0.3046499192714691
2703 2655 0.5079036355018616
2705 2698 0.5682888627052307
2706 2656 0.30344077944755554
2708 2849 0.3701609671115875
2710 2818 0.3083554208278656
2715 2751 0.28335466980934143
2716 2724 0.30686134099960327
2718 2676 0.61326664686203
2719 2711 0.27515897154808044
2724 2782 0.2629326581954956
2725 2794 0.3966690003871918
2727 2750 0.45106256008148193
2729 2761 0.4947258234024048
2732 2707 0.35246068239212036
2736 3005 0.2541314661502838
2737 2956 0.2916625738143921
2739 2958 0.32859060168266296
2742 2719 0.6281595826148987
2743 2720 0.3297879695892334
2746 2729 0.5192688703536987
2747 2709 0.3544403314590454
2749 2859 0.357393354177475
2750 2873 0.47935107350349426
2753 2819 0.31883862614631653
2754 2821 0.303731769323349
2755 2822 0.28692013025283813
2756 2808 0.27783381938934326
2760 3037 0.3428601324558258
2761 2963 0.3501129448413849
2763 2820 0.3576599955558777
2764 2784 0.2736912965774536
2765 2740 0.4518086612224579
2766 2725 0.2960962951183319
2767 2753 0.27567458152770996
2768 2726 0.3174895942211151
2770 3048 0.2725205719470978
2772 3006 0.26856353878974915
2773 2863 0.3783714175224304
2775 2785 0.27572348713874817
2776 2717 0.2628351151943207
2777 2738 0.2567291557788849
2785 2881 0.4052807092666626
2786 2923 0.5066723823547363
2787 2796 0.29460570216178894
2788 2718 0.30289578437805176
2790 2742 0.8759549856185913
2791 2772 0.30538180470466614
2794 2755 0.27883079648017883
2795 3008 0.3106491267681122
2796 2892 0.33317553997039795
2799 2771 0.3362347185611725
2800 2745 0.5097476243972778
2801 3078 0.27652350068092346
2804 2914 0.28716185688972473
2806 2891 0.28462594747543335
2807 2824 0.256080687046051
2808 2810 0.3308546245098114
2809 2762 0.27552345395088196
2810 2787 0.4056360423564911
2811 2788 0.35822734236717224
2812 2763 0.36221814155578613
2813 2768 0.40912172198295593
2815 2801 0.2678718864917755
2818 2965 0.29604771733283997
2819 2929 0.28327953815460205
2820 2915 0.25252029299736023
2821 2845 0.29943233728408813
2822 2799 0.3050808012485504
2823 2789 0.4535999000072479
2830 2800 0.5069952607154846
2836 2895 0.4254537522792816
2837 2918 0.780667245388031
2841 2812 0.3570452034473419
2843 3102 0.2972203195095062
2847 3011 0.28250202536582947
2849 2894 0.46836885809898376
2850 2906 0.4500875771045685
2852 2847 0.6484624147415161
2854 2853 0.354474812746048
2855 2838 0.35351064801216125
2856 2811 0.28474974632263184
2858 2828 0.2674308121204376
2863 3115 0.269688218832016
2864 3119 0.28187498450279236
2867 3039 0.26149800419807434
2869 3021 0.2984151840209961
2870 2959 0.3181803822517395
2871 2948 0.302240788936615
2874 2896 0.5416747331619263
2875 2907 0.6518856883049011
2877 2829 0.36695265769958496
2880 3145 0.32408544421195984
2881 3133 0.37222832441329956
2887 2866 0.6270462870597839
2888 3165 0.3481650948524475
2889 3146 0.38436728715896606
2892 3128 0.3861919343471527
2893 2969 0.5044492483139038
2895 2950 0.4091264009475708
2896 2941 0.6109730005264282
2898 2886 0.414700984954834
2902 2848 0.3170541822910309
2904 2864 0.3581596910953522
2905 2865 0.3502027690410614
2907 2868 0.3145466446876526
2908 2869 0.30825281143188477
2911 3192 0.26515915989875793
2915 2986 0.27526816725730896
2916 2854 0.4005250334739685
2917 2860 0.3291472792625427
2919 2867 0.4186420738697052
2923 3179 0.39461982250213623
2924 3106 0.25489214062690735
2925 3022 0.28960874676704407
2927 2888 0.655657172203064
2931 3180 0.2563880980014801
2932 3167 0.30912891030311584
2933 3015 0.3829023540019989
2934 2887 0.28491002321243286
2935 2908 0.3866076171398163
2937 2877 0.3911994993686676
2942 3105 0.3225170075893402
2943 3024 0.2744317650794983
2945 2970 0.619120717048645
2946 2897 0.2640919089317322
2947 2900 0.2718096375465393
2948 2875 0.3660679757595062
2951 3251 0.3220725655555725
2954 2889 0.4207814931869507
2955 2901 0.37195223569869995
2960 3194 0.280375212430954
2961 3228 0.32315370440483093
2962 3082 0.27252915501594543
2963 3055 0.3639810383319855
2966 2925 0.4963940978050232
2970 2902 0.5258008241653442
2974 3253 0.27757135033607483
2975 3136 0.42255449295043945
2976 3051 0.5435547232627869
2978 2919 0.45285388827323914
2979 2953 0.35253027081489563
2985 3095 0.3702096939086914
2989 3212 0.35439133644104004
2990 3214 0.3163362741470337
2991 3121 0.35665586590766907
2992 3086 0.44220873713493347
2993 3016 0.529495358467102
3000 3292 0.5095342397689819
3001 3229 0.4465295970439911
3002 3230 0.39093732833862305
3003 3211 0.37250104546546936
3004 3213 0.378316193819046
3006 3087 0.5159550905227661
3007 2942 0.48476338386535645
3008 2930 0.5265696048736572
3009 2943 0.40124571323394775
3012 2927 0.32402485609054565
3014 2954 0.29868054389953613
3015 2961 0.33682525157928467
3016 2977 0.3903181850910187
3018 3240 0.3225751519203186
3021 3242 0.338235467672348
3022 3083 0.3853553235530853
3024 2974 0.2954334318637848
3025 2995 0.25386282801628113
3026 3002 0.40431520342826843
3028 3259 0.28228873014450073
3030 3108 0.3421359956264496
3031 3064 0.3132931590080261
3032 3000 0.35118672251701355
3033 2973 0.3443639278411865
3035 2993 0.2674216330051422
3036 2932 0.2749071717262268
3037 2962 0.4605058431625366
3038 2955 0.40695813298225403
3040 3268 0.3231247365474701
3041 3107 0.2694565951824188
3042 3196 0.2709421217441559
3044 3085 0.4609047770500183
3046 2960 0.3079504370689392
3048 2991 0.3035391867160797
3050 2997 0.7451459765434265
3052 2976 0.26596325635910034
3054 3033 0.33314788341522217
3056 3265 0.4525274932384491
3057 3278 0.25154396891593933
3058 3293 0.2902297377586365
3060 3267 0.3846224844455719
3062 3137 0.6008649468421936
3063 3109 0.2904476523399353
3064 3122 0.2957291305065155
3066 2990 0.49571099877357483
3067 3001 0.28026214241981506
3068 3003 0.692214846611023
3070 3138 0.40603238344192505
3071 3041 0.30330365896224976
3073 2996 0.30108514428138733
3075 3243 0.3240770995616913
3076 3030 0.29875317215919495
3079 3046 0.32548919320106506
3081 3254 0.41584789752960205
3082 3287 0.3532690107822418
3083 3181 0.4471474885940552
3085 3152 0.2764114439487457
3088 3044 0.27299579977989197
3091 3032 0.43338441848754883
3093 3384 0.3766246438026428
3095 3285 0.943661093711853
3097 3067 0.2937491834163666
3098 3034 0.454536110162735
3099 3053 0.35691413283348083
3101 3385 0.34127339720726013
3102 3286 0.38061419129371643
3103 3071 0.2857851982116699
3105 3058 0.3794402778148651
3108 3231 0.6110155582427979
3109 3218 0.43931761384010315
3110 3197 0.36125531792640686
3111 3182 0.8925172686576843
3113 3056 0.2794249355792999
3115 3089 0.2690988779067993
3116 3031 0.28116244077682495
3117 3090 0.31929779052734375
3118 3091 0.3605545461177826
3119 3075 0.4135134518146515
3120 3403 0.321394145488739
3121 3088 0.3525800406932831
3122 3154 0.416042685508728
3123 3057 0.43372470140457153
3125 3074 0.29071590304374695
3126 3093 0.37281733751296997
3129 3404 0.3928557336330414
3131 3396 0.2884342670440674
3132 3339 0.27647972106933594
3133 3316 0.31648653745651245
3134 3084 0.33960622549057007
3135 3151 0.35361552238464355
3140 3429 0.4416174590587616
3141 3340 0.41356274485588074
3142 3260 0.36672243475914
3143 3219 0.26952263712882996
3145 3099 0.2780636250972748
3148 3110 0.36724743247032166
3149 3101 0.28805628418922424
3152 3402 0.37038907408714294
3153 3416 0.2834276258945465
3155 3217 0.4234464168548584
3156 3172 0.485313355922699
3157 3124 0.380134254693985
3158 3125 0.4981117248535156
3159 3126 0.4885491132736206
3161 3111 0.25797128677368164
3163 3113 0.3086772859096527
3164 3059 0.29153409600257874
3168 3354 0.3285200893878937
3173 3069 0.3122619688510895
3178 3369 0.44811439514160156
3179 3288 0.3172059953212738
3180 3173 0.300555557012558
3181 3156 0.4804219901561737
3183 3223 0.41299834847450256
3184 3159 0.34377822279930115
3188 3441 0.4047222137451172
3189 3406 0.3210277855396271
3190 3407 0.3943549692630768
3193 3200 0.5021774172782898
3194 3155 0.4107026159763336
3196 3187 0.30140775442123413
3197 3176 0.25659894943237305
3199 3141 0.35830387473106384
3201 3446 0.28907454013824463
3202 3442 0.34419122338294983
3203 3322 0.4045427739620209
3204 3356 0.49564623832702637
3206 3157 0.302002489566803
3207 3158 0.2527908980846405
3210 3428 0.4014167785644531
3211 3457 0.3934297561645508
3213 3458 0.2563651204109192
3214 3386 0.3401848375797272
3219 3205 0.26916611194610596
3221 3177 0.672988772392273
3222 3161 0.402305543422699
3227 3294 0.35206326842308044
3228 3281 0.43186405301094055
3229 3221 0.2991526126861572
3230 3174 0.43081384897232056
3231 3183 0.34862658381462097
3232 3185 0.5521919131278992
3233 3201 0.46229806542396545
3234 3202 0.43561747670173645
3238 3343 0.38407376408576965
3239 3305 0.4208212196826935
3240 3203 0.26404279470443726
3242 3207 0.30464470386505127
3244 3431 0.3072836399078369
3246 3399 0.25124454498291016
3248 3355 0.548984706401825
3250 3233 0.5104466676712036
3251 3244 0.34108370542526245
3252 3497 0.33603981137275696
3253 3470 0.38828030228614807
3254 3471 0.5829483866691589
3256 3346 0.3212593197822571
3258 3199 0.597295880317688
3259 3232 0.34618350863456726
3260 3206 0.39769741892814636
3261 3225 0.5857068300247192
3262 3246 0.4110199809074402
3264 3373 0.2991303503513336
3266 3234 0.36702263355255127
3267 3247 0.38292208313941956
3268 3545 0.25861912965774536
3270 3323 0.5321434140205383
3272 3222 0.456856369972229
3273 3272 0.41482362151145935
3274 3257 0.6095988750457764
3275 3262 0.5486329793930054
3276 3227 0.40250009298324585
3283 3324 0.4517677128314972
3285 3276 0.3247794210910797
3287 3537 0.39161086082458496
3288 3483 0.9316412210464478
3293 3303 0.41508638858795166
3294 3275 0.3601325452327728
3296 3536 0.31642165780067444
3297 3467 0.29749906063079834
3300 3282 0.38276875019073486
3302 3296 0.7225791811943054
3303 3290 0.5056779980659485
3304 3498 0.3992977440357208
3309 3400 0.25638002157211304
3310 3333 0.4032416343688965
3311 3263 0.5016576051712036
3314 3562 0.2894030511379242
3315 3466 0.3334842026233673
3316 3299 0.4633476734161377
3317 3347 0.34306618571281433
3318 3289 0.4241076111793518
3319 3308 0.8952955007553101
3321 3291 0.4516884386539459
3323 3587 0.2883633077144623
3325 3307 0.4121190011501312
3326 3589 0.44175222516059875
3327 3387 0.3561922311782837
3328 3313 0.3010948896408081
3329 3334 0.36612173914909363
3330 3326 0.28024744987487793
3331 3335 0.3574826717376709
3333 3314 0.35446399450302124
3335 3588 0.35859444737434387
3336 3590 0.3657378852367401
3338 3539 0.4824265241622925
3339 3358 0.5091339945793152
3344 3460 0.45918846130371094
3347 3624 0.4454862177371979
3348 3500 0.33078962564468384
3349 3432 0.30765897035598755
3350 3394 0.2870807945728302
3351 3317 0.37598296999931335
3352 3329 0.3649139106273651
3355 3318 0.5770399570465088
3356 3327 0.3994733393192291
3357 3330 0.502517580986023
3358 3331 0.3942526876926422
3359 3328 0.389665812253952
3363 3352 0.26256078481674194
3364 3353 0.25776225328445435
3365 3636 0.5270277857780457
3367 3582 0.3347415328025818
3369 3418 0.509788453578949
3372 3319 0.26869985461235046
3373 3580 0.5634438991546631
3375 3376 0.31590816378593445
3376 3361 0.33201590180397034
3377 3377 0.4407162368297577
3378 3350 0.384064257144928
3379 3363 0.7792903780937195
3381 3382 0.2606196701526642
3383 3661 0.3862541913986206
3384 3581 0.2726185619831085
3387 3367 0.26408612728118896
3389 3604 0.4491797983646393
3390 3514 0.4583493173122406
3392 3379 0.3878476619720459
3393 3380 0.44648146629333496
3394 3364 0.6588526368141174
3396 3611 0.46936821937561035
3401 3410 0.32424402236938477
3403 3637 0.41608870029449463
3404 3625 0.40389129519462585
3405 3515 0.49364516139030457
3409 3644 0.5438938736915588
3410 3461 0.5824415683746338
3415 3426 0.4552744925022125
3416 3411 0.45042121410369873
3418 3440 0.5231878161430359
3420 3686 0.8067690134048462
3421 3612 0.28304433822631836
3425 3505 0.2571282982826233
3427 3508 0.2849600315093994
3429 3434 0.33495643734931946
3430 3421 0.5039304494857788
3431 3424 0.3358043432235718
3436 3523 0.42529839277267456
3438 3412 0.3864078223705292
3439 3413 0.3078412115573883
3440 3743 0.6176811456680298
3441 3744 0.3653498589992523
3442 3672 0.4509257972240448
3446 3745 0.4313499629497528
3448 3524 0.39569345116615295
3449 3435 0.5195011496543884
3450 3572 0.3841320276260376
3451 3451 0.4734024405479431
3452 3553 0.5066298842430115
3453 3574 0.2574303448200226
3454 3525 0.3391447067260742
3455 3463 0.4520215690135956
3456 3455 0.5897558927536011
3462 3787 0.3445097804069519
3463 3715 0.4355950355529785
3464 3716 0.4121500551700592
3467 3482 0.5575793981552124
3470 3806 0.40538933873176575
3474 3639 0.38250964879989624
3475 3645 0.33147868514060974
3478 3452 0.3371729850769043
3479 3480 0.3105626404285431
3480 3481 0.4088440239429474
3482 3605 0.36717739701271057
3483 3653 0.3713858127593994
3487 3830 0.3154093623161316
3491 3614 0.2704601287841797
3493 3494 0.4147302508354187
3494 3495 0.31252920627593994
3495 3496 0.2770289480686188
3498 3673 0.31817886233329773
3500 3675 0.2748725712299347
3503 3640 0.42399436235427856
3504 3666 0.27331623435020447
3506 3493 0.28594058752059937
3509 3530 0.27034488320350647
3510 3517 0.40630120038986206
3511 3535 0.2655792832374573
3512 3664 0.3371041715145111
3514 3687 0.3397759795188904
3516 3541 0.2823309898376465
3517 3510 0.3869868218898773
3518 3519 0.2993198335170746
3522 3869 0.3095560669898987
3525 3887 0.2700171172618866
3526 3871 0.27150341868400574
3530 3513 0.26713359355926514
3537 3815 0.43135613203048706
3538 3654 0.4533015191555023
3543 3533 0.34849029779434204
3545 3807 0.3963608145713806
3546 3729 0.4228878915309906
3551 3579 0.2928381860256195
3554 3558 0.4654900133609772
3555 3935 0.2569243609905243
3556 3952 0.46144047379493713
3558 3936 0.2688795328140259
3561 3689 0.4856596887111664
3564 3699 0.337634414434433
3565 3702 0.26621246337890625
3567 3586 0.263731986284256
3568 3544 0.2972237169742584
3569 3919 0.28346195816993713
3573 3761 0.43767625093460083
3577 3700 0.2509988248348236
3579 3713 0.25069954991340637
3580 3577 0.2625284790992737
3581 3565 0.31823834776878357
3583 3557 0.32254931330680847
3589 3616 0.2883226275444031
3590 3593 0.49016618728637695
3592 3566 0.3196975588798523
3593 3567 0.3394663631916046
3595 4003 0.25527846813201904
3596 4022 0.3529491126537323
3597 3937 0.25804951786994934
3600 3730 0.44161197543144226
3603 3732 0.32439836859703064
3604 3554 0.2520352602005005
3608 3731 0.31299540400505066
3609 3734 0.3243061900138855
3610 3735 0.26108983159065247
3611 3691 0.4153188169002533
3612 3677 0.513691246509552
3615 3595 0.3246961236000061
3616 3619 0.2862177789211273
3621 3763 0.2685476839542389
3623 3607 0.33195289969444275
3624 3621 0.35844844579696655
3627 4048 0.34953510761260986
3628 4023 0.3251727223396301
3629 3983 0.27105894684791565
3630 3823 0.28522157669067383
3631 3814 0.8763585686683655
3634 3623 0.2854376435279846
3635 3569 0.2524605989456177
3636 4091 0.7040550112724304
3639 3853 0.33739784359931946
3640 3874 0.5442752242088318
3643 3631 0.44998928904533386
3647 3773 0.2988332509994507
3648 3775 0.2689834237098694
3649 3776 0.3243730068206787
3652 3781 0.31710711121559143
3653 3648 0.2772388160228729
3654 3649 0.33133015036582947
3659 4085 0.3607836067676544
3660 3986 0.39236560463905334
3661 3762 0.3673788011074066
3662 3779 0.38356828689575195
3663 3848 0.3515620231628418
3667 3650 0.4039633274078369
3668 3642 0.35363203287124634
3672 3610 0.4344027638435364
3673 3601 0.29541483521461487
3675 4047 0.37689268589019775
3677 4106 0.43169522285461426
3678 4024 0.36132800579071045
3681 3921 0.491578072309494
3686 4156 0.4135434329509735
3687 4105 0.2987380921840668
3688 3841 0.42616358399391174
3692 3859 0.25458046793937683
3693 3782 0.41575393080711365
3695 3682 0.46905946731567383
3698 3658 0.28927114605903625
3700 3791 0.34591323137283325
3702 3817 0.29621434211730957
3703 3796 0.31620538234710693
3708 3684 0.310058057308197
3709 3707 0.31098467111587524
3713 4006 0.4147615134716034
3714 3854 0.26033249497413635
3716 3877 0.28632014989852905
3717 3849 0.36186182498931885
3718 3683 0.3195091784000397
3722 3908 0.25298938155174255
3724 3824 0.3226071298122406
3727 3818 0.2789640426635742
3730 3724 0.2738359570503235
3731 3726 0.5615641474723816
3732 3705 0.33046454191207886
3733 3706 0.2905670404434204
3736 4158 0.34409013390541077
3739 3968 0.3438998758792877
3740 3922 0.2691253125667572
3742 3878 0.2534375786781311
3749 3801 0.3617120683193207
3750 3727 0.4136696457862854
3751 3740 0.2959068715572357
3752 3728 0.26924237608909607
3753 4183 0.3288840353488922
3756 4066 0.3400372564792633
3759 3892 0.2844370901584625
3760 3856 0.3222412168979645
3761 3894 0.3048684895038605
3765 3750 0.5791111588478088
3769 3756 0.4034539461135864
3772 4159 0.4557945132255554
3777 3960 0.3349989354610443
3778 3961 0.250398725271225
3779 3783 0.27420493960380554
3782 3752 0.5364623665809631
3783 3739 0.3996105194091797
3784 4199 0.4288957417011261
3786 4160 0.34188029170036316
3788 4025 0.3152875602245331
3789 4008 0.325806587934494
3790 3956 0.26161375641822815
3792 3925 0.2745445668697357
3793 3896 0.49084073305130005
3794 3900 0.2941814661026001
3795 3800 0.376939058303833
3797 3751 0.33466780185699463
3798 3753 0.3919762670993805
3801 4072 0.4597247838973999
3802 3988 0.27247872948646545
3804 3923 0.3767935037612915
3805 3910 0.36541539430618286
3806 3974 0.34899118542671204
3807 3995 0.36979401111602783
3808 3996 0.32418838143348694
3809 3802 0.3117840886116028
3817 4136 0.3269944190979004
3818 4042 0.7751603126525879
3820 4043 0.28872132301330566
3821 3943 0.38298124074935913
3825 3811 0.46982815861701965
3826 3812 0.5546344518661499
3827 3821 0.3384668231010437
3828 3813 0.41554027795791626
3831 3757 0.40147000551223755
3835 3970 0.30147215723991394
3836 3971 0.29212939739227295
3837 3972 0.3618801236152649
3839 3958 0.27859875559806824
3840 3846 0.3979284465312958
3841 3912 0.3895937204360962
3843 3809 0.3266827166080475
3844 3836 0.3154791593551636
3845 3837 0.3638574779033661
3846 3822 0.3246273994445801
3847 3785 0.3035612106323242
3848 4094 0.4560662806034088
3849 4076 0.2725767195224762
3850 4026 0.4068331718444824
3851 3989 0.2923027575016022
3852 3993 0.36780470609664917
3854 3959 0.38502803444862366
3856 3973 0.5097830891609192
3858 3827 0.28254082798957825
3859 3828 0.3662373423576355
3863 4278 0.962744951248169
3864 4009 0.45952314138412476
3865 3990 0.25877949595451355
3866 3992 0.31574583053588867
3867 4058 0.31420427560806274
3869 3768 0.35018739104270935
3871 4087 0.43246084451675415
3875 4107 0.33305734395980835
3877 4027 0.36929672956466675
3880 3991 0.37256568670272827
3881 4028 0.3257627785205841
3882 4029 0.25544771552085876
3883 4030 0.3461650311946869
3884 4010 0.27574267983436584
3886 3834 0.41495218873023987
3889 3881 0.33383962512016296
3891 4310 0.28229761123657227
3892 4311 0.37301933765411377
3893 4216 0.27860724925994873
3897 3929 0.292325884103775
3898 3835 0.44153743982315063
3899 3864 0.27291199564933777
3905 4095 0.5269554257392883
3907 4067 0.3915761113166809
3908 4055 0.3507606089115143
3910 4089 0.2773805558681488
3911 4090 0.3216228783130646
3912 3765 0.26671484112739563
3915 3902 0.39393171668052673
3916 3904 0.42645347118377686
3917 4175 0.28918731212615967
3918 4125 0.34102094173431396
3923 4074 0.29197147488594055
3926 3927 0.37261685729026794
3927 3880 0.28362447023391724
3935 3928 0.3481302261352539
3937 3905 0.4996837079524994
3939 4390 0.2959630489349365
3941 4201 0.47949740290641785
3942 4139 0.47205087542533875
3944 4080 0.2516716420650482
3946 4123 0.3090018630027771
3947 3914 0.3492338955402374
3949 3948 0.3323700726032257
3950 3949 0.3139721155166626
3951 3882 0.4806639552116394
3952 4362 0.25072750449180603
3954 4217 0.3173578977584839
3955 4147 0.44062337279319763
3960 3963 0.3676931858062744
3962 3932 0.3555185794830322
3966 4392 0.30536460876464844
3968 3977 0.3710778057575226
3969 3964 0.4055509567260742
3970 3916 0.5749838352203369
3971 4391 0.3018481731414795
3972 4312 0.3332057297229767
3973 4202 0.4505157172679901
3975 4015 0.29813671112060547
3977 3903 0.3155573904514313
3978 3965 0.30181246995925903
3979 3934 0.6249341368675232
3981 4417 0.27677783370018005
3983 4394 0.29840409755706787
3984 4252 0.44339409470558167
3985 4188 0.6760475039482117
3986 4109 0.2671932280063629
3991 4129 0.4567958116531372
3992 4013 0.4675646424293518
3994 3901 0.33324989676475525
3995 4014 0.3270352780818939
3997 4045 0.3117014467716217
4000 4017 0.39385470747947693
4003 4451 0.2830545902252197
4004 4238 0.39751842617988586
4006 4162 0.32316693663597107
4007 4150 0.45438531041145325
4009 4141 0.31174156069755554
4011 4208 0.2804107964038849
4014 4395 0.4476044476032257
4015 4396 0.41125720739364624
4016 4397 0.4117383360862732
4017 4398 0.431458979845047
4018 4399 0.3811870217323303
4019 4374 0.2684227228164673
4020 4339 0.3305581510066986
4021 4237 0.433921217918396
4022 4153 0.3827461004257202
4023 4044 0.36249426007270813
4025 4035 0.4014366865158081
4026 4036 0.38689860701560974
4027 4016 0.35244220495224
4028 4463 0.4117065370082855
4029 4464 0.27509549260139465
4031 4450 0.28870177268981934
4032 4466 0.5815623998641968
4033 4260 0.4008192718029022
4034 4127 0.3656112849712372
4037 4192 0.30074363946914673
4038 4059 0.3358379900455475
4039 4060 0.4290274679660797
4040 4046 0.3177837133407593
4042 4482 0.3728724420070648
4043 4495 0.33880332112312317
4045 4279 0.2854844629764557
4048 4282 0.3013709783554077
4049 4283 0.37659159302711487
4050 4284 0.32373175024986267
4051 4203 0.255838543176651
4052 4193 0.38534799218177795
4056 4037 0.3341030180454254
4058 4019 0.4076565206050873
4060 4533 0.27806758880615234
4061 4523 0.3310815393924713
4062 4496 0.32961753010749817
4063 4497 0.38436031341552734
4066 4418 0.2800673544406891
4067 4285 0.3237808346748352
4071 4039 0.3384377658367157
4076 4101 0.4715460240840912
4077 4061 0.3138134777545929
4080 4298 0.6460729241371155
4082 4299 0.3228558301925659
4083 4329 0.6045867800712585
4085 4191 0.34263819456100464
4090 4070 0.3463701009750366
4091 4483 0.3323206305503845
4097 4302 0.2799346446990967
4101 4112 0.2973405122756958
4102 4102 0.349311500787735
4103 4103 0.3777754008769989
4104 4083 0.26465365290641785
4106 4240 0.4267537295818329
4107 4241 0.3417727053165436
4111 4166 0.2860764265060425
4113 4552 0.45425358414649963
4114 4553 0.4486091434955597
4116 4340 0.5218981504440308
4117 4315 0.4734349548816681
4118 4243 0.25939300656318665
4119 4331 0.26546406745910645
4120 4317 0.2885393798351288
4125 4111 0.2572951018810272
4126 4131 0.3228844702243805
4128 4084 0.26652035117149353
4130 4534 0.44152605533599854
4131 4261 0.345644474029541
4141 4181 0.2566579282283783
4142 4132 0.5375972986221313
4143 4104 0.32620733976364136
4145 4351 0.3409549295902252
4147 4602 0.3769465982913971
4148 4588 0.29137176275253296
4151 4375 0.3891073167324066
4155 4352 0.3725799024105072
4160 4114 0.29219210147857666
4161 4639 0.5476105213165283
4162 4403 0.3189271092414856
4163 4442 0.45810022950172424
4164 4383 0.4418027997016907
4165 4350 0.2852028012275696
4166 4179 0.27074891328811646
4167 4180 0.3076073229312897
4168 4165 0.6478807330131531
4170 4134 0.3718501031398773
4171 4419 0.8069021105766296
4173 4404 0.33513855934143066
4174 4405 0.5147004127502441
4175 4367 0.42897796630859375
4177 4210 0.5147843360900879
4178 4154 0.46917399764060974
4182 4512 0.459712952375412
4185 4485 0.35484418272972107
4186 4486 0.3971315622329712
4188 4443 0.29849886894226074
4189 4384 0.4294528067111969
4190 4409 0.9204817414283752
4192 4319 0.3669498562812805
4193 4209 0.310451865196228
4194 4233 0.32508745789527893
4195 4155 0.5063289403915405
4196 4647 0.3863094449043274
4197 4640 0.4402684271335602
4198 4525 0.2951822280883789
4200 4445 0.5600794553756714
4202 4211 0.6299184560775757
4205 4213 0.256775438785553
4206 4167 0.2811763882637024
4207 4196 0.4647909104824066
4208 4168 0.4038465917110443
4212 4468 0.29521065950393677
4216 4456 0.2975422143936157
4217 4406 0.3926055431365967
4219 4427 0.5207039713859558
4220 4170 0.3335220515727997
4221 4171 0.3402425944805145
4222 4182 0.3969755470752716
4227 4488 0.2822795808315277
4228 4457 0.28172528743743896
4229 4422 0.27388399839401245
4231 4424 0.2934076189994812
4232 4472 0.38059529662132263
4235 4169 0.32137882709503174
4236 4689 0.42281249165534973
4237 4663 0.2774726450443268
4240 4469 0.2721172571182251
4241 4489 0.49887901544570923
4242 4490 0.5251594185829163
4243 4428 0.3453064262866974
4244 4378 0.2648240625858307
4245 4370 0.25565657019615173
4246 4224 0.3963789641857147
4249 4235 0.3891589045524597
4250 4236 0.30916574597358704
4251 4690 0.33569708466529846
4252 4691 0.3559436500072479
4256 4665 0.2927488386631012
4259 4491 0.5077481865882874
4260 4321 0.4174918234348297
4261 4322 0.3398323655128479
4263 4214 0.58063805103302
4268 4499 0.25673919916152954
4269 4502 0.7013028264045715
4271 4706 0.392412006855011
4273 4680 0.2835184633731842
4275 4500 0.25229185819625854
4276 4501 0.2558685541152954
4278 4471 0.2740316092967987
4282 4412 0.31185397505760193
4283 4290 0.46614524722099304
4284 4292 0.49416232109069824
4286 4629 0.3202843964099884
4287 4651 0.4029325544834137
4289 4676 0.3227037489414215
4290 4681 0.4292685389518738
4291 4572 0.25337764620780945
4292 4562 0.5733564496040344
4293 4526 0.2672378122806549
4295 4410 0.30534452199935913
4296 4411 0.38852402567863464
4299 4431 0.4015940725803375
4300 4433 0.4177702069282532
4301 4434 0.3631710708141327
4302 4307 0.34925153851509094
4306 4728 0.5016930103302002
4307 4537 0.26853129267692566
4314 4725 0.4515157639980316
4315 4729 0.33942070603370667
4316 4730 0.41115602850914
4318 4707 0.39003390073776245
4320 4528 0.39694640040397644
4321 4379 0.5735762715339661
4322 4356 0.41800734400749207
4323 4293 0.48535779118537903
4324 4336 0.318391352891922
4325 4337 0.39551839232444763
4327 4573 0.3079768717288971
4329 4574 0.2870931327342987
4330 4578 0.304568886756897
4331 4543 0.2564621865749359
4332 4567 0.39786508679389954
4335 4749 0.42320501804351807
4337 4751 0.41931453347206116
4338 4744 0.48671916127204895
4340 4590 0.2934257984161377
4341 4591 0.3016202747821808
4342 4632 0.30795955657958984
4343 4613 0.3852553963661194
4344 4581 0.38297247886657715
4345 4518 0.3400333821773529
4346 4504 0.29645174741744995
4347 4492 0.32802295684814453
4348 4506 0.2923415005207062
4351 4740 0.3006989061832428
4352 4731 0.3858429491519928
4356 4589 0.2878102660179138
4357 4557 0.36775457859039307
4358 4579 0.3072812855243683
4359 4617 0.38403239846229553
4360 4517 0.4013371765613556
4362 4771 0.335557222366333
4363 4753 0.34655413031578064
4366 4576 0.2894563376903534
4368 4616 0.38899675011634827
4369 4607 0.3043685257434845
4372 4381 0.3635179400444031
4374 4752 0.3533276319503784
4376 4619 0.2525444030761719
4378 4529 0.2653197944164276
4379 4436 0.47266170382499695
4382 4308 0.2673453986644745
4383 4767 0.5100169777870178
4385 4568 0.38431671261787415
4386 4448 0.5662152767181396
4388 4652 0.3237283527851105
4389 4630 0.2715955972671509
4390 4633 0.4178897738456726
4391 4643 0.277208149433136
4392 4649 0.46175259351730347
4396 4582 0.2762959897518158
4397 4584 0.376215398311615
4399 4570 0.2766759395599365
4400 4380 0.32928982377052307
4403 4654 0.2636045217514038
4404 4666 0.3191942572593689
4406 4595 0.3026604652404785
4407 4585 0.35017070174217224
4408 4475 0.6874092221260071
4409 4476 0.2703990340232849
4410 4477 0.26573508977890015
4412 4449 0.31444528698921204
4414 4437 0.3813113868236542
4417 4793 0.39393171668052673
4419 4656 0.3472038507461548
4420 4658 0.3872614800930023
4421 4659 0.257769376039505
4422 4608 0.499653697013855
4423 4507 0.31900498270988464
4424 4494 0.40536805987358093
4425 4826 0.34285426139831543
4426 4653 0.30947282910346985
4427 4668 0.3057469129562378
4428 4620 0.2557016909122467
4430 4509 0.2880370616912842
4432 4510 0.4070633053779602
4436 4682 0.3951685130596161
4437 4667 0.2920416593551636
4439 4519 0.40343624353408813
4440 4520 0.3701440095901489
4448 4825 0.3103843927383423
4449 4807 0.2906607389450073
4450 4819 0.4306310713291168
4451 4672 0.5866521000862122
4453 4673 0.25915536284446716
4461 4559 0.2713954746723175
4463 4851 0.5040525197982788
4464 4843 0.43384549021720886
4466 4827 0.37087297439575195
4467 4802 0.7942559123039246
4468 4693 0.40731921792030334
4469 4684 0.32252037525177
4470 4685 0.3300717771053314
4471 4646 0.3111119270324707
4476 4548 0.4286937415599823
4478 4708 0.33681273460388184
4480 4726 0.8043728470802307
4481 4727 0.39009639620780945
4482 4714 0.3718288242816925
4483 4694 0.34484341740608215
4484 4550 0.6854564547538757
4486 4855 0.41220468282699585
4488 4695 0.35966917872428894
4491 4587 0.42542698979377747
4496 4733 0.3289668560028076
4497 4704 0.2937239706516266
4500 4861 0.9371241331100464
4502 4745 0.6460193395614624
4505 4715 0.3036665916442871
4509 4609 0.50572669506073
4511 4838 0.36246174573898315
4516 4760 0.37089526653289795
4517 4734 0.2946973145008087
4520 4610 0.484033465385437
4523 4768 0.2815364897251129
4524 4747 0.4414464831352234
4525 4755 0.44622308015823364
4526 4757 0.3653627634048462
4531 4872 0.4444372355937958
4532 4856 0.3007594048976898
4533 4857 0.35150301456451416
4537 4875 0.25480636954307556
4539 4756 0.35544636845588684
4542 4884 0.4579993188381195
4543 4868 0.411244660615921
4548 4866 0.31733036041259766
4550 4774 0.32575562596321106
4551 4775 0.3604874908924103
4553 4892 0.3392983675003052
4554 4828 0.33251717686653137
4556 4794 0.25037458539009094
4557 4795 0.29475465416908264
4559 4784 0.35903245210647583
4564 4776 0.2630588114261627
4567 4912 0.42163148522377014
4568 4873 0.3750114440917969
4569 4788 0.3401939272880554
4570 4909 0.39688849449157715
4571 4910 0.3427656590938568
4572 4853 0.34099915623664856
4573 4787 0.3074571490287781
4574 4804 0.30111557245254517
4575 4798 0.2855735123157501
4577 4809 0.3058513402938843
4579 4800 0.3575378954410553
4580 4696 0.31044772267341614
4586 4876 0.33573487401008606
4587 4886 0.2692290246486664
4590 4885 0.519041121006012
4591 4820 0.2875646948814392
4593 4810 0.33985215425491333
4594 4811 0.3477678596973419
4596 4905 0.6756015419960022
4598 4882 0.2915796935558319
4599 4831 0.2953602075576782
4602 4815 0.2685256600379944
4604 4813 0.40340009331703186
4605 4716 0.2558292746543884
4611 4897 0.31877538561820984
4612 4887 0.4066655933856964
4613 4869 0.9635735154151917
4619 4898 0.3511083424091339
4620 4899 0.38266071677207947
4621 4900 0.47798797488212585
4622 4839 0.36600443720817566
4628 4894 0.4087153673171997
4629 4895 0.2969908118247986
4633 4835 0.25782665610313416
4638 4915 0.3859584927558899
4642 4864 0.25481656193733215
4644 4741 0.2505766749382019
4652 4858 0.26211094856262207
4654 4930 0.28369101881980896
4655 4931 0.38272273540496826
4656 4822 0.35925164818763733
4657 4937 0.318860799074173
4658 4823 0.3616606891155243
4661 4818 0.38399064540863037
4663 4921 0.37105870246887207
4664 4927 0.2906263470649719
4666 4906 0.2991163730621338
4668 4966 0.3019898235797882
4669 4849 0.3941282629966736
4670 4850 0.5191490054130554
4672 4976 0.29268237948417664
4673 4953 0.41866642236709595
4675 4970 0.765518844127655
4676 4962 0.37543120980262756
4677 4954 0.2634926736354828
4679 4961 0.36286571621894836
4683 4865 0.38339492678642273
4684 4992 0.45553159713745117
4685 4988 0.3463886082172394
4687 4977 0.3270948529243469
4689 4877 0.4480695426464081
4690 4879 0.31229889392852783
4691 4991 0.5477082133293152
4693 4978 0.3882310688495636
4694 4971 0.3585287928581238
4695 4967 0.2716101109981537
4697 4989 0.39188283681869507
4698 4889 0.34701085090637207
4699 4890 0.4561902582645416
4702 5016 0.43614456057548523
4703 4891 0.335719496011734
4704 5011 0.32323476672172546
4706 4979 0.29145264625549316
4707 4984 0.2618458867073059
4708 4980 0.3147062659263611
4710 5025 0.38672560453414917
4713 4932 0.3501306176185608
4716 4896 0.31488218903541565
4724 5026 0.2617759704589844
4725 4998 0.30028679966926575
4726 4908 0.44819048047065735
4729 5034 0.25735989212989807
4730 5013 0.3293394446372986
4731 5014 0.29692962765693665
4732 5020 0.3854001760482788
4733 5004 0.293605238199234
4735 4902 0.29171431064605713
4736 5022 0.34280750155448914
4737 4995 0.2578551769256592
4738 4972 0.28401750326156616
4741 4929 0.34229135513305664
4743 4911 0.3253973126411438
4744 5038 0.3756338953971863
4749 4904 0.38557514548301697
4751 5029 0.4240671694278717
4754 4924 0.40168485045433044
4755 4925 0.43842068314552307
4756 5064 0.3076137900352478
4759 4948 0.4342934191226959
4761 4951 0.26817119121551514
4763 4964 0.25145524740219116
4765 4952 0.3402617573738098
4766 4933 0.2546215057373047
4769 4942 0.2541598379611969
4775 4949 0.2695468068122864
4776 4945 0.39179089665412903
4778 4936 0.5411522388458252
4779 5032 0.48316690325737
4780 4947 0.3049708306789398
4783 4960 0.42804744839668274
4786 5089 0.47367700934410095
4787 5090 0.5170249342918396
4788 5080 0.38755854964256287
4789 5073 0.4696691334247589
4791 4983 0.28718292713165283
4793 5044 0.5084517598152161
4794 4973 0.26243913173675537
4797 5093 0.2931108772754669
4798 5060 0.2797529101371765
4799 4974 0.5372569561004639
4800 5104 0.2923944592475891
4801 4968 0.29200711846351624
4803 4975 0.4428151547908783
4804 5096 0.2668458819389343
4807 4996 0.25266242027282715
4815 4985 0.3201487958431244
4817 5101 0.4779775142669678
4819 5066 0.2957991063594818
4820 5006 0.27634263038635254
4822 5009 0.27046504616737366
4823 5010 0.2864753007888794
4824 5000 0.2875715494155884
4825 5003 0.43818533420562744
4828 5001 0.2999913990497589
4829 5002 0.36320674419403076
4830 5111 0.26442861557006836
4838 5113 0.2854055166244507
4839 5116 0.3542754352092743
4843 5118 0.3645750880241394
4844 5120 0.3501726984977722
4845 5121 0.2774612605571747
4848 5023 0.32917898893356323
4849 5123 0.26507750153541565
4851 5127 0.3729311227798462
4852 5081 0.4418680965900421
4853 5099 0.6309905052185059
4854 5107 0.30622753500938416
4859 5041 0.6737060546875
4861 5133 0.2601056694984436
4862 5048 0.2585902810096741
4864 5042 0.2670401334762573
4868 5110 0.42561689019203186
4870 5063 0.30831658840179443
4875 5070 0.2686767876148224
4878 5135 0.30192330479621887
4879 5131 0.3232939541339874
4881 5130 0.2602677047252655
4882 5075 0.3344138264656067
4887 5137 0.3587873578071594
4888 5134 0.29942604899406433
4892 5140 0.4969283938407898
4893 5124 0.36890286207199097
4894 5141 0.2861239016056061
4895 5125 0.3647681176662445
4896 5126 0.39432674646377563
4897 5143 0.541702151298523
4898 5144 0.32139477133750916
4899 5145 0.2609872817993164
4901 5147 0.37724220752716064
4902 5148 0.6976400017738342
4904 5150 0.5171205997467041
4905 5152 0.32690027356147766
4906 5155 0.33805617690086365
4907 5157 0.3900841176509857
4908 5158 0.28922510147094727
4909 5161 0.27226001024246216
