3062
1 6 0.305387020111084
2 7 0.2744448482990265
4 9 0.33449962735176086
11 24 0.25825706124305725
12 21 0.2593756914138794
14 12 0.6455149054527283
20 28 0.28579580783843994
25 33 0.8236184120178223
31 37 0.4187394976615906
35 32 0.28769198060035706
37 14 0.27270203828811646
39 38 0.2627924978733063
42 42 0.31275463104248047
44 43 0.2886260747909546
45 40 0.33084166049957275
46 41 0.28766757249832153
47 47 0.6012266278266907
48 44 0.33844390511512756
49 45 0.27411603927612305
50 50 0.33030542731285095
51 49 0.2741215229034424
54 53 0.48044902086257935
55 56 0.45296618342399597
58 58 0.40352168679237366
59 57 0.3675028383731842
62 59 0.3916403651237488
63 60 0.3080127239227295
64 61 0.26511693000793457
66 62 0.3964538276195526
67 65 0.504581093788147
69 68 0.28189945220947266
70 64 0.40392863750457764
71 66 0.5444024205207825
73 70 0.2608128488063812
76 73 0.29733768105506897
78 76 0.28184595704078674
81 82 0.3853009343147278
82 72 0.26815253496170044
83 79 0.2735697031021118
85 85 0.33207350969314575
86 84 0.3224222958087921
88 89 0.27529099583625793
90 81 0.3337711989879608
91 87 0.4739269018173218
92 88 0.33119839429855347
93 91 0.39751768112182617
94 92 0.45809105038642883
95 90 0.2625182271003723
96 94 0.2750217616558075
102 98 0.25857940316200256
103 99 0.26558738946914673
107 101 0.2839595377445221
112 109 0.2690829634666443
113 110 0.3566279709339142
114 105 0.32964929938316345
115 96 0.41566434502601624
119 107 0.2740282118320465
123 115 0.38973233103752136
126 111 0.25932422280311584
127 126 0.26832315325737
129 128 0.5354529023170471
130 118 0.47269192337989807
131 119 0.5247994065284729
132 122 0.4980590045452118
134 139 0.27157720923423767
136 147 0.2514338791370392
138 121 0.4746279716491699
139 134 0.3295455574989319
141 142 0.32769808173179626
143 136 0.5161243677139282
144 143 0.34479638934135437
145 132 0.6337042450904846
148 133 0.5682525038719177
149 144 0.30378565192222595
151 148 0.5288660526275635
152 140 0.3968687951564789
153 141 0.35564202070236206
154 150 0.318347305059433
155 151 0.2511661946773529
158 153 0.28677433729171753
159 157 0.5896866917610168
161 160 0.36033111810684204
163 156 0.34096240997314453
165 146 0.2856786549091339
167 162 0.5354344844818115
168 163 0.4573611915111542
170 164 0.25960853695869446
172 158 0.4246673583984375
173 172 0.41251182556152344
174 173 0.40283456444740295
175 175 0.5374312400817871
176 169 0.28712955117225647
177 161 0.3977467119693756
178 168 0.5460835099220276
179 180 0.4216013252735138
181 170 0.38389652967453003
183 181 0.31178081035614014
185 184 0.47343945503234863
186 182 0.3553107976913452
187 188 0.529619574546814
188 186 0.2797686457633972
190 185 0.3609367609024048
194 200 0.8794848918914795
195 201 0.28059831261634827
196 199 0.440854549407959
197 195 0.701869547367096
198 192 0.2890532910823822
199 189 0.3906402885913849
203 194 0.3319430649280548
205 209 0.42691653966903687
213 207 0.36678051948547363
214 208 0.4205283522605896
219 221 0.30340954661369324
220 217 0.5047302842140198
227 215 0.3668413758277893
228 216 0.5539477467536926
229 213 0.3629276752471924
231 236 0.3906894624233246
237 223 0.363979309797287
238 229 0.33554503321647644
240 230 0.5120576024055481
242 231 0.4607250392436981
243 242 0.25176572799682617
247 232 0.5500726699829102
248 233 0.3284875154495239
249 244 0.8083948493003845
254 249 0.4120384454727173
255 239 0.3695560395717621
260 250 0.5739631652832031
263 245 0.2862671911716461
264 260 0.441591739654541
265 258 0.5031496286392212
266 253 0.34352028369903564
267 261 0.8263248801231384
269 246 0.4271083474159241
272 268 0.3442476987838745
276 263 0.3488996624946594
277 254 0.2713271379470825
278 259 0.5195883512496948
280 276 0.36844542622566223
282 266 0.3636247217655182
283 267 0.29471978545188904
284 284 0.29254481196403503
285 265 0.40426161885261536
292 270 0.3256242573261261
296 282 0.4063996374607086
298 274 0.4388825297355652
299 275 0.49695730209350586
300 300 0.8087595701217651
301 292 0.2565411925315857
303 298 0.2791964113712311
304 291 0.3534506559371948
305 299 0.4458666145801544
307 309 0.46476030349731445
310 302 0.4460699260234833
311 280 0.3110012710094452
313 310 0.2748571038246155
318 281 0.4214774966239929
319 317 0.5610513687133789
320 308 0.3247497081756592
328 325 0.31856203079223633
330 318 0.6822659969329834
331 326 0.5476335287094116
332 320 0.38068315386772156
333 361 0.2597479820251465
334 328 0.35643044114112854
336 307 0.5106672048568726
338 345 0.2863682210445404
339 340 0.3456701934337616
340 358 0.48707252740859985
342 341 0.543907880783081
343 327 0.4215032160282135
345 329 0.2646077275276184
351 336 0.2809121310710907
352 338 0.39745020866394043
353 360 0.2711383104324341
360 334 0.43341004848480225
361 357 0.31482696533203125
362 362 0.30343499779701233
363 351 0.3932485580444336
364 363 0.347674697637558
365 333 0.32130590081214905
366 371 0.2712448835372925
367 372 0.36595699191093445
368 347 0.3368602693080902
370 392 0.4175933599472046
375 356 0.2927630543708801
376 373 0.5150608420372009
377 374 0.410229355096817
381 355 0.35711705684661865
382 383 0.4127798080444336
383 375 0.5879358053207397
387 380 0.3963661193847656
389 385 0.3893534243106842
392 409 0.4200161397457123
395 381 0.9237645864486694
398 390 0.2543768584728241
403 403 0.5310139656066895
404 404 0.41299009323120117
405 405 0.40883660316467285
407 391 0.2969253957271576
408 410 0.31525447964668274
409 397 0.28439587354660034
411 352 0.2662787437438965
413 388 0.5594996809959412
414 370 0.43577951192855835
415 398 0.5234328508377075
417 399 0.3564090132713318
418 400 0.33291539549827576
419 407 0.3064533770084381
421 420 0.8145401477813721
424 395 0.4191182255744934
425 431 0.36076676845550537
427 419 0.2858623266220093
432 412 0.2851252853870392
433 450 0.30950620770454407
435 441 0.35051384568214417
436 418 0.38149213790893555
437 442 0.3688817322254181
438 444 0.337535560131073
439 445 0.4950840473175049
441 377 0.7521277070045471
442 424 0.3063659965991974
444 454 0.4286610186100006
445 426 0.32732638716697693
446 453 0.25662487745285034
448 422 0.7445656061172485
449 354 0.30564138293266296
452 458 0.7601652145385742
454 452 0.2663722038269043
455 467 0.6033420562744141
456 468 0.550180196762085
458 469 0.39870983362197876
463 459 0.3994657099246979
464 449 0.3171488344669342
465 476 0.3155381381511688
466 466 0.4508337676525116
468 429 0.4144625663757324
469 478 0.2937413454055786
470 481 0.48319685459136963
471 411 0.3966194689273834
472 425 0.3548133671283722
474 434 0.4354970157146454
475 435 0.624299168586731
476 378 0.4181496798992157
477 423 0.44465047121047974
479 474 0.5570298433303833
480 465 0.3358645737171173
481 428 0.37160301208496094
482 488 0.28617164492607117
485 456 0.253722220659256
486 473 0.3206985294818878
487 499 0.42616522312164307
488 489 0.4900895357131958
489 448 0.3685339689254761
491 479 0.3588804304599762
492 480 0.30014023184776306
493 439 0.5221096873283386
494 460 0.2671053111553192
495 461 0.3936564326286316
498 495 0.5501906871795654
499 505 0.4801228940486908
501 506 0.2938965857028961
504 494 0.40019553899765015
506 470 0.33973580598831177
507 503 0.2951352298259735
509 512 0.34553998708724976
510 504 0.49838683009147644
511 529 0.34681302309036255
512 520 0.4164467751979828
513 500 0.36435437202453613
514 521 0.4773930311203003
516 484 0.4091111719608307
517 471 0.3594459593296051
519 527 0.46456179022789
521 498 0.3902426064014435
525 531 0.3312843143939972
527 532 0.2741314768791199
528 491 0.5358365178108215
531 518 0.9746724367141724
532 545 0.47672879695892334
533 558 0.407182902097702
534 559 0.3213319480419159
535 546 0.609636664390564
536 485 0.5461809039115906
537 517 0.5057450532913208
538 502 0.447599321603775
539 526 0.3640129864215851
540 544 0.2872530519962311
541 563 0.29858770966529846
543 508 0.5128341317176819
545 570 0.41762879490852356
546 557 0.3462630808353424
550 561 0.32976436614990234
554 514 0.595241904258728
556 585 0.41617125272750854
560 540 0.4773333966732025
561 554 0.3535737097263336
563 571 0.3125787079334259
568 539 0.4315054714679718
569 569 0.3862225115299225
570 580 0.3728233873844147
571 582 0.44033604860305786
572 634 0.42320096492767334
577 525 0.26959049701690674
578 578 0.3840598464012146
580 591 0.4070225656032562
581 592 0.48608413338661194
583 584 0.27944546937942505
584 613 0.3795170187950134
585 614 0.4399939179420471
586 535 0.27218759059906006
587 536 0.2641475796699524
588 537 0.30234456062316895
591 599 0.28108280897140503
593 610 0.30047646164894104
594 611 0.31651613116264343
595 586 0.32226088643074036
597 615 0.27245405316352844
598 564 0.3130112290382385
600 542 0.492756187915802
601 547 0.352654367685318
602 549 0.5401839017868042
605 579 0.6066243648529053
607 623 0.38723379373550415
608 624 0.39078038930892944
609 625 0.2509107291698456
610 550 0.44727542996406555
611 621 0.33654558658599854
612 538 0.3521307706832886
613 567 0.3068063259124756
614 589 0.3825092911720276
617 648 0.29672524333000183
618 649 0.533149242401123
620 575 0.3132692575454712
622 566 0.395298570394516
626 577 0.2563836872577667
627 608 0.461418479681015
628 609 0.476671040058136
629 595 0.3234580159187317
630 587 0.6088098883628845
632 657 0.34027114510536194
633 658 0.34163421392440796
634 645 0.33137279748916626
635 665 0.37628287076950073
636 602 0.29863241314888
639 617 0.3714364767074585
641 643 0.6863356232643127
642 662 0.2704879939556122
643 678 0.42334306240081787
644 663 0.3702492415904999
650 627 0.2852857708930969
654 597 0.38268041610717773
656 655 0.3453400433063507
657 661 0.7210867404937744
658 656 0.5304005146026611
659 620 0.3435160219669342
661 628 0.3254150152206421
662 629 0.3087511956691742
664 631 0.31470897793769836
668 694 0.31599074602127075
672 638 0.36429843306541443
674 640 0.5106166005134583
676 616 0.5005484223365784
678 691 0.31457963585853577
681 710 0.37913212180137634
683 705 0.278224915266037
686 652 0.31162089109420776
689 682 0.3449963629245758
690 689 0.6806146502494812
691 690 0.5617950558662415
693 677 0.2601771354675293
694 712 0.42476171255111694
695 639 0.3114239275455475
698 674 0.40308475494384766
700 701 0.6795036792755127
702 711 0.2574924826622009
703 727 0.2636774182319641
710 673 0.5287056565284729
715 728 0.4374796748161316
717 670 0.38405802845954895
720 681 0.2628604471683502
724 702 0.29739639163017273
726 698 0.43614456057548523
727 688 0.3906704783439636
728 641 0.2624964416027069
729 798 0.2827551066875458
733 724 0.29506373405456543
735 725 0.538231372833252
737 766 0.29258498549461365
739 744 0.44798964262008667
740 697 0.32233649492263794
742 719 0.2650931775569916
745 680 0.34764254093170166
748 707 0.31615984439849854
749 794 0.3594939410686493
750 764 0.44246479868888855
752 748 0.30654019117355347
753 722 0.633452296257019
754 723 0.25900959968566895
755 700 0.4291686415672302
756 708 0.4016086161136627
757 760 0.5914055705070496
761 714 0.33053576946258545
763 671 0.2976997196674347
764 745 0.5244311690330505
765 716 0.4127526581287384
766 755 0.3063505291938782
768 759 0.5203113555908203
769 762 0.4968217611312866
770 763 0.4051686227321625
775 731 0.4271600842475891
776 732 0.5112714767456055
777 733 0.43707767128944397
779 735 0.43944036960601807
781 718 0.26571735739707947
782 754 0.3270299732685089
784 721 0.45106813311576843
785 736 0.4481002986431122
787 746 0.29339781403541565
789 756 0.32782530784606934
791 795 0.2940872311592102
792 797 0.699097216129303
793 751 0.35714054107666016
794 739 0.2688697874546051
795 772 0.536993682384491
800 802 0.6009692549705505
801 803 0.7339574694633484
807 776 0.34614554047584534
808 790 0.46075624227523804
809 791 0.5462449789047241
810 793 0.3213028311729431
814 738 0.44484812021255493
815 758 0.2762991487979889
816 775 0.2535328269004822
818 789 0.4511288106441498
819 819 0.39378148317337036
822 813 0.7065329551696777
823 815 0.34910136461257935
824 827 0.5079433917999268
826 747 0.3285840153694153
827 846 0.31306377053260803
828 816 0.3582970201969147
829 848 0.2854158580303192
830 849 0.41857460141181946
835 769 0.384951651096344
836 784 0.4764151871204376
838 814 0.4040326774120331
840 887 0.29674533009529114
841 847 0.4087831974029541
845 777 0.4434812068939209
846 757 0.4842606484889984
847 779 0.4757064878940582
848 780 0.4404771625995636
849 783 0.3556559085845947
850 770 0.30757829546928406
851 781 0.2735777795314789
854 834 0.27933329343795776
857 845 0.43942320346832275
858 864 0.3979197144508362
859 865 0.3843255043029785
860 856 0.27668043971061707
861 857 0.3426855802536011
862 858 0.49876293540000916
863 796 0.31049954891204834
864 868 0.25286659598350525
866 883 0.25553810596466064
867 805 0.26942113041877747
868 788 0.2596781253814697
874 778 0.3012321889400482
875 806 0.4579879641532898
877 771 0.30767157673835754
881 855 0.31438589096069336
883 888 0.26590365171432495
885 822 0.9742876887321472
886 807 0.3471677601337433
887 838 0.5771549940109253
893 881 0.490358829498291
894 882 0.632062554359436
896 898 0.361669659614563
898 899 0.5938335061073303
899 900 0.39738234877586365
900 901 0.4402293860912323
901 919 0.3872685134410858
909 854 0.425306111574173
910 917 0.42301011085510254
911 918 0.4066597819328308
912 946 0.3716331124305725
913 903 0.27774691581726074
914 921 0.43718063831329346
916 872 0.31467747688293457
918 859 0.37938129901885986
919 860 0.3634638488292694
920 861 0.44079315662384033
922 852 0.2770484983921051
925 853 0.35192161798477173
927 916 0.451303094625473
929 920 0.39302587509155273
930 936 0.3134841322898865
933 871 0.3185656666755676
934 823 0.5448137521743774
935 837 0.3800523281097412
936 874 0.4200693964958191
938 875 0.36693304777145386
939 840 0.4299580752849579
940 886 0.4002493619918823
942 915 0.3617200255393982
944 945 0.34012287855148315
945 890 0.34267282485961914
947 933 0.3250288665294647
948 934 0.42600390315055847
949 850 0.35846075415611267
950 891 0.273294061422348
951 873 0.41504520177841187
952 892 0.3366219699382782
953 894 0.3935231864452362
954 884 0.32920411229133606
956 863 0.4128691852092743
958 952 0.3501065969467163
959 966 0.36455458402633667
960 905 0.3413040041923523
963 851 0.3902139663696289
965 908 0.4213320314884186
966 909 0.4056113064289093
967 910 0.4808441400527954
968 893 0.5699676275253296
973 924 0.31228312849998474
976 951 0.33574286103248596
977 963 0.3547460436820984
979 907 0.25206148624420166
980 930 0.2951931953430176
981 931 0.2809204161167145
983 923 0.3557084798812866
984 913 0.28785115480422974
986 932 0.2955509424209595
987 962 0.25401490926742554
988 986 0.4874075651168823
989 979 0.5208762884140015
990 987 0.3872363865375519
992 889 0.3331107199192047
993 971 0.5329047441482544
997 944 0.38223797082901
998 961 0.4855077862739563
999 978 0.9245366454124451
1003 947 0.42993757128715515
1004 938 0.43574419617652893
1005 939 0.5432173609733582
1009 977 0.3115323483943939
1011 1024 0.4306783080101013
1012 1000 0.269584596157074
1013 922 0.4824223816394806
1014 954 0.28988975286483765
1015 941 0.43541768193244934
1016 972 0.27059224247932434
1017 955 0.2928381860256195
1019 973 0.4377434551715851
1020 950 0.2753955125808716
1021 976 0.37606653571128845
1023 997 0.33271512389183044
1024 929 0.2737886905670166
1028 996 0.26447123289108276
1031 1004 0.3660002648830414
1035 1014 0.2607056796550751
1036 1015 0.3664165735244751
1037 1016 0.4183020293712616
1040 911 0.31501105427742004
1043 1021 0.2901868224143982
1046 956 0.32798415422439575
1047 957 0.3682114779949188
1048 983 0.2910587787628174
1049 995 0.3023843467235565
1050 975 0.37760576605796814
1052 1043 0.3447059690952301
1053 1044 0.29551008343696594
1055 1034 0.466263085603714
1057 953 0.27525267004966736
1058 967 0.34890231490135193
1059 969 0.4045466184616089
1060 993 0.9698619842529297
1062 974 0.5139877200126648
1064 1022 0.2566366195678711
1068 1069 0.3513873815536499
1069 990 0.2917819321155548
1070 991 0.4431096017360687
1071 968 0.39615750312805176
1072 970 0.30379608273506165
1073 958 0.34809669852256775
1075 1075 0.2840023338794708
1078 994 0.3711599111557007
1079 1002 0.46038246154785156
1080 1007 0.4292718172073364
1081 1051 0.2962798774242401
1082 1033 0.33850136399269104
1083 1055 0.30932915210723877
1085 1056 0.30688944458961487
1086 1057 0.28781986236572266
1089 1046 0.2759675979614258
1090 1048 0.2921845614910126
1095 1005 0.47315916419029236
1096 1030 0.46815672516822815
1097 1006 0.6802194714546204
1099 1059 0.3521089553833008
1103 1026 0.39101001620292664
1104 1001 0.3216753304004669
1107 1066 0.27090388536453247
1108 1031 0.6520946621894836
1109 1092 0.26964348554611206
1110 1053 0.3491939306259155
1112 1018 0.25445207953453064
1113 1019 0.25225770473480225
1114 1020 0.40320587158203125
1115 1041 0.5147421360015869
1116 1068 0.3375461995601654
1118 1080 0.26078274846076965
1119 1049 0.27270880341529846
1120 1027 0.6723524332046509
1121 1039 0.560297429561615
1122 1065 0.3881573975086212
1123 1037 0.45266950130462646
1125 1040 0.47328370809555054
1126 1063 0.32480761408805847
1128 1091 0.28995999693870544
1131 1050 0.3316756784915924
1132 1061 0.3476789891719818
1133 1062 0.4740389883518219
1134 1129 0.5984801650047302
1135 1093 0.6536742448806763
1136 1121 0.272820383310318
1138 1099 0.30105727910995483
1139 1136 0.25446614623069763
1142 1028 0.5117480754852295
1144 1087 0.29008445143699646
1145 1088 0.2889496684074402
1146 1142 0.27342545986175537
1147 1143 0.27721765637397766
1148 1095 0.30299922823905945
1149 1078 0.4801805913448334
1150 1079 0.5013414621353149
1151 1083 0.41403868794441223
1153 1085 0.44995537400245667
1154 1086 0.5979706645011902
1155 1089 0.30340519547462463
1156 1097 0.5741175413131714
1157 1114 0.44374772906303406
1158 1115 0.6075049638748169
1159 1116 0.42052915692329407
1160 1117 0.3919074833393097
1161 1118 0.38196831941604614
1162 1149 0.34605512022972107
1165 1084 0.4540223181247711
1166 1108 0.5108932256698608
1167 1133 0.6548441648483276
1168 1090 0.38942620158195496
1170 1135 0.35479578375816345
1171 1140 0.3124070465564728
1173 1109 0.37421226501464844
1174 1110 0.3236372768878937
1175 1096 0.3284217417240143
1176 1112 0.941959023475647
1178 1124 0.42684897780418396
1179 1126 0.27349039912223816
1180 1106 0.4237910211086273
1181 1107 0.8688796758651733
1182 1248 0.4188864827156067
1183 1146 0.3681131601333618
1188 1147 0.4359619915485382
1189 1164 0.2988229990005493
1192 1165 0.3187887370586395
1194 1176 0.4692142605781555
1197 1132 0.32652854919433594
1198 1138 0.4294765591621399
1199 1148 0.4378904104232788
1204 1131 0.33635786175727844
1205 1228 0.38040804862976074
1208 1155 0.49567365646362305
1209 1156 0.3237258791923523
1210 1159 0.48901477456092834
1211 1202 0.32253822684288025
1212 1203 0.3295581340789795
1215 1177 0.3468851149082184
1216 1173 0.4304249584674835
1217 1166 0.430595338344574
1218 1174 0.6216156482696533
1219 1145 0.30808791518211365
1220 1175 0.5277284383773804
1221 1229 0.264270544052124
1223 1222 0.32698288559913635
1224 1153 0.33736082911491394
1225 1127 0.3459818661212921
1228 1172 0.34018972516059875
1231 1161 0.3443169593811035
1232 1227 0.3847549259662628
1233 1210 0.4147745668888092
1236 1196 0.5136476159095764
1239 1198 0.6159570217132568
1240 1220 0.5877934098243713
1241 1167 0.3563716411590576
1242 1252 0.2616903483867645
1243 1260 0.3735682964324951
1244 1298 0.5782684087753296
1245 1261 0.4267561733722687
1246 1189 0.3066568374633789
1247 1128 0.2975092828273773
1248 1190 0.39016222953796387
1249 1171 0.3592280149459839
1250 1216 0.391316682100296
1252 1217 0.4557901620864868
1253 1218 0.38953131437301636
1256 1182 0.26196902990341187
1257 1183 0.3956844210624695
1258 1258 0.577261745929718
1260 1192 0.3395307958126068
1261 1193 0.41936972737312317
1262 1209 0.4067920446395874
1263 1194 0.5083940625190735
1264 1241 0.45137926936149597
1265 1211 0.4806635081768036
1267 1223 0.46338656544685364
1268 1214 0.2774922251701355
1269 1215 0.2790643572807312
1271 1246 0.37132173776626587
1272 1247 0.5131780505180359
1273 1207 0.4181744158267975
1275 1213 0.28051885962486267
1277 1235 0.47892704606056213
1278 1244 0.5429874062538147
1284 1262 0.4769879877567291
1286 1250 0.25707265734672546
1289 1200 0.5658838152885437
1290 1225 0.4065841734409332
1291 1281 0.6327802538871765
1293 1234 0.3667651116847992
1295 1251 0.3125143051147461
1296 1280 0.3945152163505554
1297 1282 0.5316498875617981
1298 1240 0.4376165568828583
1299 1254 0.7662441730499268
1301 1276 0.46256223320961
1302 1266 0.39211198687553406
1303 1277 0.8197598457336426
1304 1328 0.29251551628112793
1305 1296 0.276157945394516
1309 1307 0.44040030241012573
1310 1308 0.3736620247364044
1311 1263 0.505544900894165
1312 1219 0.363585889339447
1314 1257 0.3376340866088867
1315 1245 0.2960816025733948
1317 1304 0.5069604516029358
1318 1336 0.3973395526409149
1322 1315 0.3277190327644348
1323 1316 0.3232085704803467
1328 1303 0.3864944279193878
1329 1309 0.40584734082221985
1332 1292 0.2933387756347656
1334 1265 0.34325143694877625
1335 1352 0.4292738437652588
1336 1289 0.2822311222553253
1337 1337 0.5185853838920593
1338 1274 0.395381897687912
1341 1314 0.35016801953315735
1342 1346 0.3179049789905548
1345 1288 0.3402906358242035
1346 1300 0.2646382451057434
1348 1320 0.37615442276000977
1349 1311 0.38144704699516296
1350 1323 0.5005322098731995
1351 1366 0.4488312304019928
1352 1333 0.41120779514312744
1353 1312 0.3223389685153961
1356 1343 0.3645831048488617
1357 1344 0.5362035632133484
1358 1325 0.34784117341041565
1359 1335 0.5599352717399597
1360 1374 0.4142235219478607
1361 1363 0.44101348519325256
1362 1284 0.27940550446510315
1364 1321 0.3813568353652954
1365 1330 0.3263149857521057
1366 1322 0.3488916754722595
1371 1302 0.3202831745147705
1372 1364 0.39792656898498535
1377 1310 0.33817481994628906
1378 1331 0.29229605197906494
1379 1339 0.4608573317527771
1382 1386 0.2864370346069336
1383 1375 0.6105722784996033
1385 1306 0.5019466280937195
1386 1317 0.29608526825904846
1387 1338 0.34811097383499146
1388 1332 0.4014095067977905
1389 1275 0.28269121050834656
1390 1342 0.32145148515701294
1391 1387 0.4906451106071472
1392 1391 0.7467458844184875
1393 1329 0.43254703283309937
1394 1357 0.3848011791706085
1395 1349 0.3766709864139557
1396 1396 0.4067648947238922
1398 1360 0.5957984924316406
1399 1350 0.46814200282096863
1403 1403 0.32375767827033997
1404 1376 0.6180723905563354
1405 1359 0.4857027530670166
1406 1367 0.4762652814388275
1407 1381 0.45505616068840027
1408 1382 0.37871038913726807
1409 1334 0.3205918073654175
1410 1426 0.3251299262046814
1411 1433 0.6857193112373352
1412 1356 0.39999330043792725
1413 1348 0.4297408163547516
1414 1358 0.424343466758728
1416 1380 0.3529743552207947
1419 1427 0.47713950276374817
1421 1377 0.44214800000190735
1422 1397 0.4615570902824402
1423 1399 0.4368734657764435
1424 1378 0.39050135016441345
1425 1379 0.29174214601516724
1426 1407 0.2551462948322296
1427 1383 0.3832603991031647
1428 1429 0.2832171618938446
1429 1416 0.5982593297958374
1430 1431 0.9113478064537048
1431 1392 0.38043054938316345
1435 1474 0.3075055480003357
1436 1430 0.4477265477180481
1437 1434 0.29425695538520813
1438 1393 0.41711851954460144
1439 1395 0.3948991596698761
1440 1398 0.32810086011886597
1441 1400 0.41236117482185364
1444 1361 0.2824605405330658
1445 1384 0.28537747263908386
1446 1408 0.32673633098602295
1447 1436 0.5084241032600403
1448 1409 0.822895348072052
1449 1417 0.625313937664032
1450 1410 0.2953055500984192
1451 1406 0.6075686812400818
1452 1421 0.47784990072250366
1453 1412 0.3527054786682129
1454 1414 0.45416954159736633
1456 1449 0.3048376739025116
1458 1428 0.2583100199699402
1459 1451 0.35571324825286865
1460 1472 0.6123724579811096
1461 1473 0.5418886542320251
1462 1488 0.49450600147247314
1463 1464 0.4156147837638855
1464 1423 0.3420691192150116
1468 1418 0.26325857639312744
1469 1420 0.33229464292526245
1470 1401 0.4670637249946594
1471 1402 0.36776018142700195
1473 1470 0.3774819076061249
1475 1484 0.36641445755958557
1476 1485 0.291240930557251
1477 1487 0.32168668508529663
1478 1495 0.3244580924510956
1479 1496 0.33923593163490295
1481 1441 0.46312811970710754
1483 1456 0.31221404671669006
1484 1446 0.4092821180820465
1485 1424 0.3233053684234619
1486 1511 0.34736746549606323
1487 1461 0.5480697751045227
1488 1448 0.38980892300605774
1489 1481 0.34173980355262756
1490 1482 0.346564382314682
1491 1462 0.3364987373352051
1492 1486 0.3760310411453247
1493 1507 0.4472276568412781
1494 1508 0.4154927134513855
1495 1499 0.3056583106517792
1496 1439 0.5856772065162659
1497 1442 0.48706650733947754
1498 1443 0.335662841796875
1499 1460 0.32998836040496826
1501 1504 0.27991169691085815
1502 1525 0.31068912148475647
1503 1493 0.5827860832214355
1504 1494 0.39754346013069153
1505 1465 0.2950395345687866
1506 1452 0.2989524006843567
1507 1453 0.34862858057022095
1508 1454 0.6224223971366882
1509 1467 0.37901389598846436
1510 1444 0.5866442918777466
1512 1413 0.3387383818626404
1514 1505 0.37784603238105774
1515 1513 0.4655863344669342
1516 1514 0.4282250702381134
1518 1506 0.558342456817627
1519 1515 0.3000892698764801
1522 1517 0.3899475932121277
1523 1518 0.4109937250614166
1526 1476 0.33992800116539
1527 1477 0.4350080192089081
1528 1445 0.28995198011398315
1529 1468 0.3725859522819519
1534 1522 0.3240916132926941
1536 1475 0.3962126672267914
1538 1500 0.3572417199611664
1539 1466 0.40123385190963745
1540 1503 0.503616213798523
1541 1492 0.3838731050491333
1542 1527 0.2987246811389923
1543 1497 0.3689623177051544
1544 1489 0.4800363779067993
1545 1490 0.518667995929718
1547 1501 0.4856244921684265
1548 1502 0.41476190090179443
1549 1457 0.3337422311306
1550 1478 0.5138793587684631
1554 1540 0.44203922152519226
1555 1558 0.5426017642021179
1556 1541 0.3150915801525116
1557 1633 0.36789241433143616
1558 1549 0.3970736265182495
1560 1510 0.33524566888809204
1561 1458 0.2560577392578125
1562 1491 0.6008729338645935
1563 1479 0.2981071174144745
1564 1512 0.3671042025089264
1565 1546 0.3027450442314148
1567 1538 0.3616572320461273
1568 1539 0.28154024481773376
1571 1519 0.3985669016838074
1573 1602 0.4667261838912964
1574 1548 0.9318811893463135
1576 1552 0.29389628767967224
1579 1523 0.46776533126831055
1580 1554 0.31671419739723206
1581 1535 0.45451444387435913
1582 1557 0.30518004298210144
1583 1571 0.34167200326919556
1585 1586 0.5190351605415344
1586 1532 0.5283810496330261
1588 1545 0.6275314688682556
1589 1555 0.6744241118431091
1590 1537 0.40492063760757446
1591 1584 0.30342140793800354
1592 1585 0.3630613088607788
1593 1573 0.4756506681442261
1594 1593 0.505547285079956
1595 1530 0.36203786730766296
1596 1531 0.38765278458595276
1597 1533 0.427654504776001
1599 1583 0.3518548309803009
1603 1553 0.6507434248924255
1604 1543 0.4910448491573334
1605 1544 0.47042760252952576
1606 1592 0.3427741527557373
1608 1607 0.2611147463321686
1610 1595 0.35168004035949707
1611 1587 0.5224030613899231
1612 1574 0.466285765171051
1613 1561 0.31006014347076416
1614 1565 0.7423449754714966
1615 1610 0.31877538561820984
1616 1576 0.3335166275501251
1617 1569 0.5118588805198669
1618 1581 0.41538575291633606
1619 1630 0.4182482063770294
1620 1618 0.34370577335357666
1621 1596 0.45323580503463745
1622 1560 0.34400057792663574
1623 1562 0.5991345643997192
1626 1564 0.5135349631309509
1627 1568 0.30961868166923523
1628 1600 0.2709795832633972
1629 1617 0.3108888864517212
1631 1588 0.7684483528137207
1633 1563 0.3025459051132202
1634 1567 0.48827847838401794
1636 1599 0.7736537456512451
1641 1577 0.2588898241519928
1642 1580 0.35074758529663086
1643 1631 0.5331949591636658
1644 1603 0.46483567357063293
1645 1604 0.3513384461402893
1646 1605 0.470145046710968
1647 1632 0.4412377178668976
1649 1619 0.5167478919029236
1651 1615 0.39796411991119385
1652 1616 0.41206279397010803
1653 1645 0.4879140257835388
1654 1646 0.3930584788322449
1655 1649 0.3761192560195923
1660 1566 0.41188913583755493
1661 1589 0.2925545871257782
1667 1667 0.6210834980010986
1668 1663 0.5735905170440674
1669 1621 0.4525577127933502
1670 1634 0.2988720238208771
1671 1650 0.3040871024131775
1672 1623 0.3896104395389557
1673 1640 0.519525408744812
1674 1601 0.5468741655349731
1675 1612 0.30624330043792725
1676 1652 0.5017585754394531
1677 1653 0.39443469047546387
1678 1654 0.5382436513900757
1679 1647 0.3005518317222595
1681 1668 0.6188427209854126
1682 1669 0.9608801603317261
1684 1670 0.5402616858482361
1685 1689 0.36699533462524414
1686 1620 0.29834747314453125
1687 1622 0.5079739093780518
1688 1624 0.5878472328186035
1689 1625 0.4157138764858246
1690 1637 0.3943903148174286
1691 1598 0.35392388701438904
1692 1629 0.3375436067581177
1695 1662 0.37632521986961365
1696 1699 0.37665876746177673
1697 1678 0.29519572854042053
1700 1609 0.33971670269966125
1701 1658 0.37969765067100525
1702 1641 0.47655877470970154
1704 1675 0.4706631898880005
1705 1718 0.3055277466773987
1707 1700 0.6482212543487549
1708 1677 0.4397120177745819
1712 1635 0.41826772689819336
1714 1664 0.3137030601501465
1716 1659 0.4158717095851898
1717 1714 0.38965579867362976
1718 1715 0.3507044315338135
1720 1702 0.33631137013435364
1723 1672 0.3123328685760498
1724 1705 0.31241896748542786
1725 1673 0.5730634331703186
1726 1651 0.4396151602268219
1727 1638 0.29903367161750793
1728 1626 0.46187150478363037
1729 1660 0.3016061782836914
1731 1666 0.2810335159301758
1732 1688 0.3412961959838867
1733 1720 0.44010093808174133
1734 1703 0.4546765983104706
1735 1722 0.36366182565689087
1740 1674 0.3454378545284271
1742 1711 0.39017823338508606
1743 1713 0.35932600498199463
1744 1716 0.7448312044143677
1745 1740 0.3323269784450531
1746 1723 0.44808194041252136
1753 1698 0.47752779722213745
1755 1717 0.5262448191642761
1756 1756 0.3956666588783264
1757 1719 0.3090643584728241
1760 1724 0.26092329621315
1763 1695 0.3812430202960968
1764 1684 0.34495654702186584
1765 1685 0.38123393058776855
1767 1708 0.31660065054893494
1770 1753 0.33586615324020386
1772 1738 0.5291545987129211
1773 1697 0.4387431740760803
1776 1770 0.408328115940094
1780 1732 0.5168938040733337
1782 1735 0.48250383138656616
1783 1737 0.676798403263092
1784 1696 0.4037630259990692
1786 1766 0.6273124814033508
1787 1769 0.47763803601264954
1791 1727 0.8251357674598694
1792 1733 0.4576805830001831
1793 1749 0.6559880375862122
1794 1751 0.4693284034729004
1795 1767 0.46970048546791077
1800 1775 0.3671553134918213
1801 1759 0.31117838621139526
1802 1736 0.365974098443985
1803 1754 0.3391980826854706
1804 1882 0.2685912251472473
1810 1771 0.32085058093070984
1811 1729 0.4353927671909332
1812 1764 0.44040533900260925
1813 1804 0.6018065810203552
1814 1790 0.2894544005393982
1815 1824 0.2900365889072418
1821 1758 0.25172924995422363
1822 1781 0.3427002727985382
1823 1693 0.4400719702243805
1824 1761 0.42214807868003845
1825 1706 0.42928653955459595
1826 1746 0.29833608865737915
1827 1762 0.33530673384666443
1828 1785 0.5814187526702881
1829 1789 0.460944801568985
1830 1787 0.4212155044078827
1831 1805 0.25199082493782043
1832 1823 0.4313836693763733
1833 1832 0.34917062520980835
1834 1807 0.306765079498291
1838 1784 0.3644610643386841
1840 1830 0.38610097765922546
1842 1847 0.4550631046295166
1843 1825 0.332370400428772
1844 1831 0.34403929114341736
1848 1834 0.28933075070381165
1849 1827 0.4311915934085846
1850 1796 0.4425673484802246
1852 1855 0.4051547348499298
1853 1845 0.3839609920978546
1854 1846 0.3944121301174164
1855 1856 0.383255273103714
1859 1814 0.5625520348548889
1860 1836 0.33761411905288696
1861 1794 0.5224528908729553
1862 1773 0.3972516357898712
1864 1828 0.3638342320919037
1865 1760 0.31552910804748535
1867 1782 0.27792736887931824
1868 1799 0.4922310709953308
1870 1783 0.3694605529308319
1871 1829 0.5241526961326599
1872 1843 0.4510810673236847
1874 1870 0.37193697690963745
1875 1858 0.4116821885108948
1880 1788 0.4238067865371704
1881 1817 0.45615196228027344
1882 1801 0.2995411455631256
1883 1852 0.3686538636684418
1884 1842 0.4400421679019928
1885 1820 0.8680225014686584
1886 1853 0.30292871594429016
1887 1857 0.5583558082580566
1889 1871 0.27580657601356506
1892 1864 0.3277846574783325
1893 1841 0.38909655809402466
1894 1869 0.34093478322029114
1895 1833 0.4469360411167145
1896 1874 0.454449862241745
1897 1863 0.3120782971382141
1900 1866 0.6065711379051208
1901 1868 0.5598759651184082
1903 1881 0.43104976415634155
1905 1862 0.3783060908317566
1907 1901 0.35114586353302
1909 1878 0.5961667895317078
1910 1851 0.4163665771484375
1911 1838 0.2642728090286255
1913 1889 0.3743875324726105
1914 1891 0.4338003993034363
1915 1907 0.36379122734069824
1916 1908 0.3355485796928406
1917 1909 0.49300530552864075
1918 1922 0.29131871461868286
1920 1923 0.3378946781158447
1921 1925 0.35931161046028137
1923 1911 0.5239627957344055
1924 1912 0.49674880504608154
1926 1849 0.6455149054527283
1927 1917 0.29047366976737976
1928 1884 0.30913686752319336
1929 1876 0.43241259455680847
1930 1837 0.2520487308502197
1931 1865 0.4974096417427063
1932 1819 0.6173095703125
1933 1904 0.47603777050971985
1934 1905 0.3840840458869934
1936 1927 0.4607839286327362
1937 1872 0.32737696170806885
1938 1873 0.3418998420238495
1939 1861 0.3889644742012024
1940 1899 0.30655333399772644
1941 1900 0.33863502740859985
1944 1926 0.2563631534576416
1945 1937 0.43871554732322693
1946 1938 0.36004599928855896
1950 1885 0.3607124090194702
1951 1888 0.5156736969947815
1953 1945 0.44389504194259644
1954 1953 0.4896228313446045
1957 1949 0.33135730028152466
1958 1877 0.2980036735534668
1959 1887 0.28618964552879333
1960 1918 0.45294544100761414
1963 1943 0.4230189919471741
1964 1944 0.4124488830566406
1965 1954 0.2617477476596832
1966 1955 0.34790652990341187
1968 1914 0.3694767653942108
1969 1916 0.41219958662986755
1970 1929 0.30719366669654846
1971 1963 0.3765409588813782
1974 1952 0.4510965347290039
1975 1936 0.36278441548347473
1976 1992 0.2913087010383606
1977 1956 0.27867022156715393
1978 1970 0.34834444522857666
1982 1947 0.28914153575897217
1983 1939 0.28362205624580383
1987 1897 0.2860262095928192
1989 1930 0.3383251428604126
1990 1935 0.5094079375267029
1991 1942 0.2723192274570465
1993 1981 0.4056225121021271
2001 1902 0.43517401814460754
2002 1950 0.47552958130836487
2003 1965 0.2673107087612152
2004 1966 0.6226503849029541
2009 1980 0.47957468032836914
2010 1933 0.3446708023548126
2011 1964 0.40276774764060974
2012 1990 0.511162281036377
2013 2020 0.310905784368515
2014 1967 0.3966970145702362
2016 2002 0.30281031131744385
2017 1991 0.3184678554534912
2022 1958 0.36738789081573486
2026 1974 0.3747386634349823
2027 1976 0.7743025422096252
2029 1979 0.2937234044075012
2030 1948 0.31819039583206177
2031 1997 0.4314194619655609
2033 2001 0.4121115207672119
2034 1968 0.4421766698360443
2035 2022 0.32274314761161804
2036 2003 0.47498205304145813
2037 2038 0.36933866143226624
2038 2025 0.4342888593673706
2039 2006 0.5551630854606628
2040 2026 0.3128187656402588
2041 2007 0.3063233494758606
2044 1977 0.4698048532009125
2047 2045 0.475684255361557
2048 1986 0.4312528669834137
2049 2058 0.4671928882598877
2050 1999 0.5074998140335083
2051 2019 0.4401395618915558
2053 2024 0.4818264842033386
2054 1993 0.3178319036960602
2055 2040 0.822620689868927
2057 1959 0.2602701783180237
2059 2015 0.4303465485572815
2060 1932 0.3297637403011322
2061 2016 0.5302366614341736
2062 1987 0.4146052896976471
2063 1989 0.3388544023036957
2064 2039 0.4390842914581299
2065 2011 0.25111398100852966
2066 2013 0.2529756426811218
2067 2014 0.46852296590805054
2068 1998 0.39730316400527954
2069 2037 0.4306577742099762
2070 2063 0.33016684651374817
2072 2064 0.4036513864994049
2074 2053 0.2877081632614136
2075 2080 0.2724771499633789
2076 2054 0.44575947523117065
2077 2010 0.5776836276054382
2078 1960 0.288696825504303
2080 2034 0.49107155203819275
2081 2017 0.4676538407802582
2082 2050 0.387631356716156
2083 2051 0.49244096875190735
2084 2052 0.5750117897987366
2086 2073 0.26888954639434814
2088 2012 0.3186112642288208
2089 2042 0.332674503326416
2090 2029 0.35086867213249207
2091 2030 0.3586207628250122
2093 2031 0.39224326610565186
2094 2032 0.41993361711502075
2095 1984 0.562644898891449
2097 2036 0.42412298917770386
2098 2059 0.4036383032798767
2099 2060 0.529899001121521
2100 2046 0.5320724248886108
2101 2048 0.4552319645881653
2103 2070 0.5834044218063354
2104 2071 0.42197781801223755
2105 2072 0.44476455450057983
2108 2044 0.3107377290725708
2109 2062 0.46865659952163696
2110 2079 0.35768216848373413
2111 2081 0.4166469871997833
2117 2086 0.40231627225875854
2118 2087 0.4612807631492615
2119 2088 0.45548340678215027
2120 2090 0.5418199300765991
2121 2117 0.36981201171875
2123 2055 0.30702996253967285
2124 2041 0.33126506209373474
2125 2033 0.34125256538391113
2126 2065 0.3382374048233032
2127 2067 0.49285534024238586
2129 2068 0.4611954092979431
2130 2078 0.5524431467056274
2132 2096 0.2949635684490204
2133 2057 0.3726826012134552
2134 2114 0.4186863899230957
2135 2123 0.3042585253715515
2136 2105 0.651007890701294
2137 2135 0.44292157888412476
2138 2127 0.5592340230941772
2139 2091 0.3667430877685547
2140 2074 0.3690742254257202
2141 2083 0.2892220616340637
2142 2100 0.5768853425979614
2143 2084 0.592292845249176
2144 2111 0.35581469535827637
2145 2125 0.6716756224632263
2146 2126 0.37446072697639465
2147 2082 0.28505080938339233
2150 2075 0.3403117060661316
2151 2093 0.500816285610199
2152 2094 0.38966840505599976
2153 2102 0.3574223220348358
2155 2103 0.38169121742248535
2156 2145 0.6417418122291565
2158 2124 0.44644954800605774
2159 2107 0.47586575150489807
2160 2140 0.4267435371875763
2161 2142 0.3247081935405731
2162 2120 0.4294540286064148
2163 2112 0.5542368292808533
2164 2121 0.4575806260108948
2165 2113 0.45698362588882446
2166 2144 0.44011983275413513
2168 2146 0.2574760317802429
2169 2147 0.3180123269557953
2170 2159 0.5061754584312439
2173 2148 0.6187187433242798
2174 2118 0.3681454658508301
2176 2108 0.3886737525463104
2177 2109 0.941186785697937
2178 2128 0.36110925674438477
2179 2130 0.5321251749992371
2181 2122 0.35674533247947693
2185 2131 0.28783056139945984
2186 2133 0.40308013558387756
2188 2157 0.4488299489021301
2190 2169 0.5693536996841431
2191 2185 0.34717902541160583
2192 2186 0.3272477388381958
2195 2110 0.490008682012558
2198 2085 0.3965268135070801
2199 2132 0.29141345620155334
2200 2166 0.3723522126674652
2201 2143 0.36245208978652954
2202 2134 0.7763795852661133
2203 2181 0.4410559833049774
2204 2182 0.536468505859375
2205 2156 0.32123327255249023
2206 2201 0.5054147243499756
2207 2187 0.35793808102607727
2208 2188 0.5031606554985046
2211 2151 0.34480854868888855
2212 2137 0.2708398103713989
2213 2153 0.26530587673187256
2214 2139 0.4389026165008545
2215 2119 0.30040910840034485
2216 2097 0.29690954089164734
2217 2163 0.6328369975090027
2219 2199 0.5193827748298645
2220 2238 0.35250842571258545
2221 2228 0.3587627410888672
2222 2213 0.3853887617588043
2223 2205 0.7044821977615356
2224 2206 0.4003806710243225
2225 2152 0.2837340533733368
2226 2160 0.28037574887275696
2227 2162 0.34133070707321167
2228 2129 0.4135390818119049
2230 2164 0.34964513778686523
2231 2167 0.3724086880683899
2232 2168 0.29674845933914185
2233 2183 0.35382264852523804
2235 2200 0.4207790791988373
2236 2202 0.34276172518730164
2237 2184 0.4391818940639496
2239 2190 0.3621932566165924
2240 2191 0.28335681557655334
2245 2197 0.2557804584503174
2247 2178 0.43770670890808105
2248 2179 0.5465248227119446
2249 2180 0.3220062255859375
2250 2244 0.4796185791492462
2251 2229 0.48925408720970154
2252 2230 0.4420986771583557
2253 2231 0.29484742879867554
2256 2174 0.3207710087299347
2258 2176 0.306369811296463
2265 2177 0.4953324794769287
2267 2225 0.26388874650001526
2268 2254 0.9332854747772217
2269 2243 0.3475944697856903
2270 2292 0.3051430583000183
2272 2196 0.4353172183036804
2274 2332 0.2836804687976837
2276 2211 0.5338157415390015
2277 2212 0.40937539935112
2278 2198 0.3311541676521301
2280 2252 0.5070828199386597
2281 2253 0.47290924191474915
2282 2241 0.4417817294597626
2283 2242 0.3998109996318817
2284 2255 0.4429621398448944
2285 2256 0.5733082890510559
2289 2194 0.3689447045326233
2290 2209 0.2806406021118164
2291 2141 0.42308637499809265
2293 2235 0.36337754130363464
2296 2210 0.4271083474159241
2297 2224 0.294603168964386
2299 2239 0.5116968154907227
2300 2267 0.4256672263145447
2301 2269 0.5472074747085571
2302 2270 0.25181999802589417
2303 2271 0.3703184425830841
2304 2233 0.26686903834342957
2307 2248 0.3573872148990631
2309 2236 0.3580480217933655
2311 2221 0.6492365002632141
2312 2223 0.30474376678466797
2313 2309 0.32136932015419006
2314 2290 0.5336171984672546
2316 2208 0.25688567757606506
2318 2220 0.2872582674026489
2319 2234 0.41884374618530273
2321 2265 0.4035324454307556
2322 2324 0.7631680369377136
2323 2286 0.47670695185661316
2324 2214 0.25707364082336426
2325 2288 0.30149659514427185
2326 2297 0.5538442134857178
2327 2291 0.33842164278030396
2328 2272 0.29878851771354675
2329 2246 0.38381820917129517
2332 2247 0.28562143445014954
2333 2300 0.44161364436149597
2334 2277 0.26383689045906067
2337 2250 0.3898870050907135
2339 2266 0.2695925831794739
2340 2285 0.4183562994003296
2341 2296 0.6214816570281982
2342 2299 0.7327014207839966
2343 2311 0.32359716296195984
2344 2258 0.32740163803100586
2345 2259 0.38803228735923767
2348 2264 0.5064516067504883
2349 2281 0.32507196068763733
2350 2327 0.605770468711853
2353 2276 0.4885370135307312
2355 2301 0.31880030035972595
2356 2280 0.5099508762359619
2357 2323 0.5889212489128113
2358 2305 0.3551925718784332
2359 2284 0.7436643838882446
2360 2308 0.42618390917778015
2362 2313 0.26025480031967163
2363 2314 0.25328800082206726
2364 2275 0.27418220043182373
2365 2315 0.3594740629196167
2367 2330 0.47697117924690247
2368 2294 0.4197978973388672
2370 2295 0.5352583527565002
2371 2322 0.41929173469543457
2372 2283 0.36751964688301086
2374 2351 0.488536536693573
2378 2316 0.5262578725814819
2380 2319 0.35803812742233276
2381 2304 0.2513408660888672
2383 2354 0.4202733635902405
2385 2293 0.3916045129299164
2386 2318 0.30074191093444824
2387 2320 0.4141409695148468
2388 2340 0.33335763216018677
2389 2333 0.413123220205307
2391 2353 0.43416130542755127
2392 2342 0.39613407850265503
2393 2336 0.3742086887359619
2394 2337 0.43813520669937134
2395 2346 0.4423740804195404
2396 2338 0.4526202976703644
2397 2339 0.5811349153518677
2399 2363 0.33438992500305176
2401 2364 0.48199746012687683
2402 2341 0.5226407647132874
2403 2367 0.3038146197795868
2404 2345 0.5170742273330688
2405 2347 0.4598734378814697
2406 2349 0.2610158920288086
2408 2350 0.4171125590801239
2409 2370 0.5944624543190002
2410 2371 0.554716944694519
2411 2355 0.37323319911956787
2412 2366 0.4732832610607147
2413 2385 0.44010889530181885
2414 2358 0.33861759305000305
2415 2344 0.3528481423854828
2417 2348 0.3365115523338318
2418 2369 0.6253145337104797
2419 2380 0.577076256275177
2420 2382 0.5775106549263
2422 2365 0.4599515199661255
2423 2331 0.3458090126514435
2424 2388 0.40436455607414246
2425 2368 0.43126070499420166
2427 2377 0.5216836333274841
2428 2400 0.32881253957748413
2429 2381 0.47964146733283997
2430 2383 0.7792301774024963
2431 2395 0.43155568838119507
2432 2375 0.4555511474609375
2433 2378 0.47612449526786804
2434 2392 0.5381297469139099
2435 2384 0.5480629801750183
2437 2393 0.332065612077713
2438 2394 0.27598944306373596
2441 2343 0.8963121771812439
2443 2415 0.3795267939567566
2444 2386 0.5743606686592102
2445 2387 0.7021560668945312
2447 2425 0.36972594261169434
2449 2399 0.2791157364845276
2454 2402 0.4251297116279602
2455 2396 0.41039565205574036
2456 2397 0.507304847240448
2457 2406 0.46847695112228394
2458 2426 0.3147314786911011
2459 2376 0.49016526341438293
2460 2391 0.5182719230651855
2461 2428 0.5117939710617065
2462 2429 0.47591930627822876
2463 2430 0.5471307635307312
2464 2421 0.28524985909461975
2466 2401 0.2777734100818634
2467 2403 0.4917585849761963
2468 2405 0.7703436017036438
2469 2470 0.3597593903541565
2470 2407 0.49609217047691345
2472 2410 0.4634718596935272
2473 2411 0.5081924200057983
2474 2442 0.3721569776535034
2476 2419 0.49728822708129883
2477 2417 0.7654480338096619
2478 2404 0.3950890004634857
2479 2455 0.36206135153770447
2482 2461 0.706528902053833
2483 2445 0.4446962773799896
2484 2454 0.6871870160102844
2485 2446 0.3192380964756012
2487 2416 0.27895021438598633
2489 2434 0.40353477001190186
2490 2424 0.4130999743938446
2492 2427 0.5678732991218567
2494 2475 0.6252727508544922
2495 2477 0.3347115218639374
2496 2444 0.47811245918273926
2499 2460 0.4620842933654785
2501 2480 0.31443777680397034
2503 2438 0.35083621740341187
2505 2440 0.4563416838645935
2506 2476 0.3654373288154602
2507 2479 0.39509955048561096
2508 2448 0.44875460863113403
2509 2432 0.46864452958106995
2511 2436 0.3006613254547119
2512 2459 0.6237362027168274
2513 2478 0.31530800461769104
2514 2513 0.390720009803772
2516 2514 0.2591738998889923
2517 2449 0.31915897130966187
2518 2452 0.32680395245552063
2519 2474 0.6416812539100647
2520 2487 0.5574943423271179
2522 2488 0.4523889720439911
2525 2491 0.3539191484451294
2526 2508 0.3373653292655945
2528 2450 0.34613630175590515
2530 2473 0.4356897473335266
2531 2494 0.3993963897228241
2532 2496 0.4235946536064148
2533 2489 0.4038785696029663
2534 2497 0.4080474376678467
2535 2500 0.4180874824523926
2536 2490 0.37867897748947144
2537 2512 0.3373756408691406
2538 2463 0.3253597617149353
2539 2466 0.5210710763931274
2540 2467 0.568677544593811
2541 2468 0.4354974329471588
2542 2469 0.3214150071144104
2543 2484 0.483091801404953
2545 2506 0.4288683533668518
2546 2492 0.4809477925300598
2547 2495 0.5414170622825623
2548 2441 0.27733665704727173
2549 2499 0.387615829706192
2550 2511 0.3948456943035126
2552 2501 0.37305349111557007
2554 2518 0.8931235074996948
2557 2522 0.4109976589679718
2558 2503 0.34033218026161194
2559 2485 0.4593036472797394
2560 2505 0.3450210392475128
2563 2525 0.28721335530281067
2564 2574 0.2637571394443512
2565 2521 0.33185285329818726
2566 2493 0.32349473237991333
2568 2529 0.3705533742904663
2569 2577 0.4497683346271515
2570 2560 0.5002468228340149
2571 2561 0.3569515645503998
2572 2545 0.37276437878608704
2575 2502 0.41341251134872437
2576 2465 0.6648716926574707
2578 2537 0.34250882267951965
2579 2582 0.4363846182823181
2580 2519 0.3590700924396515
2581 2542 0.38825884461402893
2583 2543 0.39107418060302734
2584 2528 0.483585923910141
2587 2544 0.38316282629966736
2588 2579 0.3105771541595459
2589 2546 0.36117023229599
2590 2564 0.3996295630931854
2591 2516 0.2952221930027008
2592 2555 0.718907356262207
2593 2486 0.31681028008461
2594 2509 0.25219276547431946
2595 2471 0.36595070362091064
2596 2585 0.5360016226768494
2597 2586 0.4015902578830719
2599 2578 0.39312219619750977
2600 2517 0.4013291299343109
2601 2550 0.4025883972644806
2603 2535 0.4301373064517975
2605 2536 0.45093396306037903
2606 2520 0.290210098028183
2607 2539 0.2836745083332062
2608 2572 0.27134525775909424
2609 2576 0.4101964831352234
2610 2580 0.3366739749908447
2611 2552 0.46703922748565674
2612 2553 0.5583925247192383
2613 2554 0.5271750688552856
2614 2538 0.4283381998538971
2615 2556 0.39222046732902527
2616 2526 0.3301539421081543
2618 2594 0.6019501090049744
2623 2540 0.41043829917907715
2625 2587 0.2887331545352936
2627 2604 0.30307725071907043
2629 2614 0.5752514600753784
2630 2523 0.4132217466831207
2631 2591 0.34534892439842224
2634 2566 0.6730850338935852
2635 2567 0.49443668127059937
2636 2568 0.43252313137054443
2637 2569 0.3850199580192566
2638 2570 0.3599035441875458
2639 2601 0.25446614623069763
2640 2603 0.44779443740844727
2641 2606 0.5482485294342041
2642 2618 0.3971978425979614
2644 2598 0.3276599645614624
2646 2573 0.3299323618412018
2647 2527 0.3465574383735657
2648 2628 0.5894904732704163
2649 2597 0.3337419033050537
2654 2593 0.3457997739315033
2655 2558 0.34173783659935
2656 2571 0.3799932599067688
2657 2611 0.4093254506587982
2658 2612 0.378948837518692
2659 2613 0.42604005336761475
2660 2642 0.2777503430843353
2663 2650 0.42185068130493164
2664 2627 0.7602420449256897
2665 2616 0.514420211315155
2666 2617 0.4836592674255371
2667 2631 0.6024744510650635
2669 2632 0.4701903462409973
2673 2592 0.6126464009284973
2674 2581 0.4012480080127716
2675 2637 0.26008954644203186
2677 2641 0.3231450617313385
2679 2643 0.38952314853668213
2680 2629 0.47689294815063477
2681 2644 0.4281576871871948
2683 2620 0.35214656591415405
2684 2599 0.5274622440338135
2685 2626 0.6508899331092834
2686 2639 0.4752027094364166
2687 2640 0.47528383135795593
2688 2622 0.4965612590312958
2691 2625 0.28024718165397644
2692 2638 0.319709450006485
2694 2673 0.379938542842865
2695 2621 0.46699288487434387
2696 2634 0.31426331400871277
2697 2635 0.3375812768936157
2698 2636 0.3293648958206177
2699 2667 0.28606876730918884
2700 2651 0.2711527943611145
2701 2652 0.38269829750061035
2702 2653 0.41071200370788574
2704 2633 0.6179109215736389
2705 2658 0.4229758381843567
2706 2647 0.4112391769886017
2707 2668 0.8895074725151062
2708 2670 0.5580028295516968
2709 2692 0.31618306040763855
2713 2656 0.38276875019073486
2714 2659 0.5715711712837219
2715 2660 0.38439586758613586
2717 2671 0.31987351179122925
2719 2702 0.25988176465034485
2722 2677 0.26503756642341614
2723 2657 0.32759684324264526
2724 2661 0.4407897889614105
2725 2710 0.3428676724433899
2726 2669 0.5838413238525391
2727 2724 0.27827557921409607
2728 2663 0.3043423891067505
2730 2684 0.25286418199539185
2731 2685 0.45019403100013733
2733 2679 0.2694190740585327
2734 2665 0.3188234269618988
2735 2699 0.5344677567481995
2736 2648 0.4867832362651825
2737 2711 0.4512600600719452
2738 2712 0.4416515529155731
2739 2753 0.41764035820961
2741 2722 0.36039021611213684
2742 2723 0.25137826800346375
2743 2674 0.29222220182418823
2745 2727 0.31481674313545227
2746 2741 0.37560057640075684
2750 2694 0.25585657358169556
2754 2687 0.3468322157859802
2755 2680 0.38129356503486633
2756 2688 0.5804066061973572
2757 2689 0.5037906169891357
2758 2698 0.457095205783844
2759 2666 0.5694449543952942
2760 2700 0.5378957986831665
2762 2752 0.37272241711616516
2763 2726 0.5226093530654907
2768 2682 0.3667539358139038
2770 2751 0.3538300693035126
2773 2736 0.9705031514167786
2776 2716 0.32849815487861633
2779 2761 0.2953402101993561
2780 2763 0.4753704369068146
2782 2728 0.27733904123306274
2783 2730 0.32516124844551086
2785 2717 0.40331199765205383
2786 2732 0.2740256190299988
2788 2696 0.43006470799446106
2789 2718 0.37492597103118896
2790 2720 0.33184051513671875
2791 2721 0.40055444836616516
2794 2762 0.2903025448322296
2795 2755 0.333345890045166
2798 2774 0.271479070186615
2800 2742 0.4058786928653717
2801 2709 0.4401664137840271
2802 2735 0.47262340784072876
2804 2754 0.7175456285476685
2805 2771 0.6955307722091675
2806 2773 0.2922355830669403
2809 2772 0.5230197310447693
2810 2759 0.5333968997001648
2811 2765 0.2830195128917694
2812 2766 0.2613725960254669
2813 2748 0.5914636254310608
2815 2783 0.4498884379863739
2816 2791 0.36292076110839844
2817 2784 0.4300409257411957
2819 2800 0.25366243720054626
2821 2779 0.34554824233055115
2822 2780 0.35468751192092896
2823 2769 0.7370479106903076
2825 2781 0.5849470496177673
2826 2797 0.655727207660675
2827 2810 0.3716972768306732
2828 2798 0.3507087826728821
2832 2758 0.40439772605895996
2833 2778 0.40731027722358704
2834 2806 0.30415552854537964
2835 2747 0.40408700704574585
2836 2809 0.3874218165874481
2837 2812 0.3314480185508728
2838 2750 0.2940734922885895
2839 2815 0.6678725481033325
2840 2764 0.2872736155986786
2842 2745 0.43012335896492004
2843 2770 0.5391345024108887
2844 2807 0.5812258124351501
2845 2746 0.38002803921699524
2846 2811 0.374950647354126
2847 2813 0.37047138810157776
2848 2823 0.607631266117096
2850 2834 0.32073676586151123
2851 2790 0.42182815074920654
2852 2802 0.31171125173568726
2853 2803 0.2942241132259369
2854 2804 0.3487147092819214
2856 2808 0.5593209862709045
2857 2833 0.3558214604854584
2858 2814 0.5924826264381409
2861 2817 0.4809308350086212
2862 2805 0.43252187967300415
2863 2767 0.4634842276573181
2866 2888 0.43208444118499756
2867 2831 0.4870302677154541
2869 2832 0.6016430258750916
2870 2845 0.3169208765029907
2871 2824 0.5461559295654297
2872 2846 0.6779224276542664
2873 2816 0.42007583379745483
2874 2848 0.5860559940338135
2875 2792 0.3362318277359009
2876 2818 0.5101434588432312
2877 2819 0.37557265162467957
2878 2828 0.3265531361103058
2879 2793 0.3717157244682312
2880 2794 0.2992890179157257
2882 2820 0.4290209412574768
2884 2796 0.4232707917690277
2885 2843 0.42788705229759216
2886 2844 0.3057982623577118
2889 2866 0.373142808675766
2894 2858 0.8803508877754211
2895 2847 0.3101816773414612
2896 2826 0.3934256136417389
2897 2837 0.391290545463562
2900 2838 0.46974438428878784
2901 2795 0.4262026250362396
2902 2842 0.32675158977508545
2903 2874 0.5510045886039734
2904 2876 0.547237753868103
2905 2827 0.5132304430007935
2907 2849 0.3627097010612488
2908 2861 0.36262357234954834
2909 2850 0.46640050411224365
2911 2862 0.2919701039791107
2912 2851 0.3951440155506134
2913 2841 0.3728020489215851
2914 2856 0.3514145314693451
2915 2875 0.47842806577682495
2917 2879 0.44558945298194885
2918 2880 0.6349025964736938
2919 2865 0.5121733546257019
2923 2863 0.5482255220413208
2924 2839 0.5446574091911316
2925 2903 0.36843663454055786
2926 2884 0.2878061532974243
2927 2896 0.4410399794578552
2929 2878 0.4166366755962372
2930 2859 0.5485655069351196
2931 2897 0.38313359022140503
2932 2867 0.33782702684402466
2933 2868 0.565990149974823
2934 2959 0.2902676463127136
2935 2895 0.3626564145088196
2936 2830 0.38756629824638367
2938 2857 0.43582025170326233
2941 2917 0.5156137347221375
2942 2877 0.4053402245044708
2944 2881 0.4363134503364563
2945 2893 0.578539252281189
2946 2894 0.2984296977519989
2949 2909 0.9673844575881958
2951 2906 0.43235981464385986
2952 2907 0.4048523008823395
2953 2914 0.34656503796577454
2954 2898 0.49639174342155457
2956 2920 0.31898489594459534
2958 2870 0.4417155981063843
2959 2882 0.5411165952682495
2960 2934 0.29195618629455566
2962 2915 0.5579996705055237
2963 2916 0.3959497809410095
2965 2928 0.3619605302810669
2968 2901 0.9332908391952515
2969 2924 0.3057836592197418
2970 2925 0.5508191585540771
2971 2885 0.3961537480354309
2972 2905 0.3426816463470459
2973 2913 0.5516871213912964
2976 2930 0.4925668239593506
2977 2922 0.3517810106277466
2978 2904 0.4224996864795685
2980 2912 0.3709709644317627
2982 2945 0.3109760582447052
2983 2937 0.36261457204818726
2985 2933 0.5469012260437012
2987 2941 0.3102775514125824
2989 2961 0.2820516526699066
2991 2927 0.4104500710964203
2992 2939 0.4145076274871826
2993 2952 0.5266575217247009
2995 2940 0.513088047504425
2997 2966 0.47588253021240234
2999 2954 0.3753359615802765
3001 2967 0.4825912415981293
3003 2987 0.4612930715084076
3005 2955 0.4756796956062317
3006 2971 0.3644610643386841
3008 2911 0.3016032874584198
3009 2962 0.4309474229812622
3010 2951 0.322031706571579
3012 2974 0.4314947724342346
3013 2963 0.6125178933143616
3015 2975 0.4872644245624542
3016 2964 0.3042689859867096
3018 2978 0.30824014544487
3019 2956 0.2963802218437195
3020 2970 0.3264625370502472
3021 2958 0.5254679918289185
3023 2950 0.4648715853691101
3028 2998 0.5585736036300659
3029 3010 0.4631047248840332
3030 2973 0.38831809163093567
3031 2976 0.41556721925735474
3032 3020 0.4456493854522705
3033 2986 0.37166184186935425
3034 3002 0.48567265272140503
3037 3003 0.4128250777721405
3038 2957 0.3902433514595032
3039 2983 0.4667564630508423
3040 2938 0.3073088228702545
3041 2984 0.44158080220222473
3042 3018 0.43725696206092834
3043 3039 0.6912662386894226
3044 3000 0.46599945425987244
3045 3001 0.4212850034236908
3046 3042 0.3327706456184387
3047 3013 0.3614817261695862
3048 2988 0.3047196567058563
3049 3006 0.3170420825481415
3050 2992 0.47191089391708374
3051 2981 0.2835622727870941
3052 2960 0.3635193109512329
3053 3011 0.3631596565246582
3054 3031 0.481719434261322
3055 3012 0.8394944667816162
3058 2982 0.38275012373924255
3059 2910 0.36551645398139954
3060 2999 0.6860384941101074
3061 3008 0.7174006104469299
3062 3028 0.4489677846431732
3063 3040 0.33142146468162537
3065 3021 0.42983385920524597
3066 3070 0.42082202434539795
3067 2979 0.4509330987930298
3068 2991 0.3722645342350006
3069 2994 0.37910571694374084
3072 3007 0.5267921090126038
3073 3058 0.533046543598175
3074 3029 0.5098069310188293
3075 3030 0.3197283446788788
3077 3051 0.3545316159725189
3079 3023 0.42038601636886597
3080 3035 0.3630865812301636
3081 2990 0.5031160116195679
3083 2995 0.4042072594165802
3085 3041 0.47661375999450684
3086 3043 0.4047623574733734
3087 3034 0.3011534810066223
3090 3026 0.448274701833725
3091 2997 0.3447020351886749
3092 3019 0.32132306694984436
3094 3049 0.37738507986068726
3095 3061 0.3194509744644165
3096 3050 0.6091142296791077
3097 3079 0.33464929461479187
3099 3032 0.38980594277381897
3100 3033 0.3271750211715698
3101 3054 0.41025829315185547
3102 3025 0.5313016772270203
3105 3017 0.3239837884902954
3108 3027 0.31050369143486023
3109 3078 0.400804728269577
3110 3056 0.27179694175720215
3112 3037 0.37713897228240967
3114 3067 0.7949053049087524
3115 3068 0.5397878885269165
3116 3069 0.5746592879295349
3117 3071 0.4372623860836029
3121 3066 0.32241734862327576
3123 3111 0.49000072479248047
3124 3125 0.3630502223968506
3126 3047 0.4315202832221985
3128 3077 0.3408287763595581
3129 3109 0.5077787041664124
3132 3082 0.38203680515289307
3133 3074 0.36174070835113525
3134 3086 0.3783493936061859
3136 3088 0.6938413977622986
3138 3094 0.5026321411132812
3140 3104 0.29483139514923096
3142 3091 0.4275362491607666
3143 3093 0.4468618631362915
3144 3087 0.41550540924072266
3146 3110 0.3916455805301666
3147 3120 0.4075620770454407
3148 3143 0.48022136092185974
3153 3085 0.391262948513031
3154 3064 0.35132738947868347
3155 3105 0.6863382458686829
3156 3106 0.6005148887634277
3157 3137 0.26527780294418335
3158 3113 0.5367509722709656
3159 3099 0.4144764244556427
3161 3103 0.27964887022972107
3162 3092 0.48640549182891846
3163 3107 0.40420570969581604
3164 3127 0.40175727009773254
3165 3102 0.3865877091884613
3166 3118 0.4405498206615448
3167 3133 0.3597075939178467
3168 3124 0.4824633300304413
3169 3119 0.44917720556259155
3170 3142 0.3381687104701996
3171 3097 0.3692491948604584
3173 3121 0.4694676101207733
3175 3101 0.2822246551513672
3177 3122 0.4670209586620331
3179 3154 0.5988106727600098
3180 3159 0.2774985730648041
3181 3160 0.3151492774486542
3182 3170 0.3519843816757202
3183 3123 0.27475646138191223
3184 3150 0.6186178922653198
3185 3151 0.4676591753959656
3186 3158 0.458291620016098
3187 3175 0.26741933822631836
3189 3152 0.5479312539100647
3190 3166 0.463230162858963
3193 3141 0.6047269105911255
3194 3153 0.42701712250709534
3195 3167 0.6368424892425537
3196 3156 0.47253507375717163
3197 3146 0.5741816163063049
3199 3130 0.3409045338630676
3200 3147 0.4452878534793854
3201 3148 0.44417789578437805
3202 3115 0.283081591129303
3203 3116 0.4776357412338257
3204 3162 0.3633882999420166
3206 3169 0.3363995850086212
3211 3176 0.693142294883728
3212 3172 0.5394430756568909
3213 3186 0.5343698859214783
3215 3187 0.9626173377037048
3216 3188 0.31118789315223694
3217 3189 0.331876277923584
3218 3180 0.5544763207435608
3219 3173 0.44691598415374756
3221 3182 0.36861974000930786
3222 3205 0.2595379948616028
3223 3183 0.31707626581192017
3224 3184 0.2878475785255432
3225 3185 0.4936211407184601
3226 3195 0.5210055112838745
3227 3196 0.3870181739330292
3229 3181 0.37070006132125854
3230 3193 0.432107537984848
3231 3201 0.3096733093261719
3232 3215 0.43239402770996094
3233 3210 0.3982606530189514
3235 3200 0.3487972021102905
3238 3202 0.45943814516067505
3242 3209 0.29804372787475586
3243 3171 0.4438133239746094
3246 3223 0.25487515330314636
3248 3194 0.6412836313247681
3249 3213 0.380154550075531
3250 3228 0.43505531549453735
3251 3242 0.3531201183795929
3253 3218 0.40205737948417664
3254 3204 0.45745977759361267
3256 3251 0.5840262174606323
3257 3220 0.49910983443260193
3258 3222 0.3834534287452698
3260 3226 0.3234632611274719
3261 3238 0.30838480591773987
3262 3212 0.7418417930603027
3264 3230 0.3597913086414337
3265 3235 0.28262650966644287
3266 3237 0.4003283679485321
3268 3265 0.27994078397750854
3270 3281 0.4207995533943176
3271 3258 0.3073343336582184
3272 3224 0.2793048024177551
3274 3260 0.4063760042190552
3275 3277 0.30936485528945923
3277 3245 0.852169930934906
3278 3246 0.7367759346961975
3279 3231 0.3272877037525177
3280 3232 0.39556217193603516
3283 3270 0.3202025294303894
3285 3259 0.4707987606525421
3287 3252 0.6852250695228577
3288 3272 0.4049696922302246
3289 3273 0.4295269250869751
3291 3276 0.43928954005241394
3293 3257 0.38445818424224854
3294 3271 0.4199680685997009
3296 3256 0.582736611366272
3299 3299 0.2971075177192688
3301 3267 0.5253487229347229
3302 3294 0.5321871042251587
3303 3295 0.43902525305747986
3304 3289 0.2900529205799103
3305 3296 0.40707650780677795
3306 3283 0.5473092794418335
3307 3264 0.42299801111221313
3308 3287 0.4893744885921478
3310 3288 0.39262762665748596
3311 3300 0.30643466114997864
3315 3278 0.40606606006622314
3316 3280 0.3560733497142792
3317 3327 0.5199655890464783
3318 3298 0.5804896354675293
3320 3316 0.31389278173446655
3321 3317 0.3450312614440918
3322 3318 0.4033258557319641
3323 3331 0.4513779878616333
3326 3307 0.3327605128288269
3327 3313 0.5197226405143738
3328 3340 0.42300647497177124
3329 3315 0.5010991096496582
3330 3330 0.6963471174240112
3332 3303 0.2853938043117523
3335 3310 0.25058314204216003
3336 3324 0.2939467430114746
3338 3333 0.31746143102645874
3342 3319 0.36447080969810486
3344 3321 0.36147448420524597
3347 3388 0.3545640707015991
3348 3363 0.35078468918800354
3349 3328 0.6883565187454224
3350 3314 0.6584757566452026
3351 3329 0.5520986914634705
3354 3332 0.3663361966609955
3356 3322 0.2932562828063965
3357 3339 0.31448665261268616
3360 3335 0.284880667924881
3361 3344 0.2989068031311035
3363 3346 0.38164862990379333
3364 3370 0.3423422873020172
3366 3392 0.4539647102355957
3367 3347 0.30246368050575256
3370 3334 0.3918047249317169
3371 3354 0.5174081921577454
3373 3356 0.3395531177520752
3374 3366 0.3482431173324585
3375 3367 0.343069463968277
3376 3371 0.4831728935241699
3377 3407 0.4762420952320099
3379 3348 0.28369832038879395
3380 3358 0.2693096399307251
3382 3378 0.39382579922676086
3383 3379 0.46470358967781067
3384 3399 0.2709253430366516
3385 3364 0.26738670468330383
3386 3355 0.5719834566116333
3387 3368 0.502094566822052
3389 3357 0.40629035234451294
3392 3374 0.26302292943000793
3394 3361 0.6608726382255554
3396 3387 0.4090011715888977
3397 3415 0.38462764024734497
3398 3400 0.40846988558769226
3399 3380 0.48660406470298767
3400 3389 0.3874746561050415
3401 3390 0.3449476659297943
3402 3391 0.2985689043998718
3404 3383 0.2891533672809601
3405 3384 0.25697755813598633
3406 3421 0.3442476987838745
3407 3403 0.47428905963897705
3408 3404 0.46370750665664673
3410 3381 0.3701757788658142
3411 3409 0.28296416997909546
3412 3394 0.3552189767360687
3413 3382 0.3220615088939667
3414 3337 0.33557674288749695
3415 3452 0.4144432246685028
3417 3405 0.5303954482078552
3418 3406 0.479373037815094
3419 3432 0.2632834315299988
3420 3440 0.27549535036087036
3421 3416 0.26479047536849976
3422 3408 0.31233495473861694
3425 3351 0.43782904744148254
3426 3396 0.5202051401138306
3428 3398 0.45541128516197205
3429 3453 0.3948901295661926
3430 3428 0.34937912225723267
3431 3429 0.32074838876724243
3432 3438 0.3899517059326172
3433 3439 0.2781559228897095
3434 3423 0.3062880039215088
3436 3447 0.2889309227466583
3437 3419 0.2948634624481201
3438 3420 0.27228182554244995
3439 3385 0.3857586979866028
3442 3476 0.46265313029289246
3443 3430 0.6035141348838806
3444 3431 0.5776301622390747
3449 3417 0.34808042645454407
3450 3360 0.32776403427124023
3451 3437 0.5097125768661499
3452 3441 0.43604475259780884
3453 3442 0.34877392649650574
3455 3433 0.25190815329551697
3456 3460 0.32928982377052307
3459 3436 0.40341663360595703
3460 3464 0.34205639362335205
3461 3455 0.5191504955291748
3463 3478 0.3786013424396515
3465 3446 0.26320233941078186
3466 3412 0.35387325286865234
3469 3427 0.3114895522594452
3470 3450 0.2974136769771576
3471 3454 0.5128722786903381
3472 3479 0.3037271201610565
3473 3480 0.28139179944992065
3474 3494 0.288545697927475
3475 3481 0.5513399839401245
3477 3443 0.4298063814640045
3478 3445 0.4855193793773651
3479 3434 0.4531523883342743
3480 3426 0.37784457206726074
3482 3472 0.3508412539958954
3484 3493 0.5548698306083679
3485 3477 0.4554916322231293
3486 3467 0.9798524379730225
3487 3483 0.26134467124938965
3488 3498 0.31695231795310974
3490 3473 0.668606698513031
3492 3474 0.468254953622818
3493 3583 0.34974852204322815
3495 3482 0.30783358216285706
3496 3495 0.26700931787490845
3497 3470 0.27458804845809937
3498 3448 0.3362917900085449
3499 3489 0.26111847162246704
3501 3490 0.3577350378036499
3502 3491 0.2663450241088867
3503 3492 0.2671758830547333
3504 3512 0.3871075212955475
3505 3475 0.3775297701358795
3507 3553 0.30241721868515015
3508 3502 0.3760973811149597
3509 3497 0.3431961238384247
3510 3484 0.3102151155471802
3511 3521 0.2888736128807068
3512 3459 0.5969313979148865
3513 3485 0.5148953199386597
3516 3468 0.3779490888118744
3517 3469 0.2914462685585022
3518 3514 0.353675901889801
3520 3515 0.3889147639274597
3521 3516 0.52506023645401
3522 3517 0.5640997886657715
3524 3518 0.4094601273536682
3525 3520 0.3325453996658325
3526 3531 0.36246970295906067
3529 3510 0.5513325929641724
3530 3511 0.4286949634552002
3531 3534 0.3457740545272827
3533 3513 0.5468803644180298
3534 3526 0.8523089289665222
3535 3536 0.5752778053283691
3539 3505 0.4111427068710327
3540 3524 0.3042834997177124
3544 3507 0.3401147723197937
3545 3525 0.3782166540622711
3547 3636 0.3091524839401245
3548 3527 0.5087587833404541
3549 3554 0.2977062463760376
3550 3555 0.3953897953033447
3551 3574 0.9358916282653809
3555 3506 0.4178973436355591
3556 3533 0.37177419662475586
3557 3509 0.41563737392425537
3560 3550 0.3596671223640442
3561 3573 0.47324085235595703
3563 3539 0.3543994426727295
3564 3486 0.9298322796821594
3567 3547 0.46680498123168945
3570 3572 0.524503231048584
3573 3540 0.29929301142692566
3577 3614 0.30247434973716736
3578 3541 0.3389856219291687
3579 3544 0.4275146424770355
3580 3545 0.3107632100582123
3581 3568 0.49922311305999756
3583 3535 0.41791367530822754
3584 3570 0.360125333070755
3585 3582 0.4952757954597473
3586 3642 0.44602906703948975
3588 3595 0.6522451639175415
3589 3597 0.40458250045776367
3592 3576 0.2773919403553009
3593 3560 0.4346700608730316
3594 3564 0.25935837626457214
3595 3565 0.28765028715133667
3596 3542 0.382846862077713
3597 3635 0.48137637972831726
3599 3571 0.39354196190834045
3601 3594 0.26977723836898804
3602 3621 0.46756598353385925
3603 3596 0.37707316875457764
3605 3585 0.5267620086669922
3606 3586 0.5750194787979126
3607 3598 0.3828216791152954
3608 3587 0.3528740406036377
3609 3579 0.4855860471725464
3610 3589 0.31968963146209717
3611 3604 0.3801262676715851
3614 3590 0.2916628420352936
3615 3551 0.4148588180541992
3617 3619 0.3355127274990082
3618 3620 0.3710891306400299
3619 3623 0.3464150130748749
3620 3624 0.31868571043014526
3625 3600 0.4150562882423401
3629 3563 0.3566936254501343
3630 3566 0.2765255868434906
3631 3613 0.28905990719795227
3633 3588 0.4205828905105591
3635 3605 0.39691007137298584
3636 3668 0.5261234045028687
3637 3639 0.477519154548645
3639 3622 0.45457080006599426
3640 3643 0.35456037521362305
3641 3584 0.35195550322532654
3644 3612 0.4729669690132141
3647 3580 0.31580305099487305
3648 3618 0.6100123524665833
3649 3653 0.36638861894607544
3651 3654 0.3931799530982971
3653 3674 0.33711737394332886
3655 3678 0.31736427545547485
3657 3631 0.5503124594688416
3658 3632 0.4007776081562042
3659 3665 0.2957037687301636
3660 3633 0.3111460506916046
3662 3680 0.5155655145645142
3663 3637 0.3952254354953766
3664 3638 0.3608858287334442
3666 3645 0.33503854274749756
3667 3611 0.3408261835575104
3668 3646 0.4207606315612793
3672 3748 0.38493403792381287
3673 3567 0.3000434935092926
3675 3615 0.47838839888572693
3677 3628 0.45315152406692505
3678 3652 0.3567075729370117
3683 3603 0.29171237349510193
3684 3699 0.3505776822566986
3686 3689 0.41843530535697937
3687 3669 0.4251110553741455
3688 3625 0.33639830350875854
3691 3660 0.3247741758823395
3692 3647 0.30732202529907227
3694 3661 0.33405619859695435
3696 3627 0.34128838777542114
3698 3666 0.4062446355819702
3700 3672 0.95622718334198
3701 3673 0.378390908241272
3703 3663 0.4227532148361206
3704 3698 0.4745519161224365
3705 3634 0.29401880502700806
3707 3681 0.5253412127494812
3708 3690 0.4305850863456726
3709 3676 0.4054148495197296
3713 3703 0.44289329648017883
3714 3706 0.3446763753890991
3715 3707 0.28819671273231506
3717 3684 0.26028382778167725
3720 3710 0.37287211418151855
3721 3686 0.36827751994132996
3723 3687 0.9406681656837463
3727 3675 0.2813086211681366
3729 3677 0.33238688111305237
3730 3694 0.2735193371772766
3732 3701 0.3486216068267822
3733 3702 0.44917163252830505
3734 3714 0.38970038294792175
3735 3704 0.4439242482185364
3736 3721 0.3501780331134796
3737 3756 0.46369513869285583
3739 3724 0.29984238743782043
3740 3725 0.33891159296035767
3742 3695 0.3242366313934326
3744 3679 0.3688296675682068
3745 3712 0.3516247272491455
3747 3715 0.43486037850379944
3748 3744 0.6387243866920471
3749 3722 0.9554523825645447
3750 3770 0.2933877408504486
3751 3723 0.29923221468925476
3752 3719 0.3584689497947693
3753 3697 0.308798611164093
3754 3782 0.3753613829612732
3755 3736 0.5610101222991943
3756 3737 0.4496632516384125
3757 3738 0.56634920835495
3758 3739 0.27230286598205566
3759 3740 0.3973725140094757
3760 3742 0.33965936303138733
3761 3743 0.291115403175354
3764 3762 0.3370836079120636
3765 3691 0.5662309527397156
3766 3749 0.6720677614212036
3768 3728 0.27188247442245483
3769 3799 0.3438073992729187
3770 3729 0.37655964493751526
3771 3734 0.47443878650665283
3772 3754 0.4360384941101074
3773 3788 0.5153865814208984
3774 3755 0.5905280113220215
3776 3741 0.48052600026130676
3780 3763 0.3685775697231293
3781 3750 0.5956098437309265
3782 3732 0.30668580532073975
3783 3752 0.3478272557258606
3785 3753 0.3720214068889618
3786 3793 0.5448984503746033
3791 3726 0.2919049561023712
3793 3869 0.2842288315296173
3794 3790 0.29178667068481445
3795 3791 0.30734488368034363
3800 3777 0.308228999376297
3802 3780 0.3289684057235718
3803 3764 0.341087281703949
3805 3786 0.34954777359962463
3806 3803 0.45039844512939453
3807 3789 0.4491150975227356
3809 3836 0.28995171189308167
3810 3810 0.2743595242500305
3812 3801 0.3940452039241791
3813 3802 0.3965555429458618
3814 3818 0.41288337111473083
3815 3820 0.37449610233306885
3819 3772 0.30587759613990784
3820 3823 0.5222302079200745
3821 3775 0.274159699678421
3823 3781 0.30839747190475464
3826 3817 0.6287559270858765
3832 3822 0.28128179907798767
3833 3824 0.48724210262298584
3834 3825 0.4141784906387329
3835 3808 0.445626437664032
3836 3809 0.25128862261772156
3837 3840 0.2755531370639801
3838 3827 0.2685912251472473
3839 3685 0.39005473256111145
3841 3813 0.47714677453041077
3843 3834 0.3535619080066681
3846 3785 0.39582934975624084
3847 3787 0.38455280661582947
3848 3849 0.6563227772712708
3849 3852 0.4767538011074066
3850 3838 0.26942139863967896
3851 3879 0.5725051760673523
3855 3829 0.278809517621994
3856 3830 0.32042980194091797
3859 3832 0.3318902254104614
3861 3846 0.5998818278312683
3862 3856 0.30382040143013
3863 3837 0.42990559339523315
3865 3842 0.46565383672714233
3867 3766 0.2627809941768646
3869 3847 0.34782060980796814
3870 3873 0.475097119808197
3871 3874 0.4358680546283722
3872 3877 0.8580070734024048
3873 3851 0.34749636054039
3874 3857 0.3320966362953186
3875 3858 0.25473904609680176
3876 3861 0.26852333545684814
3877 3863 0.26215246319770813
3879 3865 0.31233078241348267
3881 3866 0.28599703311920166
3882 3889 0.43851393461227417
3883 3890 0.5355668067932129
3885 3835 0.4563429653644562
3887 3919 0.5644038319587708
3889 3878 0.2558160722255707
3890 3880 0.33291763067245483
3894 3895 0.30512821674346924
3895 3988 0.32699599862098694
3896 3885 0.44848936796188354
3897 3886 0.6265208721160889
3898 3906 0.36234354972839355
3899 3907 0.5443567633628845
3901 3900 0.45833489298820496
3902 3923 0.34660768508911133
3903 3870 0.30305761098861694
3904 3915 0.4074932932853699
3905 3887 0.4547758996486664
3906 3888 0.3346208930015564
3907 3909 0.33546313643455505
3908 3918 0.30866846442222595
3912 3897 0.30215057730674744
3914 3910 0.25830015540122986
3915 3914 0.3165508508682251
3917 3904 0.3115382790565491
3919 3928 0.31255900859832764
3921 3920 0.4682103097438812
3923 3894 0.28882789611816406
3924 3934 0.4796830713748932
3926 3912 0.3360039293766022
3927 4020 0.2678358852863312
3928 3924 0.2512787878513336
3929 3962 0.42535722255706787
3930 3925 0.4168274402618408
3931 3937 0.2739323377609253
3932 3926 0.533638596534729
3933 3908 0.514843761920929
3934 3941 0.6350497007369995
3935 3943 0.42944952845573425
3936 3929 0.553397536277771
3938 3930 0.3830130398273468
3939 3898 0.92512047290802
3940 4029 0.383755624294281
3942 3947 0.2688916027545929
3943 3936 0.37381598353385925
3945 3938 0.29514196515083313
3946 3916 0.41861531138420105
3947 3940 0.4128526449203491
3949 3942 0.3258242905139923
3951 3922 0.5505565404891968
3952 3933 0.48139750957489014
3954 3939 0.26053541898727417
3955 3957 0.3607223927974701
3956 3944 0.3120110332965851
3957 3961 0.4307267665863037
3958 3883 0.5034745931625366
3959 3954 0.3565817177295685
3960 3963 0.491649329662323
3961 3964 0.3916855454444885
3962 3967 0.523409903049469
3964 4012 0.25349944829940796
3965 3951 0.5432458519935608
3966 3952 0.36855822801589966
3967 3945 0.33004531264305115
3968 3899 0.5096046924591064
3969 3976 0.27853816747665405
3970 3965 0.29848092794418335
3971 3966 0.5485947728157043
3972 3949 0.4971829354763031
3974 3979 0.5926012992858887
3975 3917 0.2877136468887329
3978 3931 0.3312445282936096
3979 3972 0.9212536811828613
3980 3902 0.48691415786743164
3981 3990 0.5660090446472168
3982 3991 0.8790077567100525
3983 3978 0.533348560333252
3984 3993 0.3713047206401825
3985 3994 0.3330519497394562
3988 3969 0.42673826217651367
3993 3989 0.37520498037338257
3994 4001 0.7217210531234741
3995 3977 0.4479755461215973
3996 4003 0.47256481647491455
3997 4004 0.31809088587760925
3998 4023 0.3829345107078552
3999 4005 0.49170371890068054
4002 4010 0.35178035497665405
4003 4011 0.26665279269218445
4005 3982 0.5408700108528137
4006 3986 0.37003955245018005
4009 3999 0.5206498503684998
4010 4037 0.2736336290836334
4012 4007 0.3608424663543701
4013 4008 0.42191141843795776
4014 4009 0.3565636873245239
4015 3985 0.2868615984916687
4016 3971 0.38893070816993713
4017 3975 0.4179559350013733
4018 4019 0.4134160578250885
4019 4021 0.27866411209106445
4020 3998 0.551582396030426
4021 4036 0.45905229449272156
4022 4002 0.3998926281929016
4023 4053 0.4486039876937866
4024 4031 0.37602242827415466
4025 4032 0.5961258411407471
4027 4063 0.26410678029060364
4028 4013 0.3743225634098053
4029 3981 0.25790855288505554
4030 3983 0.4998367130756378
4031 4025 0.3697379529476166
4032 4015 0.39046597480773926
4033 4028 0.43040770292282104
4034 4030 0.373857706785202
4036 4062 0.42502227425575256
4037 4040 0.38703665137290955
4038 4041 0.572717010974884
4039 4042 0.4681442379951477
4044 4014 0.33249974250793457
4046 3995 0.5064414739608765
4048 4016 0.3000958561897278
4049 4027 0.3788433372974396
4050 4051 0.5251734256744385
4052 4039 0.612930417060852
4053 4043 0.5822288990020752
4055 4079 0.3177461624145508
4056 4035 0.38410013914108276
4058 4049 0.3173564076423645
4059 4085 0.26991644501686096
4060 4073 0.4105432331562042
4061 4052 0.5582455992698669
4062 4075 0.3332556188106537
4063 4076 0.3472823202610016
4064 4045 0.3152725398540497
4066 4060 0.3730275332927704
4067 4083 0.3628709018230438
4068 4072 0.5348644256591797
4071 4094 0.31860941648483276
4072 4159 0.30560553073883057
4074 4046 0.2861855626106262
4075 4047 0.5903500914573669
4076 4048 0.28543326258659363
4079 4061 0.4440779387950897
4081 4071 0.37814846634864807
4082 4074 0.5326079726219177
4083 4088 0.49500709772109985
4084 4089 0.5453647971153259
4085 4090 0.4015626609325409
4086 4091 0.5023469924926758
4087 4078 0.45298346877098083
4089 4112 0.26687106490135193
4091 4055 0.5119525790214539
4092 4067 0.3866846561431885
4095 4058 0.31253039836883545
4096 4141 0.38241079449653625
4098 4130 0.48933154344558716
4099 4086 0.3662593364715576
4100 4087 0.42111387848854065
4102 4111 0.6305658221244812
4103 4152 0.28191396594047546
4104 4064 0.38527044653892517
4105 4066 0.3521589934825897
4106 4103 0.34513360261917114
4107 4070 0.32605990767478943
4108 4104 0.6241949796676636
4109 4105 0.38037794828414917
4110 4131 0.33314377069473267
4111 4106 0.570132851600647
4113 4109 0.47822827100753784
4114 4110 0.5704216361045837
4115 4097 0.2834160029888153
4116 4113 0.5819069147109985
4117 4099 0.4942009747028351
4118 4082 0.5670123100280762
4119 4100 0.26650357246398926
4120 4116 0.3268466293811798
4121 4102 0.34393298625946045
4122 4119 0.3930269777774811
4125 4136 0.27291589975357056
4127 4098 0.32913944125175476
4128 4114 0.40114203095436096
4129 4115 0.49904558062553406
4133 4124 0.5622061491012573
4134 4125 0.6807944774627686
4135 4126 0.49836260080337524
4136 4128 0.45034903287887573
4139 4132 0.31512853503227234
4140 4149 0.3925890624523163
4141 4197 0.3848855793476105
4143 4151 0.4351528286933899
4145 4160 0.5041568279266357
4147 4120 0.4220357835292816
4149 4121 0.5511875152587891
4150 4142 0.42659950256347656
4151 4143 0.5119540691375732
4153 4145 0.4082844853401184
4154 4146 0.34832483530044556
4155 4150 0.3986353278160095
4156 4168 0.40665513277053833
4157 4133 0.5532804131507874
4158 4134 0.3933798670768738
4159 4135 0.32655906677246094
4160 4138 0.27243170142173767
4161 4156 0.5756806135177612
4163 4158 0.3919927179813385
4165 4154 0.30175864696502686
4167 4155 0.41228488087654114
4168 4165 0.4703710675239563
4169 4176 0.628678560256958
4170 4166 0.34002915024757385
4172 4177 0.41367241740226746
4173 4182 0.485016793012619
4174 4169 0.5257542133331299
4175 4170 0.504501223564148
4177 4172 0.40336278080940247
4178 4174 0.41695186495780945
4179 4190 0.39558592438697815
4180 4191 0.4118471145629883
4181 4194 0.36319324374198914
4182 4179 0.32063981890678406
4183 4180 0.40471601486206055
4184 4184 0.3625966012477875
4185 4171 0.3143349289894104
4186 4173 0.49228647351264954
4187 4192 0.32995688915252686
4188 4236 0.2581627368927002
4189 4199 0.5450174808502197
4191 4188 0.33863988518714905
4192 4210 0.4262448847293854
4193 4203 0.5439478158950806
4195 4216 0.6330657601356506
4196 4220 0.35209450125694275
4197 4137 0.25508353114128113
4198 4189 0.550993025302887
4200 4209 0.5153743028640747
4201 4202 0.5161317586898804
4203 4225 0.3025329113006592
4204 4227 0.36484986543655396
4206 4211 0.38708314299583435
4208 4213 0.3762810528278351
4209 4204 0.48635679483413696
4210 4214 0.4182593524456024
4211 4217 0.44061076641082764
4213 4218 0.4632800817489624
4214 4185 0.41842812299728394
4215 4240 0.4227076470851898
4218 4187 0.3510768711566925
4219 4201 0.5298959612846375
4220 4208 0.388305127620697
4221 4164 0.6335719227790833
4222 4224 0.41071709990501404
4223 4228 0.4906174838542938
4226 4206 0.44755619764328003
4230 4243 0.31977346539497375
4231 4244 0.33159565925598145
4232 4256 0.37769651412963867
4234 4234 0.5511438846588135
4235 4226 0.3501162827014923
4237 4229 0.3545137047767639
4238 4230 0.37626779079437256
4239 4238 0.3929269313812256
4241 4219 0.3231056332588196
4242 4239 0.3887515962123871
4245 4242 0.41219329833984375
4249 4248 0.43317946791648865
4250 4272 0.32975807785987854
4251 4250 0.5113143920898438
4252 4252 0.4810647666454315
4253 4273 0.2899417579174042
4256 4255 0.3478544354438782
4257 4268 0.3843812048435211
4258 4253 0.3127880394458771
4260 4241 0.9819834232330322
4261 4291 0.38443437218666077
4262 4286 0.3436857759952545
4263 4287 0.3171814978122711
4265 4279 0.4574431777000427
4266 4280 0.29206618666648865
4267 4260 0.5288740992546082
4268 4289 0.39819836616516113
4269 4274 0.3920573890209198
4270 4263 0.46383222937583923
4271 4264 0.5199204683303833
4272 4265 0.5725564956665039
4274 4277 0.374722957611084
4275 4278 0.6734433174133301
4276 4266 0.27166271209716797
4277 4267 0.4023630917072296
4278 4281 0.254508376121521
4279 4276 0.5704624652862549
4281 4311 0.41050291061401367
4283 4259 0.405727744102478
4284 4270 0.2921140789985657
4285 4271 0.2963202893733978
4287 4288 0.9313729405403137
4288 4294 0.8490030765533447
4289 4290 0.28952232003211975
4290 4283 0.38821327686309814
4291 4275 0.6129239797592163
4292 4309 0.30220648646354675
4293 4304 0.37454965710639954
4294 4282 0.3090440034866333
4295 4293 0.5369383692741394
4300 4303 0.46819067001342773
4302 4298 0.49539434909820557
4303 4300 0.939018964767456
4304 4310 0.6456306576728821
4305 4302 0.6188905239105225
4307 4305 0.4215008318424225
4309 4312 0.3584388792514801
4312 4327 0.451569139957428
4314 4301 0.41066500544548035
4315 4333 0.3854075074195862
4316 4296 0.3437900245189667
4317 4297 0.4370843470096588
4318 4326 0.27063560485839844
4319 4315 0.42040565609931946
4322 4323 0.5691599249839783
4324 4314 0.3366328775882721
4327 4340 0.3640904128551483
4328 4334 0.4111568033695221
4330 4337 0.2549091577529907
4332 4316 0.4082249402999878
4333 4318 0.4832009971141815
4334 4335 0.3532845079898834
4336 4336 0.3356561064720154
4339 4338 0.34816309809684753
4340 4361 0.4822388291358948
4341 4357 0.26562994718551636
4344 4342 0.3838123381137848
4345 4348 0.5176154971122742
4346 4350 0.434526652097702
4347 4360 0.26491400599479675
4348 4352 0.36787521839141846
4349 4356 0.3857535421848297
4352 4365 0.3017318844795227
4355 4347 0.4947253465652466
4356 4353 0.416765034198761
4357 4355 0.4727834165096283
4358 4343 0.3920607566833496
4360 4377 0.30086439847946167
4361 4364 0.46921515464782715
4365 4320 0.30592191219329834
4366 4370 0.3365821838378906
4368 4393 0.2963937819004059
4369 4371 0.2888931930065155
4374 4368 0.37426188588142395
4375 4378 0.31893348693847656
4376 4383 0.2645948529243469
4377 4367 0.524896502494812
4378 4373 0.5100928544998169
4379 4399 0.6018548011779785
4380 4403 0.36015039682388306
4382 4391 0.31353408098220825
4384 4418 0.32239675521850586
4385 4394 0.4090940058231354
4386 4382 0.2616921067237854
4387 4398 0.288889616727829
4389 4388 0.47159144282341003
4390 4374 0.4534909129142761
4391 4375 0.38094499707221985
4392 4344 0.29772302508354187
4393 4392 0.4261684715747833
4394 4402 0.5306296944618225
4396 4379 0.4258970618247986
4397 4407 0.259969025850296
4399 4400 0.31180697679519653
4400 4387 0.5410691499710083
4402 4404 0.40610170364379883
4403 4405 0.3141811788082123
4404 4396 0.3049987554550171
4406 4425 0.3765966296195984
4410 4406 0.5150455832481384
4411 4421 0.42825037240982056
4414 4408 0.2635919451713562
4417 4410 0.4065748453140259
4418 4413 0.5902482271194458
4420 4426 0.28755757212638855
4421 4427 0.3386062979698181
4422 4417 0.37403637170791626
4423 4429 0.31532394886016846
4425 4440 0.25937196612358093
4426 4428 0.3358639180660248
4427 4411 0.4850056767463684
4428 4412 0.43956485390663147
4429 4414 0.7417590022087097
4430 4369 0.524239182472229
4431 4442 0.36567509174346924
4434 4415 0.36159172654151917
4435 4433 0.28805986046791077
4436 4441 0.2957375943660736
4437 4431 0.36556944251060486
4438 4436 0.36303427815437317
4439 4446 0.36167827248573303
4440 4443 0.5361258387565613
4444 4439 0.36461055278778076
4445 4434 0.3607296049594879
4446 4438 0.3475245237350464
4447 4435 0.262406587600708
4450 4451 0.35994473099708557
4451 4449 0.35822629928588867
4452 4454 0.42838436365127563
4453 4452 0.4433974623680115
4455 4474 0.4680562913417816
4457 4456 0.26364874839782715
4458 4453 0.37683409452438354
4461 4445 0.3291815221309662
4462 4459 0.5631935000419617
4467 4450 0.2864542603492737
4468 4491 0.3665500581264496
4469 4477 0.3808552622795105
4470 4462 0.3168797791004181
4472 4458 0.32203570008277893
4476 4475 0.49180173873901367
4477 4469 0.4566054940223694
4478 4473 0.5130058526992798
4479 4485 0.3286636173725128
4480 4471 0.3470171391963959
4481 4472 0.4155093729496002
4482 4478 0.3307899236679077
4484 4466 0.411941796541214
4485 4480 0.37594854831695557
4487 4468 0.5369096994400024
4491 4481 0.4652649760246277
4492 4482 0.4554234445095062
4493 4493 0.2891305088996887
4494 4499 0.28123217821121216
4496 4533 0.3605136275291443
4498 4470 0.366301953792572
4502 4488 0.4006568491458893
4503 4494 0.4105432331562042
4505 4484 0.3002515733242035
4506 4496 0.3998415172100067
4507 4489 0.5194387435913086
4508 4511 0.41936933994293213
4509 4490 0.33389440178871155
4510 4497 0.32223445177078247
4511 4479 0.39267969131469727
4513 4527 0.42158886790275574
4515 4498 0.3144737780094147
4516 4521 0.3755461573600769
4517 4517 0.5179542303085327
4518 4510 0.3432193398475647
4519 4502 0.39343613386154175
4520 4504 0.28748026490211487
4521 4506 0.35715585947036743
4522 4507 0.25446200370788574
4523 4509 0.3646742105484009
4525 4536 0.2665005028247833
4526 4503 0.39516061544418335
4527 4513 0.32971152663230896
4528 4514 0.3675340414047241
4529 4515 0.34098777174949646
4532 4522 0.3617600202560425
4533 4526 0.359131395816803
4534 4520 0.3420267105102539
4535 4529 0.4422660768032074
4536 4530 0.40065303444862366
4538 4523 0.29665055871009827
4539 4524 0.42245376110076904
4540 4532 0.4688032269477844
4543 4571 0.2907203435897827
4544 4505 0.5899392366409302
4545 4519 0.2965238392353058
4546 4557 0.4199981093406677
4549 4542 0.2758789360523224
4550 4543 0.32211431860923767
4551 4544 0.3565636873245239
4552 4531 0.4600001871585846
4553 4546 0.2859943211078644
4554 4547 0.4220631420612335
4555 4549 0.2987360954284668
4556 4550 0.2501586079597473
4557 4553 0.26506713032722473
4558 4541 0.3517199754714966
4559 4563 0.4004448354244232
4560 4567 0.38376474380493164
4561 4539 0.30012303590774536
4562 4560 0.35300564765930176
4563 4554 0.2891553044319153
4564 4555 0.29159611463546753
4565 4562 0.32148826122283936
4566 4566 0.47494402527809143
4567 4558 0.28940415382385254
4569 4556 0.32526451349258423
4570 4570 0.3946243226528168
4572 4569 0.5381379723548889
4573 4584 0.3303762972354889
4574 4578 0.36049023270606995
4575 4580 0.5739664435386658
4576 4581 0.5266856551170349
4578 4568 0.3037757873535156
4579 4574 0.3009200692176819
4580 4579 0.3563281297683716
4581 4583 0.3687136173248291
4583 4601 0.29374581575393677
4584 4587 0.49536553025245667
4586 4590 0.29855266213417053
4587 4597 0.3425852656364441
4588 4576 0.3104444742202759
4589 4577 0.3385413885116577
4590 4598 0.28164711594581604
4591 4594 0.32591161131858826
4595 4591 0.3304475247859955
4597 4595 0.3123242259025574
4598 4593 0.4001474380493164
4600 4603 0.2965390980243683
4601 4615 0.29234597086906433
4602 4618 0.35887324810028076
4604 4600 0.3396596908569336
4605 4602 0.32265758514404297
4606 4611 0.3168761432170868
4607 4612 0.549339234828949
4608 4586 0.4348715543746948
4610 4606 0.3540494740009308
4611 4607 0.33567339181900024
4612 4608 0.3624023199081421
4613 4609 0.3503674566745758
4614 4610 0.42240622639656067
4615 4613 0.5623401999473572
4620 4635 0.4070679843425751
4621 4630 0.3459600806236267
4622 4605 0.3039395213127136
4623 4620 0.25809013843536377
4624 4621 0.3632289171218872
4625 4628 0.3630654513835907
4626 4629 0.3437005281448364
4629 4639 0.2917938828468323
4632 4626 0.4089840054512024
4633 4627 0.425059974193573
4635 4638 0.32308435440063477
4637 4634 0.2832544147968292
4638 4642 0.33654236793518066
4640 4640 0.3188450038433075
4641 4643 0.25159892439842224
4643 4646 0.33822256326675415
4644 4647 0.3037242293357849
4645 4641 0.2764691710472107
4648 4645 0.3667374849319458
4650 4649 0.3513026237487793
4652 4604 0.2553325295448303
4654 4650 0.3487705886363983
4656 4655 0.3155902028083801
4657 4666 0.4681161046028137
4658 4654 0.4525814354419708
4661 4658 0.38748279213905334
4662 4651 0.3479825258255005
4663 4661 0.43515366315841675
4664 4662 0.3544034957885742
4668 4657 0.3283957242965698
4669 4660 0.361033171415329
4670 4667 0.29975032806396484
4672 4669 0.4407780170440674
4673 4670 0.9157981872558594
4674 4671 0.37624087929725647
4677 4673 0.3128948509693146
4678 4676 0.40689873695373535
4679 4677 0.3079087436199188
4682 4678 0.9146251082420349
4683 4680 0.5703058242797852
4684 4679 0.3408915400505066
4685 4681 0.9670764207839966
4686 4683 0.3926343619823456
4687 4682 0.32148826122283936
4688 4686 0.33436790108680725
4689 4685 0.3523968458175659
4693 4688 0.6759566068649292
4694 4689 0.47150689363479614
4695 4690 0.670569658279419
