2013
25 31 0.2823977768421173
47 49 0.8616083860397339
50 55 0.25897303223609924
55 61 0.5658379793167114
62 65 0.2919336259365082
65 75 0.2591284513473511
67 80 0.3072235584259033
70 77 0.25739598274230957
71 81 0.27800607681274414
81 101 0.28311964869499207
129 152 0.36039331555366516
145 163 0.3163622319698334
148 164 0.3701719045639038
178 191 0.31618666648864746
185 201 0.34625449776649475
199 211 0.3652150630950928
210 220 0.35261669754981995
213 224 0.25634995102882385
214 217 0.35316526889801025
225 222 0.2853012979030609
227 229 0.2993341088294983
229 230 0.2878580093383789
239 242 0.4058535099029541
265 260 0.26899290084838867
278 259 0.31787678599357605
295 289 0.2772102653980255
296 274 0.25671276450157166
298 275 0.29009994864463806
299 281 0.402566522359848
311 304 0.25975391268730164
318 305 0.32383641600608826
319 292 0.27333134412765503
336 309 0.27356475591659546
352 325 0.3064843416213989
360 335 0.2902349829673767
366 349 0.2502731382846832
368 328 0.2804570496082306
381 347 0.2541552186012268
395 359 0.48661985993385315
403 375 0.35170620679855347
404 376 0.3176867663860321
405 367 0.2841770648956299
411 389 0.3028723895549774
415 386 0.4182996451854706
416 371 0.2828967273235321
417 364 0.26943039894104004
418 372 0.28630951046943665
441 361 0.575163722038269
448 404 0.7085227966308594
452 414 0.5157809257507324
466 402 0.3342403769493103
472 406 0.2769674062728882
473 407 0.27094367146492004
474 410 0.2945629954338074
475 400 0.7684072852134705
477 420 0.4139147102832794
479 426 0.3649427890777588
483 411 0.3905724883079529
489 423 0.3513307571411133
490 424 0.3881588578224182
493 441 0.32520994544029236
495 430 0.5121264457702637
506 443 0.3343494236469269
515 460 0.28213047981262207
516 450 0.41025087237358093
517 445 0.3366023898124695
528 452 0.37633273005485535
529 469 0.5649164915084839
531 471 0.5710257887840271
554 472 0.920036792755127
568 474 0.3194591999053955
569 494 0.26300764083862305
580 506 0.310514360666275
581 518 0.30457815527915955
600 500 0.4576517641544342
601 511 0.3148539662361145
602 502 0.5398321151733398
603 522 0.281904011964798
610 533 0.47804680466651917
612 498 0.28263381123542786
613 523 0.3069412410259247
614 539 0.34463825821876526
621 538 0.31923627853393555
622 550 0.3515818119049072
623 577 0.4197446405887604
628 557 0.37443894147872925
630 537 0.29256072640419006
631 582 0.41523483395576477
639 562 0.3850199580192566
641 569 0.3409334719181061
650 573 0.25138017535209656
655 595 0.34622445702552795
657 600 0.4173696041107178
661 588 0.37576109170913696
662 589 0.34167298674583435
663 575 0.2715342342853546
665 591 0.2577020227909088
667 585 0.3505980968475342
672 604 0.4355015754699707
674 590 0.33060669898986816
676 580 0.40857505798339844
685 651 0.25027528405189514
686 609 0.29255151748657227
700 642 0.45581015944480896
710 649 0.9039590358734131
711 672 0.25482046604156494
717 647 0.36684417724609375
718 648 0.38608551025390625
726 663 0.27912479639053345
733 670 0.2750222980976105
753 680 0.37542545795440674
754 689 0.3120657801628113
755 669 0.4790371358394623
757 695 0.3052554130554199
763 654 0.5349225997924805
765 703 0.409603089094162
766 691 0.2663523852825165
768 705 0.5631580948829651
769 706 0.5888150930404663
775 698 0.4346555471420288
776 700 0.43209558725357056
777 701 0.4318307042121887
779 675 0.3238614499568939
782 740 0.2797694504261017
785 688 0.4162280261516571
786 722 0.4161764085292816
795 708 0.5856649279594421
802 736 0.28315097093582153
804 714 0.40564146637916565
805 715 0.319489061832428
806 723 0.5058627128601074
808 776 0.28762587904930115
818 735 0.2941315472126007
819 752 0.38968774676322937
820 747 0.48030516505241394
821 743 0.4622213542461395
822 745 0.3688838481903076
823 746 0.30088508129119873
824 751 0.3637488782405853
834 737 0.26490944623947144
835 749 0.3039928674697876
838 767 0.348896324634552
845 748 0.3763219714164734
846 756 0.47798752784729004
848 716 0.4121335446834564
850 739 0.2694586515426636
857 768 0.3510865867137909
858 777 0.31419917941093445
859 778 0.3345736563205719
867 782 0.3088094890117645
874 769 0.35097041726112366
875 770 0.29829028248786926
876 796 0.48173046112060547
877 774 0.3603987991809845
878 786 0.37559056282043457
881 780 0.30061575770378113
885 795 0.5667344331741333
886 763 0.3344763517379761
887 757 0.42843297123908997
888 785 0.25982627272605896
894 800 0.4037237763404846
896 798 0.48220160603523254
915 821 0.3108201026916504
919 805 0.43716898560523987
921 808 0.34328481554985046
927 816 0.4014684855937958
933 802 0.32985934615135193
935 783 0.3793386220932007
936 803 0.490508496761322
937 806 0.2673017978668213
939 811 0.40621480345726013
945 833 0.32671916484832764
946 825 0.2676668167114258
949 834 0.3903874158859253
951 814 0.32234787940979004
953 838 0.5400927066802979
956 824 0.38906872272491455
960 832 0.3446435332298279
961 835 0.28341925144195557
963 859 0.3276408910751343
964 784 0.270692378282547
965 836 0.43875405192375183
966 837 0.2527911365032196
967 848 0.37193697690963745
968 809 0.46062663197517395
970 864 0.30405285954475403
975 797 0.2882302403450012
980 877 0.26568490266799927
982 861 0.4700656831264496
983 863 0.3002825081348419
992 870 0.3089008033275604
993 878 0.45100706815719604
994 860 0.6009858250617981
995 862 0.2765938937664032
1005 886 0.4164261221885681
1008 866 0.2557829022407532
1013 857 0.42928653955459595
1019 915 0.40731027722358704
1026 896 0.3494124710559845
1046 925 0.3945144712924957
1057 893 0.25219130516052246
1058 938 0.34693342447280884
1059 946 0.35456138849258423
1060 952 0.5992265939712524
1062 929 0.3498022258281708
1069 970 0.25133463740348816
1070 972 0.3788747489452362
1071 939 0.42333295941352844
1072 940 0.27895766496658325
1078 978 0.2518634796142578
1079 973 0.4544195234775543
1080 897 0.2723449468612671
1094 992 0.2600354850292206
1095 993 0.38376474380493164
1097 956 0.5878932476043701
1105 979 0.2890951931476593
1107 957 0.3760600686073303
1112 989 0.3072420060634613
1113 1006 0.25256800651550293
1119 1024 0.26707398891448975
1121 1021 0.33211183547973633
1122 1048 0.3333010673522949
1123 1018 0.3406205177307129
1125 1008 0.5100476145744324
1132 1034 0.3713369369506836
1133 1035 0.3469248414039612
1134 1007 0.38785988092422485
1135 1012 0.32323136925697327
1142 1044 0.44300439953804016
1143 1045 0.32884013652801514
1144 1046 0.2556321918964386
1145 1047 0.2593311667442322
1149 1108 0.25337982177734375
1150 1068 0.5347945690155029
1151 1069 0.389751672744751
1152 1071 0.5337088108062744
1153 1055 0.4772277772426605
1154 1056 0.41885530948638916
1155 1057 0.2638142704963684
1156 1058 0.34424012899398804
1157 1030 0.2629690170288086
1159 1001 0.25818514823913574
1165 1070 0.39802372455596924
1166 1073 0.54742830991745
1167 1059 0.4317796230316162
1168 1037 0.30447912216186523
1173 1081 0.3193906843662262
1174 1082 0.2834065556526184
1178 1100 0.3061145544052124
1180 1107 0.32571181654930115
1181 1101 0.33436504006385803
1183 1074 0.26124799251556396
1184 1089 0.27562832832336426
1187 1061 0.25790706276893616
1193 1092 0.3572107255458832
1197 1098 0.3524092733860016
1202 1158 0.35240018367767334
1203 1115 0.2726344168186188
1204 1083 0.2852770686149597
1208 1113 0.4933020770549774
1209 1114 0.25835880637168884
1217 1121 0.3464649021625519
1218 1131 0.4857240617275238
1224 1198 0.3692608177661896
1225 1128 0.34520041942596436
1226 1118 0.3024876117706299
1227 1143 0.37731993198394775
1228 1144 0.446679949760437
1231 1123 0.3063090443611145
1233 1145 0.337928831577301
1234 1132 0.28337574005126953
1235 1171 0.3745046555995941
1236 1174 0.30367961525917053
1238 1137 0.39982205629348755
1239 1139 0.3578029274940491
1240 1153 0.6312336325645447
1241 1104 0.4105952978134155
1248 1184 0.29957315325737
1249 1173 0.3134177625179291
1250 1179 0.31611764430999756
1252 1163 0.3505134880542755
1254 1165 0.3750396966934204
1255 1148 0.26786601543426514
1257 1150 0.3848910927772522
1259 1185 0.3286774158477783
1260 1186 0.4808262586593628
1261 1200 0.5175498723983765
1262 1201 0.3378685712814331
1263 1187 0.37540900707244873
1264 1202 0.34456267952919006
1265 1176 0.4101734161376953
1268 1177 0.29256516695022583
1269 1178 0.2815866768360138
1271 1154 0.2819992005825043
1272 1168 0.4306540787220001
1273 1235 0.3820076584815979
1275 1203 0.2512105107307434
1276 1214 0.2566980719566345
1277 1162 0.34636878967285156
1278 1189 0.4509739577770233
1285 1199 0.41281524300575256
1286 1261 0.2784404456615448
1287 1236 0.3066410720348358
1288 1205 0.4584301710128784
1290 1149 0.2538146674633026
1291 1195 0.5532497763633728
1293 1242 0.34975117444992065
1294 1192 0.39629656076431274
1298 1260 0.41678091883659363
1299 1204 0.3463502824306488
1301 1239 0.6053685545921326
1303 1225 0.323341429233551
1306 1218 0.2807653546333313
1310 1263 0.3018576502799988
1311 1279 0.3248271346092224
1312 1230 0.3449937403202057
1314 1190 0.39606231451034546
1315 1191 0.27681899070739746
1317 1217 0.3338278532028198
1318 1219 0.29978805780410767
1323 1228 0.25582242012023926
1328 1216 0.2528511583805084
1329 1299 0.29625022411346436
1335 1234 0.2693697512149811
1336 1297 0.31228193640708923
1337 1298 0.49754011631011963
1338 1313 0.2880076766014099
1345 1368 0.34610462188720703
1346 1312 0.27005136013031006
1347 1320 0.2927583158016205
1348 1321 0.4825457036495209
1349 1300 0.4035058915615082
1350 1314 0.4638822078704834
1351 1355 0.5622860193252563
1352 1324 0.2852814197540283
1353 1316 0.5807371735572815
1354 1269 0.3892383277416229
1357 1272 0.6681375503540039
1359 1255 0.3034937381744385
1360 1292 0.2529104948043823
1363 1344 0.31996625661849976
1364 1322 0.2979598939418793
1365 1336 0.31516069173812866
1370 1244 0.34001585841178894
1377 1353 0.2774641811847687
1378 1315 0.34210923314094543
1385 1365 0.30870527029037476
1388 1330 0.3526812791824341
1391 1318 0.3288416862487793
1392 1293 0.4495350420475006
1395 1351 0.35978204011917114
1397 1352 0.3515968918800354
1398 1370 0.5234073996543884
1399 1356 0.25929877161979675
1404 1284 0.32774651050567627
1405 1354 0.42354699969291687
1409 1327 0.31050577759742737
1413 1413 0.2898927927017212
1414 1394 0.36123085021972656
1416 1373 0.3186337351799011
1420 1437 0.2525961697101593
1421 1393 0.44116324186325073
1422 1402 0.27845850586891174
1423 1404 0.3840060234069824
1424 1395 0.4244960844516754
1426 1357 0.29065850377082825
1433 1414 0.33479389548301697
1434 1415 0.4867052435874939
1435 1378 0.26646721363067627
1443 1419 0.39781954884529114
1448 1438 0.48004233837127686
1449 1451 0.5203698873519897
1450 1466 0.33863019943237305
1451 1452 0.30928874015808105
1452 1440 0.34922289848327637
1453 1428 0.3908720910549164
1455 1454 0.27408596873283386
1460 1425 0.28893396258354187
1461 1410 0.30689966678619385
1468 1490 0.3337673544883728
1469 1467 0.3558734059333801
1470 1397 0.4428020715713501
1471 1398 0.2706402540206909
1480 1499 0.27567535638809204
1481 1465 0.3939756751060486
1482 1489 0.25343057513237
1483 1468 0.3331606090068817
1485 1418 0.32212507724761963
1486 1540 0.27641379833221436
1487 1456 0.3571769893169403
1488 1442 0.29734790325164795
1495 1426 0.29890936613082886
1496 1500 0.46210235357284546
1497 1480 0.5850698351860046
1500 1547 0.27259907126426697
1501 1504 0.2542041838169098
1503 1446 0.30194979906082153
1506 1525 0.26713335514068604
1508 1555 0.36752036213874817
1509 1501 0.3930509686470032
1510 1510 0.32160234451293945
1511 1502 0.3159606158733368
1513 1430 0.39481595158576965
1514 1494 0.2880472242832184
1515 1483 0.31302496790885925
1516 1458 0.28098607063293457
1517 1473 0.27681082487106323
1528 1511 0.3141047954559326
1529 1493 0.2660601735115051
1530 1470 0.28026801347732544
1531 1431 0.27964088320732117
1539 1542 0.4467889964580536
1540 1491 0.3961397707462311
1545 1533 0.41142040491104126
1546 1535 0.49147915840148926
1547 1543 0.3407215476036072
1548 1545 0.30538907647132874
1549 1512 0.338390976190567
1556 1507 0.3369971513748169
1559 1522 0.34810733795166016
1561 1587 0.3923629820346832
1562 1536 0.4259580075740814
1571 1573 0.49314355850219727
1572 1556 0.33136963844299316
1574 1530 0.31826990842819214
1577 1596 0.3968033194541931
1578 1572 0.48116984963417053
1579 1576 0.39248237013816833
1581 1567 0.32055696845054626
1586 1575 0.35052186250686646
1588 1568 0.5380434989929199
1589 1579 0.6748661398887634
1593 1552 0.2517174780368805
1596 1615 0.40407121181488037
1597 1586 0.3668651580810547
1603 1613 0.5372620820999146
1604 1614 0.5341660976409912
1611 1611 0.45841795206069946
1612 1638 0.5377721786499023
1613 1595 0.3680240213871002
1614 1617 0.4087469279766083
1615 1605 0.4297756552696228
1618 1569 0.3228253424167633
1619 1589 0.33149510622024536
1622 1639 0.3219865560531616
1623 1666 0.4575898051261902
1624 1652 0.3406737744808197
1625 1642 0.35849493741989136
1626 1616 0.502522349357605
1632 1653 0.33165860176086426
1634 1565 0.6063745021820068
1636 1647 0.9284393191337585
1642 1598 0.3358626365661621
1643 1623 0.4471108317375183
1649 1686 0.3596050441265106
1652 1607 0.28844088315963745
1653 1620 0.3349248170852661
1654 1621 0.3264986574649811
1667 1664 0.3299166262149811
1669 1717 0.33877265453338623
1671 1688 0.2777135372161865
1672 1601 0.32588520646095276
1673 1692 0.3096053898334503
1674 1628 0.3314976394176483
1676 1659 0.3222799599170685
1677 1660 0.27268096804618835
1678 1633 0.3239426910877228
1680 1663 0.26153966784477234
1681 1667 0.35800740122795105
1682 1648 0.5075172781944275
1687 1707 0.42285120487213135
1688 1675 0.33489927649497986
1689 1689 0.36643823981285095
1691 1676 0.31331348419189453
1692 1700 0.28929847478866577
1695 1622 0.28740981221199036
1701 1655 0.3137572109699249
1702 1699 0.3184381127357483
1704 1693 0.2547674775123596
1707 1695 0.44248589873313904
1711 1718 0.27040237188339233
1712 1746 0.45436665415763855
1714 1719 0.3852553963661194
1716 1709 0.37127038836479187
1718 1711 0.2550866901874542
1723 1766 0.34673959016799927
1724 1773 0.3155902028083801
1725 1774 0.38244545459747314
1726 1745 0.4189368188381195
1727 1708 0.27424728870391846
1729 1728 0.267212837934494
1731 1722 0.31304675340652466
1740 1729 0.293416291475296
1744 1734 0.35429537296295166
1750 1768 0.3017382323741913
1751 1747 0.3656601011753082
1753 1736 0.2683083117008209
1755 1737 0.28332412242889404
1756 1738 0.30360376834869385
1763 1775 0.3445869982242584
1764 1759 0.5204358696937561
1765 1727 0.3940737545490265
1766 1769 0.25338584184646606
1767 1761 0.25541141629219055
1770 1735 0.3576146364212036
1771 1753 0.3244782090187073
1772 1754 0.3485684096813202
1776 1724 0.29071977734565735
1780 1726 0.36624258756637573
1781 1788 0.35023316740989685
1782 1789 0.31593769788742065
1783 1778 0.6626467108726501
1784 1779 0.4799741208553314
1786 1733 0.40958160161972046
1791 1819 0.5825143456459045
1792 1798 0.4248788058757782
1793 1799 0.39987048506736755
1794 1776 0.42554140090942383
1799 1835 0.25922656059265137
1800 1821 0.28747284412384033
1801 1787 0.3180274963378906
1802 1790 0.2635054886341095
1803 1782 0.3943801522254944
1804 1742 0.27106955647468567
1810 1901 0.2776033878326416
1811 1877 0.4088151752948761
1821 1866 0.30987951159477234
1822 1858 0.34549716114997864
1823 1786 0.37989541888237
1824 1811 0.38041678071022034
1826 1813 0.2515838146209717
1827 1838 0.33336973190307617
1828 1815 0.4780641198158264
1829 1764 0.37116947770118713
1830 1795 0.2602885663509369
1838 1850 0.4260254502296448
1839 1816 0.344686895608902
1843 1805 0.28577402234077454
1848 1900 0.4866156578063965
1851 1817 0.34963613748550415
1853 1828 0.2786237299442291
1857 2055 0.40249818563461304
1859 1909 0.49040839076042175
1860 1910 0.3023757040500641
1861 1962 0.33465152978897095
1863 1889 0.274957537651062
1868 1878 0.3413323163986206
1869 1879 0.3819887340068817
1870 1868 0.38840252161026
1871 1793 0.33233457803726196
1872 1826 0.5595925450325012
1877 1920 0.4940303862094879
1881 1880 0.41762521862983704
1882 1851 0.25429922342300415
1885 1840 0.4448532164096832
1887 1842 0.477139949798584
1892 1983 0.2660949230194092
1896 1958 0.43069884181022644
1898 1921 0.25060367584228516
1901 1894 0.3895547091960907
1903 1881 0.3496011197566986
1905 1959 0.3803587257862091
1910 1912 0.3435625433921814
1923 1872 0.5019064545631409
1924 1886 0.3692115247249603
1926 1970 0.346561074256897
1929 1971 0.3431538939476013
1932 1914 0.4951416552066803
1933 1882 0.46992942690849304
1934 1883 0.2980673313140869
1936 1887 0.35780566930770874
1937 1981 0.2534469962120056
1939 2001 0.5367581844329834
1941 2026 0.25165340304374695
1945 1888 0.3320535719394684
1951 1972 0.6378344297409058
1954 1934 0.3530484139919281
1958 1986 0.3004535138607025
1962 1916 0.29303374886512756
1963 1917 0.26886698603630066
1965 1855 0.2790944278240204
1966 1941 0.2625875771045685
1967 1995 0.30297696590423584
1970 2002 0.25630179047584534
1971 2090 0.2776971161365509
1972 2072 0.274923175573349
1973 1988 0.3476945757865906
1974 1923 0.361154705286026
1978 1942 0.3004114031791687
1979 1953 0.3066273033618927
1989 2013 0.3766666650772095
1990 1949 0.3622734248638153
2001 2014 0.27523377537727356
2010 2028 0.3759245276451111
2011 2004 0.28279340267181396
2012 1965 0.31884896755218506
2013 1966 0.34832948446273804
2027 2101 0.4407607913017273
2029 2103 0.3017549216747284
2031 2135 0.29728493094444275
2038 1977 0.34388378262519836
2039 2010 0.3048812747001648
2042 1940 0.27220237255096436
2043 2122 0.3865357041358948
2044 2124 0.3078884780406952
2045 2043 0.2599286139011383
2047 2076 0.3742283284664154
2048 2063 0.4428599178791046
2049 2107 0.47241881489753723
2050 1990 0.4796341359615326
2051 1974 0.30638790130615234
2053 1992 0.4079626202583313
2054 2054 0.2806657552719116
2055 1994 0.387501984834671
2058 2164 0.3229010999202728
2060 2077 0.32459551095962524
2061 2045 0.3587685525417328
2062 2006 0.3359568119049072
2063 2047 0.2688295245170593
2067 2141 0.37397822737693787
2068 2137 0.26596301794052124
2072 2085 0.2712743580341339
2075 2052 0.4069480299949646
2077 2162 0.575401782989502
2080 2093 0.3353150486946106
2081 2142 0.5120429396629333
2088 2163 0.33107051253318787
2089 2173 0.3408876359462738
2090 2165 0.3110039532184601
2091 2149 0.3740955889225006
2092 2150 0.3928441107273102
2093 2151 0.3545414209365845
2094 2152 0.35089242458343506
2095 2174 0.6859351396560669
2096 2095 0.28294530510902405
2098 2078 0.3476935923099518
2099 2079 0.30733081698417664
2100 2034 0.276608407497406
2101 2064 0.33080506324768066
2102 2050 0.2615858018398285
2104 2011 0.26020094752311707
2105 2068 0.2815227806568146
2114 2189 0.3252614140510559
2120 2140 0.2681868076324463
2123 2245 0.2727532684803009
2124 2188 0.3810667097568512
2125 2166 0.33203965425491333
2127 2138 0.5834589600563049
2129 2195 0.28331413865089417
2130 2110 0.3151318430900574
2133 2201 0.7319841384887695
2136 2114 0.7142139673233032
2138 2118 0.3179149925708771
2142 2232 0.4305403232574463
2143 2233 0.43759235739707947
2144 2194 0.38827621936798096
2145 2097 0.26766735315322876
2147 2332 0.2619190514087677
2148 2216 0.44095882773399353
2149 2287 0.37841796875
2150 2228 0.32415714859962463
2152 2229 0.42558199167251587
2153 2218 0.4401273727416992
2154 2219 0.3643880784511566
2155 2202 0.40646126866340637
2156 2129 0.3988216519355774
2159 2215 0.2954111695289612
2160 2236 0.29759639501571655
2162 2237 0.3210330009460449
2163 2203 0.3404243588447571
2165 2239 0.3652188777923584
2166 2171 0.3353588581085205
2167 2156 0.2649104595184326
2169 2116 0.2883792519569397
2174 2350 0.3328934907913208
2175 2283 0.557974100112915
2176 2246 0.34238308668136597
2177 2307 0.5863646268844604
2178 2288 0.34397760033607483
2182 2178 0.4012617766857147
2183 2370 0.2796976864337921
2184 2387 0.5989637970924377
2186 2248 0.36644312739372253
2187 2238 0.2899359464645386
2190 2183 0.49564528465270996
2192 2160 0.2935503423213959
2195 2336 0.36674413084983826
2198 2247 0.4762575626373291
2200 2290 0.3667721152305603
2201 2249 0.2959311306476593
2202 2250 0.4999120235443115
2204 2177 0.31953081488609314
2212 2425 0.2634788453578949
2214 2284 0.3844490349292755
2215 2352 0.4025292694568634
2217 2346 0.42107534408569336
2220 2206 0.3813284635543823
2221 2256 0.25606846809387207
2225 2406 0.2527923285961151
2229 2341 0.284188449382782
2230 2322 0.2827472984790802
2231 2291 0.3348178267478943
2238 2223 0.2687787711620331
2239 2457 0.3150194585323334
2240 2485 0.2563707232475281
2243 2323 0.26586589217185974
2245 2312 0.2959842085838318
2246 2342 0.3935021758079529
2247 2278 0.2650226652622223
2248 2324 0.39902061223983765
2249 2293 0.3359840512275696
2250 2225 0.27382367849349976
2252 2275 0.33654269576072693
2259 2388 0.41680359840393066
2263 2391 0.6465752720832825
2264 2355 0.3755475878715515
2268 2271 0.41314923763275146
2270 2375 0.26095789670944214
2272 2354 0.3249448835849762
2273 2380 0.27768996357917786
2275 2356 0.3610255718231201
2276 2357 0.3944854736328125
2280 2268 0.3081822395324707
2284 2272 0.30630025267601013
2291 2392 0.3247651755809784
2293 2393 0.3159602880477905
2296 2381 0.3795097768306732
2298 2315 0.2822176516056061
2299 2294 0.28910017013549805
2300 2296 0.31629282236099243
2301 2300 0.3589324653148651
2303 2262 0.25598251819610596
2307 2427 0.3670530915260315
2308 2428 0.4934065341949463
2309 2394 0.3935340642929077
2311 2358 0.47756606340408325
2312 2360 0.31807783246040344
2314 2273 0.3469618856906891
2315 2565 0.28984305262565613
2317 2535 0.5949921607971191
2318 2446 0.36411818861961365
2319 2431 0.32318514585494995
2321 2313 0.48843592405319214
2323 2344 0.25002121925354004
2326 2319 0.2894069254398346
2327 2564 0.30313563346862793
2328 2576 0.2675428092479706
2329 2558 0.3459030091762543
2333 2412 0.2557738721370697
2335 2462 0.3558526933193207
2337 2433 0.3542000949382782
2338 2396 0.3637128174304962
2340 2325 0.30222606658935547
2341 2274 0.3907625079154968
2345 2477 0.42786747217178345
2346 2445 0.38097697496414185
2349 2349 0.4148584306240082
2350 2330 0.35223689675331116
2351 2487 0.2840583920478821
2353 2488 0.3679489195346832
2354 2478 0.40878748893737793
2355 2490 0.4810633957386017
2357 2448 0.36669307947158813
2358 2434 0.2575010657310486
2362 2594 0.31084561347961426
2363 2613 0.2567742168903351
2365 2499 0.2664148807525635
2367 2500 0.31896543502807617
2370 2491 0.3438113331794739
2372 2383 0.26227450370788574
2374 2399 0.2687029242515564
2375 2367 0.32891854643821716
2377 2525 0.31131643056869507
2378 2526 0.5263301134109497
2381 2506 0.26228851079940796
2382 2453 0.254207581281662
2383 2329 0.45883870124816895
2384 2368 0.3576030433177948
2388 2481 0.2691851258277893
2389 2413 0.3390454351902008
2391 2452 0.27528393268585205
2392 2664 0.3058822453022003
2393 2566 0.4997175633907318
2394 2540 0.43892061710357666
2395 2541 0.33446231484413147
2396 2542 0.3073941171169281
2397 2512 0.6778668165206909
2399 2365 0.36089202761650085
2400 2415 0.36413657665252686
2401 2416 0.3925415277481079
2404 2538 0.5218856930732727
2405 2513 0.39161160588264465
2408 2414 0.3440038561820984
2409 2417 0.3925808370113373
2410 2437 0.4427590072154999
2415 2581 0.3680678904056549
2419 2436 0.2906914949417114
2420 2438 0.36874035000801086
2422 2602 0.38008061051368713
2423 2527 0.28010982275009155
2427 2450 0.42054519057273865
2429 2495 0.4482883810997009
2430 2454 0.6075101494789124
2432 2567 0.3886389136314392
2434 2456 0.4172605574131012
2436 2471 0.31677311658859253
2441 2580 0.6118884682655334
2442 2468 0.27063560485839844
2443 2483 0.257266640663147
2444 2645 0.35595011711120605
2447 2605 0.34064745903015137
2450 2519 0.3096930980682373
2451 2520 0.3582225441932678
2454 2615 0.39786356687545776
2456 2604 0.32204553484916687
2458 2570 0.2604174315929413
2459 2507 0.4010460078716278
2460 2496 0.3684875965118408
2461 2521 0.3740934431552887
2462 2509 0.2937760651111603
2463 2522 0.3909488916397095
2467 2646 0.525704562664032
2468 2670 0.8408839106559753
2469 2631 0.3993030786514282
2470 2633 0.39239704608917236
2471 2617 0.2780471742153168
2472 2651 0.27038252353668213
2474 2517 0.25760865211486816
2475 2551 0.2886687219142914
2476 2553 0.28169843554496765
2477 2691 0.7041947245597839
2478 2616 0.35062047839164734
2479 2668 0.38194501399993896
2480 2669 0.5074920654296875
2482 2532 0.35552704334259033
2484 2555 0.4679357707500458
2489 2702 0.37734583020210266
2490 2647 0.2807859778404236
2491 2607 0.2538306415081024
2492 2548 0.3318977952003479
2493 2549 0.37832775712013245
2494 2514 0.34427985548973083
2495 2588 0.29280605912208557
2496 2552 0.30058106780052185
2499 2589 0.28880199790000916
2502 2713 0.25917142629623413
2505 2636 0.2973388135433197
2506 2587 0.34788331389427185
2509 2716 0.2951197326183319
2510 2686 0.2940818965435028
2518 2673 0.3416071832180023
2519 2656 0.2760162949562073
2520 2585 0.35206764936447144
2522 2598 0.4744759202003479
2523 2611 0.3739621937274933
2524 2747 0.27668043971061707
2525 2714 0.35674431920051575
2526 2722 0.38397160172462463
2529 2653 0.2564917802810669
2530 2655 0.3576238453388214
2531 2586 0.2676655650138855
2533 2623 0.4493764638900757
2534 2624 0.2990924119949341
2535 2625 0.2798764705657959
2536 2626 0.29158246517181396
2539 2776 0.3716788589954376
2540 2756 0.4053429365158081
2541 2757 0.3897550106048584
2542 2735 0.257459819316864
2543 2758 0.7193098664283752
2544 2736 0.3456909656524658
2546 2654 0.2875839173793793
2549 2640 0.30652761459350586
2550 2679 0.2506656050682068
2551 2642 0.31650224328041077
2552 2643 0.34168440103530884
2553 2804 0.28495052456855774
2554 2793 0.3017643988132477
2555 2705 0.31951984763145447
2557 2662 0.2886519432067871
2560 2779 0.2953314781188965
2561 2759 0.258892297744751
2562 2694 0.3277280926704407
2563 2696 0.2607887387275696
2564 2719 0.4014650285243988
2565 2720 0.32843050360679626
2566 2658 0.286598265171051
2568 2707 0.2873325049877167
2571 2628 0.41760051250457764
2576 2816 0.3731776773929596
2579 2780 0.4714493453502655
2580 2748 0.42031586170196533
2582 2698 0.38317999243736267
2592 2806 0.36843031644821167
2593 2750 0.41303694248199463
2595 2751 0.29869306087493896
2596 2676 0.4081941843032837
2599 2743 0.3091772496700287
2600 2805 0.29888826608657837
2602 2778 0.25855302810668945
2608 2724 0.2984601557254791
2609 2726 0.27046969532966614
2614 2782 0.3149131238460541
2615 2794 0.40703341364860535
2620 2957 0.29603812098503113
2623 2784 0.2820398211479187
2626 2753 0.2915727496147156
2631 2859 0.3350449502468109
2632 2873 0.339962363243103
2635 2819 0.41911622881889343
2637 2821 0.2907355725765228
2638 2822 0.25932151079177856
2639 2785 0.28872132301330566
2642 2755 0.3095920979976654
2644 2963 0.31028997898101807
2646 2717 0.26888978481292725
2647 2718 0.31138232350349426
2648 2729 0.45892930030822754
2649 2981 0.3054240345954895
2651 2958 0.2786301076412201
2654 2846 0.35157644748687744
2655 2837 0.3067568838596344
2656 2796 0.35622382164001465
2658 2763 0.2745581865310669
2663 2768 0.4649048447608948
2664 2742 0.6824417114257812
2665 2771 0.2858680486679077
2666 2772 0.36813846230506897
2667 2745 0.3834753632545471
2671 2881 0.5297736525535583
2672 2872 0.3253256380558014
2673 2893 0.2648700475692749
2675 2824 0.2529056668281555
2676 2786 0.35506927967071533
2677 2789 0.3886174261569977
2681 2802 0.25466182827949524
2685 2797 0.45982301235198975
2687 2800 0.2787223160266876
2689 2844 0.33060765266418457
2691 2762 0.39460626244544983
2695 2923 0.4761335849761963
2697 2891 0.2510840594768524
2701 3020 0.30022409558296204
2702 3008 0.35731974244117737
2703 2965 0.29169929027557373
2705 2915 0.30696406960487366
2706 2895 0.44866690039634705
2707 2847 0.6953980922698975
2708 2838 0.32912689447402954
2709 2828 0.3093975782394409
2712 3049 0.25088801980018616
2714 2894 0.46602392196655273
2715 2906 0.4189707636833191
2717 2848 0.38297247886657715
2721 2840 0.3201124668121338
2725 2874 0.26756781339645386
2726 2853 0.6904716491699219
2728 3078 0.29366207122802734
2733 3011 0.2509002089500427
2735 2907 0.8698306679725647
2740 2864 0.37745344638824463
2741 2865 0.3876280188560486
2742 2860 0.28454262018203735
2746 3165 0.30302464962005615
2747 3116 0.26715755462646484
2754 3021 0.27366024255752563
2755 2959 0.2538166046142578
2756 2983 0.28324684500694275
2757 2949 0.28704357147216797
2758 2969 0.46780282258987427
2759 2896 0.5280566215515137
2760 2854 0.5264425873756409
2762 2875 0.31006869673728943
2763 2868 0.4459916353225708
2764 2876 0.2503533363342285
2765 2869 0.27724120020866394
2768 2950 0.5100155472755432
2769 2941 0.5881242752075195
2770 2900 0.3740534782409668
2772 2882 0.36266714334487915
2773 2888 0.6748436093330383
2775 3102 0.26495012640953064
2778 2886 0.38154417276382446
2781 2867 0.5738443732261658
2782 3145 0.2744351625442505
2783 3133 0.28391918540000916
2785 3128 0.37048766016960144
2788 3022 0.379465252161026
2792 3015 0.4616631865501404
2795 2877 0.3240801990032196
2800 3146 0.3980894088745117
2802 2970 0.4575483500957489
2805 2889 0.5071727633476257
2809 2901 0.3520367443561554
2810 3167 0.3917737305164337
2811 3105 0.28779956698417664
2812 3106 0.27987751364707947
2813 2972 0.3730382025241852
2815 2953 0.5076305270195007
2817 2902 0.4384913444519043
2823 3055 0.5380527377128601
2824 3170 0.2890408933162689
2826 2930 0.4962005317211151
2827 2919 0.36421194672584534
2828 2951 0.2609170973300934
2829 2954 0.4100451171398163
2832 3178 0.4053904712200165
2833 3194 0.31675466895103455
2836 2943 0.3824552893638611
2837 2926 0.3579927086830139
2838 2927 0.2761060893535614
2839 2961 0.29847267270088196
2840 3209 0.2957049012184143
2841 3136 0.3914547860622406
2844 3095 0.48378750681877136
2845 3087 0.423831045627594
2846 2925 0.2766643464565277
2847 2974 0.2982257008552551
2851 3228 0.3857572078704834
2855 3129 0.3949078321456909
2856 2971 0.43602144718170166
2857 2993 0.30924418568611145
2858 2996 0.46400612592697144
2860 2977 0.49892565608024597
2861 2955 0.3959558308124542
2862 3229 0.45905840396881104
2863 3083 0.2567685842514038
2864 3121 0.3902076482772827
2866 3000 0.3781099021434784
2868 2973 0.36276641488075256
2869 2989 0.3827417194843292
2870 2992 0.30946311354637146
2871 3002 0.3177252411842346
2872 2997 0.6326173543930054
2874 2962 0.4060877561569214
2875 3251 0.34883978962898254
2876 3211 0.45156827569007874
2877 3212 0.3556976318359375
2878 3213 0.30756303668022156
2879 3149 0.3389267921447754
2882 3086 0.37291157245635986
2885 2990 0.4486159682273865
2886 2991 0.3562720715999603
2891 3230 0.6616634726524353
2892 3123 0.29366233944892883
2894 3003 0.7590850591659546
2896 2976 0.2743344008922577
2897 3240 0.36552515625953674
2898 3266 0.27655935287475586
2900 3242 0.4170982241630554
2902 2960 0.30809497833251953
2903 3030 0.30470308661460876
2904 3031 0.47201573848724365
2905 3277 0.5697442293167114
2908 3259 0.2964879274368286
2909 3254 0.3394326865673065
2911 3196 0.2657804489135742
2912 3108 0.3421291410923004
2913 3122 0.38521936535835266
2914 3042 0.2501867413520813
2918 3032 0.43312907218933105
2924 3137 0.44930317997932434
2925 3151 0.5252495408058167
2927 3056 0.35836195945739746
2928 3046 0.29385286569595337
2930 3033 0.5573274493217468
2931 3034 0.5113353729248047
2933 3267 0.4233483076095581
2937 3041 0.33150964975357056
2938 3001 0.2599678039550781
2939 3044 0.27757054567337036
2944 3293 0.3259908854961395
2946 3243 0.2852093279361725
2947 3138 0.34704065322875977
2948 3152 0.34908804297447205
2949 3182 0.8854880332946777
2951 3057 0.3506689667701721
2952 3058 0.2873925268650055
2957 3304 0.32440826296806335
2958 3181 0.4466198682785034
2959 3130 0.34587761759757996
2960 3089 0.2603392004966736
2961 3073 0.2889832854270935
2963 3090 0.3236626088619232
2964 3091 0.32442033290863037
2965 3074 0.3129625916481018
2968 3285 0.9532771110534668
2969 3218 0.42396727204322815
2970 3172 0.3475109338760376
2971 3154 0.2643713653087616
2972 3069 0.405191034078598
2973 3070 0.2814105749130249
2977 3286 0.3758818805217743
2978 3197 0.4377284049987793
2979 3065 0.3053552806377411
2982 3047 0.3294770419597626
2983 3392 0.35929858684539795
2984 3217 0.32418838143348694
2987 3127 0.27102768421173096
2989 3168 0.4061508774757385
2990 3260 0.4277630150318146
2991 3066 0.43351173400878906
2993 3125 0.3733293116092682
2994 3126 0.3775060176849365
2997 3110 0.4097058176994324
2998 3132 0.2796323299407959
3001 3113 0.3142336308956146
3002 3075 0.37289556860923767
3003 3101 0.29249516129493713
3005 3059 0.2983599901199341
3008 3198 0.2593863308429718
3010 3099 0.31594401597976685
3011 3100 0.40238648653030396
3012 3124 0.36136865615844727
3013 3156 0.3891974985599518
3016 3131 0.25014951825141907
3020 3405 0.26264142990112305
3021 3340 0.4541032910346985
3022 3316 0.3532508313655853
3023 3220 0.4006858766078949
3027 3288 0.39005210995674133
3028 3174 0.44603291153907776
3030 3155 0.37449145317077637
3032 3176 0.2766770124435425
3035 3140 0.26972708106040955
3036 3141 0.31333139538764954
3038 3354 0.3171911835670471
3039 3255 0.43456560373306274
3040 3270 0.25930050015449524
3042 3173 0.3121021091938019
3043 3223 0.6065879464149475
3044 3157 0.2942984998226166
3045 3158 0.27155184745788574
3049 3416 0.28732019662857056
3050 3369 0.44659772515296936
3054 3205 0.3316965699195862
3055 3177 0.6112154722213745
3057 3305 0.4440809190273285
3058 3306 0.48403623700141907
3059 3269 0.32549694180488586
3060 3184 0.5929608941078186
3061 3185 0.6093140840530396
3062 3202 0.39007294178009033
3063 3186 0.2571052610874176
3065 3161 0.34885308146476746
3067 3407 0.5220091342926025
3068 3386 0.3659098744392395
3069 3322 0.46239155530929565
3070 3280 0.42158886790275574
3072 3281 0.4893161356449127
3073 3222 0.42913344502449036
3074 3203 0.32492750883102417
3075 3244 0.29084789752960205
3077 3207 0.2720412313938141
3080 3441 0.3270505666732788
3081 3406 0.4108612835407257
3083 3356 0.3796824514865875
3085 3206 0.4207626283168793
3086 3227 0.29758790135383606
3090 3323 0.5200974941253662
3091 3295 0.27146536111831665
3092 3183 0.31695714592933655
3094 3234 0.27930691838264465
3095 3245 0.33038386702537537
3096 3225 0.4634935259819031
3099 3464 0.30787351727485657
3101 3431 0.3348325192928314
3102 3343 0.3898494243621826
3104 3355 0.41393208503723145
3105 3346 0.3080253601074219
3106 3279 0.33124324679374695
3109 3247 0.3467901945114136
3110 3345 0.32797446846961975
3111 3389 0.3592677414417267
3112 3300 0.34516093134880066
3113 3199 0.8445929288864136
3114 3290 0.5226297974586487
3115 3261 0.4654669165611267
3116 3262 0.5412038564682007
3117 3258 0.2942774295806885
3122 3272 0.3519904315471649
3123 3275 0.3506489098072052
3126 3374 0.36861446499824524
3129 3273 0.3838467597961426
3130 3303 0.35791146755218506
3133 3444 0.3254302144050598
3134 3388 0.26983410120010376
3135 3325 0.3071101903915405
3136 3296 0.5126590728759766
3137 3263 0.42061498761177063
3143 3333 0.3979656398296356
3145 3297 0.42660683393478394
3147 3291 0.4874926209449768
3148 3315 0.46787598729133606
3149 3537 0.39382126927375793
3154 3387 0.36432138085365295
3155 3289 0.37487271428108215
3156 3308 0.5045339465141296
3158 3472 0.3818255662918091
3159 3467 0.2796955406665802
3162 3347 0.4769830107688904
3167 3313 0.3399876654148102
3168 3326 0.5113767981529236
3169 3314 0.3417971432209015
3173 3562 0.29661235213279724
3177 3522 0.43070006370544434
3178 3358 0.7032591700553894
3179 3328 0.5592964291572571
3181 3352 0.2825755774974823
3182 3353 0.2793426215648651
3184 3418 0.5016672015190125
3186 3319 0.3099365532398224
3187 3432 0.3083266019821167
3188 3329 0.42256295680999756
3189 3348 0.2886040508747101
3190 3335 0.3586224913597107
3192 3318 0.42976048588752747
3193 3327 0.4267370402812958
3194 3330 0.3455578088760376
3195 3332 0.4832466244697571
3197 3589 0.6117712259292603
3199 3590 0.31534379720687866
3201 3539 0.5359801650047302
3205 3376 0.40998920798301697
3206 3337 0.2591358423233032
3207 3460 0.3285987377166748
3211 3377 0.40583959221839905
3212 3350 0.3415026068687439
3215 3363 0.6407651901245117
3217 3368 0.2917855381965637
3218 3580 0.5385456085205078
3219 3582 0.39624667167663574
3220 3606 0.26693853735923767
3221 3450 0.3402228057384491
3222 3419 0.36174657940864563
3225 3410 0.32926127314567566
3226 3351 0.3679138123989105
3227 3380 0.4229794442653656
3228 3367 0.2601850628852844
3229 3514 0.4354218542575836
3232 3440 0.25832873582839966
3234 3581 0.39765721559524536
3235 3477 0.41959255933761597
3238 3604 0.45823174715042114
3242 3413 0.2828683853149414
3249 3422 0.3211974501609802
3250 3423 0.3405100703239441
3251 3412 0.42777279019355774
3253 3625 0.3775838017463684
3254 3547 0.40433216094970703
3255 3461 0.3865829110145569
3259 3505 0.2896847128868103
3262 3434 0.34799113869667053
3263 3644 0.5290143489837646
3264 3637 0.4076685905456543
3268 3612 0.2759965658187866
3269 3523 0.3760973811149597
3273 3421 0.5042760968208313
3274 3426 0.41248270869255066
3277 3686 0.8543092012405396
3279 3611 0.33632001280784607
3280 3572 0.3776291608810425
3286 3463 0.4244478940963745
3287 3455 0.6408360600471497
3289 3411 0.38497552275657654
3290 3424 0.3403448164463043
3292 3439 0.28879016637802124
3293 3672 0.46827417612075806
3295 3435 0.4823321998119354
3296 3744 0.3123224377632141
3298 3553 0.3723536431789398
3300 3745 0.3709978461265564
3301 3613 0.43675434589385986
3302 3524 0.3991846740245819
3303 3525 0.26004961133003235
3306 3481 0.45122820138931274
3307 3715 0.44394034147262573
3308 3716 0.45687729120254517
3309 3645 0.29330718517303467
3315 3638 0.37246018648147583
3317 3614 0.28766974806785583
3318 3482 0.3883669674396515
3319 3494 0.4345809519290924
3320 3495 0.31909990310668945
3321 3496 0.2991143763065338
3322 3511 0.29045456647872925
3323 3513 0.2819836139678955
3328 3521 0.43574294447898865
3330 3535 0.30230793356895447
3332 3674 0.2996271550655365
3333 3675 0.2868531048297882
3335 3640 0.41507688164711
3337 3533 0.3402484357357025
3347 3628 0.3703152537345886
3350 3517 0.41549152135849
3351 3510 0.38388702273368835
3352 3520 0.28718486428260803
3353 3534 0.38276398181915283
3356 3687 0.3539414405822754
3360 3717 0.31959909200668335
3361 3815 0.29986414313316345
3363 3532 0.36206963658332825
3364 3550 0.33705466985702515
3365 3542 0.34143194556236267
3370 3807 0.3457704186439514
3371 3654 0.5096110105514526
3376 3558 0.41930174827575684
3378 3952 0.3940763771533966
3381 3729 0.34458303451538086
3386 3565 0.362601101398468
3387 3584 0.2718863785266876
3394 3688 0.5741564035415649
3398 3702 0.2711383104324341
3399 3703 0.3237045705318451
3400 3566 0.2917877733707428
3401 3567 0.2903975248336792
3402 3568 0.30176153779029846
3403 3918 0.26595744490623474
3404 3689 0.4306836426258087
3405 3690 0.2833441197872162
3406 3737 0.2543768584728241
3407 3593 0.4323672354221344
3415 3749 0.2814036011695862
3416 3701 0.260724812746048
3417 3594 0.3539620339870453
3418 3595 0.3738373816013336
3425 3790 0.4977147579193115
3426 3730 0.44190433621406555
3427 3731 0.26588743925094604
3428 3721 0.28426599502563477
3429 3713 0.27517080307006836
3431 3607 0.30519750714302063
3437 3734 0.31755712628364563
3438 3735 0.29703980684280396
3439 3691 0.3382561206817627
3442 3619 0.4217376410961151
3443 3620 0.3902187943458557
3444 3621 0.39709708094596863
3447 4048 0.30862313508987427
3449 3823 0.2666355073451996
3450 3761 0.49660101532936096
3453 4023 0.441193550825119
3454 3983 0.29330912232398987
3457 3875 0.25552594661712646
3458 3774 0.2503848671913147
3460 3641 0.3341836631298065
3462 3631 0.43696680665016174
3465 3817 0.3016873002052307
3466 3776 0.30297985672950745
3470 3781 0.34164008498191833
3471 3642 0.4328821301460266
3475 3610 0.3826245665550232
3478 3874 0.5047100782394409
3479 3816 0.25571900606155396
3481 3792 0.25426262617111206
3483 3650 0.38264063000679016
3484 3658 0.3455334007740021
3486 4091 0.6982883214950562
3487 4065 0.3275740444660187
3488 3907 0.3077678382396698
3490 3648 0.2934257984161377
3491 3617 0.34154951572418213
3492 3682 0.4424474835395813
3493 3659 0.3862840235233307
3498 3778 0.2549106180667877
3500 3832 0.5254284143447876
3501 3848 0.28088533878326416
3504 3798 0.29939237236976624
3507 3706 0.3815136253833771
3508 4105 0.35877400636672974
3509 4106 0.43077853322029114
3510 4092 0.49250295758247375
3512 4024 0.3617734909057617
3513 3921 0.5048621892929077
3516 3876 0.35879045724868774
3517 3841 0.2744673490524292
3521 3683 0.36871397495269775
3522 3684 0.3884691894054413
3525 4085 0.2733417749404907
3526 4006 0.3540005087852478
3529 3849 0.42508184909820557
3531 3850 0.31764495372772217
3532 3796 0.25060224533081055
3534 3726 0.5723370313644409
3535 3728 0.3884277045726776
3538 4040 0.3176228404045105
3539 3909 0.3029044568538666
3540 3824 0.2582393288612366
3542 3856 0.2729205787181854
3543 3845 0.30872026085853577
3545 3913 0.2779114544391632
3546 3724 0.2813955545425415
3547 3801 0.35288381576538086
3548 3705 0.39272087812423706
3556 3893 0.30589887499809265
3557 3877 0.30649837851524353
3560 3750 0.3848250210285187
3561 3739 0.3468530476093292
3563 4041 0.3597347140312195
3564 3968 0.29191330075263977
3566 3891 0.36067628860473633
3567 3878 0.27842584252357483
3568 3811 0.3479815125465393
3570 3752 0.5378270149230957
3572 4086 0.25609973073005676
3573 3956 0.28497767448425293
3575 3910 0.3621245324611664
3577 3911 0.27171140909194946
3578 3894 0.2888912558555603
3579 3896 0.4002344608306885
3581 3961 0.2735931873321533
3582 3852 0.3178340494632721
3583 3783 0.2739012539386749
3585 3800 0.392877459526062
3586 3784 0.36431199312210083
3587 3753 0.37238916754722595
3593 4007 0.35119909048080444
3594 3988 0.25237175822257996
3596 3925 0.3040430247783661
3597 3834 0.25348109006881714
3598 3802 0.26782768964767456
3599 3768 0.33712443709373474
3600 3751 0.32635483145713806
3602 3755 0.2842611074447632
3605 4158 0.45081356167793274
3606 4159 0.564087986946106
3607 4160 0.45835062861442566
3609 3943 0.36957964301109314
3610 3960 0.26056474447250366
3611 3974 0.30942031741142273
3613 3996 0.3115287721157074
3615 3810 0.3664347231388092
3618 3769 0.313228040933609
3620 3757 0.34995871782302856
3623 4199 0.5283886194229126
3625 4072 0.47429946064949036
3627 4008 0.27750834822654724
3628 4043 0.33285126090049744
3630 3923 0.30173102021217346
3634 3900 0.2823759615421295
3635 3826 0.30991053581237793
3636 3837 0.39884448051452637
3637 3812 0.5116968154907227
3638 3821 0.3025383949279785
3639 3770 0.27261883020401
3644 4025 0.3987197279930115
3647 3958 0.2722106873989105
3648 3973 0.41224321722984314
3649 3822 0.2808572053909302
3651 3828 0.3158964216709137
3652 3786 0.2620144784450531
3653 4136 0.30080416798591614
3654 3992 0.28159502148628235
3655 3993 0.3260141909122467
3657 3959 0.3975988030433655
3660 3765 0.2791255712509155
3661 3766 0.2741827070713043
3662 3835 0.4633428156375885
3663 3809 0.3659147620201111
3664 3836 0.3328617513179779
3668 4094 0.45297524333000183
3671 4125 0.34638264775276184
3672 4107 0.374041348695755
3673 4026 0.27304086089134216
3674 3970 0.33603981137275696
3675 3989 0.31901106238365173
3677 3991 0.3028137683868408
3678 4029 0.3554050028324127
3679 4030 0.341635525226593
3684 4058 0.2812257409095764
3685 4032 0.33172407746315
3687 3813 0.35878223180770874
3691 4087 0.31068912148475647
3696 4027 0.40002918243408203
3697 4010 0.25445765256881714
3699 3881 0.33718714118003845
3700 4278 0.9574024677276611
3703 4055 0.3681482672691345
3705 3808 0.2503843903541565
3707 3902 0.3607502579689026
3711 4069 0.2718106806278229
3712 4090 0.3625042736530304
3713 3880 0.2784268856048584
3714 3904 0.32985085248947144
3720 4175 0.28689631819725037
3721 4139 0.3847655653953552
3723 4095 0.43704932928085327
3728 4118 0.41572895646095276
3729 4067 0.43009957671165466
3732 3914 0.41810184717178345
3733 3927 0.4316943883895874
3734 3929 0.36692848801612854
3737 3916 0.5496002435684204
3739 4216 0.30380678176879883
3740 4201 0.39203760027885437
3742 4080 0.25996655225753784
3745 3928 0.3675897717475891
3746 3948 0.2565191686153412
3748 3905 0.28630703687667847
3749 3882 0.5766718983650208
3751 4311 0.37040427327156067
3754 4123 0.2763529121875763
3755 3963 0.40660470724105835
3759 3950 0.33563336730003357
3760 3931 0.319858580827713
3764 4217 0.31926947832107544
3765 4148 0.3506191372871399
3766 4116 0.4448634088039398
3769 4119 0.4467553496360779
3771 4014 0.4236350655555725
3772 3978 0.3319636583328247
3773 3979 0.26343461871147156
3774 3964 0.5695101022720337
3778 4347 0.31311455368995667
3780 4150 0.3493085205554962
3781 4109 0.2914373576641083
3783 3976 0.3283155858516693
3784 3997 0.33924660086631775
3785 4015 0.2703085243701935
3786 3934 0.4598330855369568
3791 4202 0.4409201443195343
3792 4141 0.2798422873020172
3794 4000 0.2677275836467743
3795 3980 0.29109764099121094
3798 4312 0.37135499715805054
3799 4252 0.3857792913913727
3804 4129 0.41607561707496643
3805 3901 0.36363720893859863
3806 4033 0.3881070613861084
3807 4035 0.4075504243373871
3808 4016 0.323249876499176
3809 4001 0.3004893362522125
3811 4238 0.30119913816452026
3813 4044 0.3174932301044464
3814 4036 0.39623838663101196
3816 4019 0.2730853855609894
3819 4450 0.38646385073661804
3820 4395 0.48654189705848694
3821 4237 0.4521647095680237
3822 4138 0.25328847765922546
3826 4059 0.45005106925964355
3833 4396 0.4446962773799896
3834 4397 0.3967408835887909
3835 4398 0.4263286292552948
3836 4374 0.29847753047943115
3837 4327 0.3536468744277954
3838 4260 0.4011270999908447
3840 4162 0.36198505759239197
3841 4127 0.28464385867118835
3843 4152 0.25407668948173523
3846 4013 0.3102772533893585
3848 4037 0.6857690215110779
3849 4039 0.396077424287796
3850 4451 0.27364927530288696
3851 4466 0.5473009347915649
3852 4339 0.29763075709342957
3857 4283 0.317595899105072
3860 4203 0.30684202909469604
3861 4231 0.3843229413032532
3862 4463 0.30731263756752014
3863 4482 0.3674590289592743
3864 4511 0.2519441843032837
3865 4298 0.5623664855957031
3869 4208 0.284902423620224
3870 4046 0.45677968859672546
3872 4061 0.35453400015830994
3874 4465 0.27082768082618713
3875 4495 0.2794065475463867
3876 4497 0.28702905774116516
3877 4418 0.29190829396247864
3878 4286 0.3030570149421692
3879 4253 0.3485424816608429
3882 4111 0.3533326983451843
3885 4038 0.3142075538635254
3886 4063 0.2916867733001709
3889 4496 0.2604869604110718
3890 4483 0.4437401294708252
3895 4329 0.6912193894386292
3896 4272 0.2505922019481659
3898 4112 0.3524620532989502
3899 4102 0.4515984356403351
3906 4273 0.25545674562454224
3911 4365 0.29630333185195923
3913 4299 0.2768327295780182
3917 4131 0.2556302547454834
3919 4104 0.2840164005756378
3921 4552 0.493598073720932
3924 4261 0.44554653763771057
3929 4317 0.3858374357223511
3933 4132 0.39621153473854065
3934 4133 0.4823046028614044
3935 4551 0.3284023106098175
3936 4534 0.492644339799881
3937 4553 0.44449105858802795
3938 4467 0.3637544512748718
3939 4313 0.9500198364257812
3943 4331 0.3065340518951416
3946 4318 0.2821541428565979
3951 4375 0.5939354300498962
3952 4340 0.46521174907684326
3953 4302 0.26037049293518066
3959 4351 0.28778308629989624
3960 4352 0.35999587178230286
3961 4343 0.25487270951271057
3962 4167 0.3574015498161316
3965 4602 0.39555689692497253
3966 4588 0.3025358021259308
3967 4442 0.5945168733596802
3968 4367 0.40043720602989197
3974 4155 0.42702487111091614
3976 4170 0.27735358476638794
3977 4441 0.25669586658477783
3978 4403 0.29257437586784363
3979 4419 0.8475258946418762
3981 4332 0.2517796754837036
3982 4211 0.6989952325820923
3983 4194 0.2928926348686218
3985 4168 0.2996845841407776
3987 4639 0.5434987545013428
3988 4647 0.4705931842327118
3989 4485 0.35951074957847595
3990 4487 0.6328412294387817
3991 4443 0.38074415922164917
3992 4383 0.44674596190452576
3993 4384 0.36780858039855957
3994 4409 0.9164761304855347
3995 4369 0.31932640075683594
3998 4213 0.28281956911087036
3999 4196 0.38333168625831604
4002 4172 0.3549667000770569
4006 4420 0.5077171921730042
4007 4444 0.2592910826206207
4008 4404 0.2564705014228821
4009 4408 0.3416925370693207
4010 4378 0.3922870457172394
4012 4171 0.27145811915397644
4013 4182 0.3473975956439972
4016 4525 0.32356199622154236
4017 4456 0.5353420972824097
4018 4423 0.3029058873653412
4019 4406 0.3217354714870453
4021 4427 0.6369068622589111
4022 4385 0.33950164914131165
4029 4640 0.4205026924610138
4030 4512 0.3389684855937958
4033 4470 0.2840740978717804
4034 4472 0.27488645911216736
4035 4489 0.4344470798969269
4036 4224 0.2788693606853485
4037 4250 0.3912457823753357
4038 4235 0.43726447224617004
4039 4236 0.3107448220252991
4047 4488 0.36921292543411255
4048 4455 0.2647882103919983
4049 4469 0.31533628702163696
4050 4490 0.4652463495731354
4052 4274 0.36268165707588196
4053 4214 0.3032206594944
4056 4665 0.3011801838874817
4058 4499 0.28045064210891724
4060 4503 0.420530766248703
4063 4412 0.27390098571777344
4064 4689 0.336612343788147
4066 4516 0.26283887028694153
4067 4471 0.31126922369003296
4068 4502 0.6759514808654785
4069 4290 0.42300325632095337
4070 4292 0.529967725276947
4074 4691 0.3444368541240692
4079 4541 0.25635191798210144
4080 4501 0.2598141133785248
4082 4410 0.3945430517196655
4084 4411 0.35390564799308777
4086 4431 0.3784533441066742
4087 4321 0.37637725472450256
4088 4307 0.3219054937362671
4091 4676 0.3976655602455139
4093 4537 0.26833033561706543
4094 4538 0.3275034427642822
4096 4540 0.2576902210712433
4097 4543 0.2985287606716156
4098 4544 0.26547014713287354
4099 4545 0.25578948855400085
4100 4491 0.3365558385848999
4102 4337 0.4805328845977783
4104 4706 0.3969486653804779
4108 4557 0.4863739609718323
4109 4558 0.30659136176109314
4110 4527 0.37780532240867615
4111 4429 0.27694839239120483
4113 4293 0.5257803201675415
4114 4336 0.36633551120758057
4115 4728 0.3337317109107971
4116 4725 0.41573965549468994
4117 4664 0.44155552983283997
4118 4562 0.5455385446548462
4119 4573 0.33180728554725647
4120 4591 0.3606002628803253
4121 4574 0.2807886302471161
4122 4356 0.30308449268341064
4125 4743 0.3219165503978729
4126 4750 0.28124693036079407
4127 4739 0.390279084444046
4128 4707 0.4026440680027008
4129 4681 0.33488714694976807
4130 4589 0.33979931473731995
4131 4590 0.3325476348400116
4132 4578 0.3272252678871155
4133 4564 0.371706485748291
4134 4566 0.2962632179260254
4135 4542 0.40274545550346375
4136 4567 0.4738975167274475
4137 4581 0.2517405152320862
4140 4504 0.3252316415309906
4141 4379 0.36238640546798706
4144 4345 0.4945036470890045
4147 4729 0.32615166902542114
4149 4744 0.3636871576309204
4150 4613 0.4056132435798645
4151 4614 0.3626083433628082
4152 4594 0.3099327087402344
4154 4473 0.26963549852371216
4156 4505 0.2965286374092102
4157 4749 0.4031251072883606
4160 4751 0.32628169655799866
4161 4632 0.3042997419834137
4163 4413 0.3614286482334137
4168 4633 0.32910868525505066
4169 4616 0.48917898535728455
4170 4606 0.3233102858066559
4171 4607 0.32509922981262207
4172 4618 0.3010285794734955
4173 4436 0.45169663429260254
4174 4335 0.3098428547382355
4175 4381 0.37264707684516907
4177 4753 0.3656848669052124
4178 4576 0.3215097188949585
4179 4617 0.3046615421772003
4180 4619 0.28211838006973267
4186 4754 0.28216680884361267
4189 4448 0.5701143741607666
4191 4767 0.47695207595825195
4193 4644 0.3633876144886017
4195 4475 0.6217935085296631
4197 4783 0.5190940499305725
4198 4652 0.42331764101982117
4200 4655 0.30608126521110535
4201 4642 0.4225613474845886
4203 4625 0.28080418705940247
4205 4595 0.34120050072669983
4207 4582 0.2575811445713043
4208 4583 0.27499422430992126
4209 4584 0.4258134067058563
4210 4569 0.2877153158187866
4211 4476 0.31661275029182434
4212 4477 0.31392061710357666
4213 4449 0.35385066270828247
4214 4438 0.46865302324295044
4219 4797 0.5034298896789551
4220 4631 0.256317675113678
4222 4667 0.34574073553085327
4223 4608 0.3608352243900299
4224 4507 0.25069332122802734
4226 4494 0.534057080745697
4228 4772 0.338345468044281
4229 4793 0.3687821924686432
4232 4657 0.28075143694877625
4233 4649 0.4076685905456543
4234 4658 0.3247775733470917
4235 4635 0.2690750062465668
4239 4510 0.44895023107528687
4240 4519 0.38360410928726196
4245 4682 0.3413180112838745
4249 4520 0.4408082962036133
4251 4521 0.30479493737220764
4253 4478 0.279541939496994
4258 4825 0.31824684143066406
4259 4807 0.28385692834854126
4262 4692 0.36987337470054626
4264 4659 0.2547750174999237
4265 4626 0.3341858983039856
4267 4548 0.5592132210731506
4269 4851 0.3774286210536957
4271 4827 0.44429102540016174
4272 4819 0.4823087453842163
4274 4708 0.29437288641929626
4275 4684 0.394577294588089
4276 4660 0.2672281265258789
4277 4646 0.3130240738391876
4279 4802 0.6100507378578186
4281 4693 0.336688756942749
4282 4683 0.26540204882621765
4283 4531 0.27388373017311096
4286 4599 0.3252251446247101
4287 4550 0.5711635947227478
4288 4532 0.605560839176178
4291 4852 0.4319489002227783
4295 4587 0.4596629738807678
4297 4843 0.4256290793418884
4299 4726 0.7340855598449707
4300 4714 0.488918274641037
4302 4598 0.4360143840312958
4303 4861 0.8051725625991821
4304 4745 0.47773370146751404
4305 4727 0.46533510088920593
4306 4695 0.3018052875995636
4307 4609 0.479226291179657
4308 4855 0.4409550428390503
4309 4765 0.28473591804504395
4310 4715 0.3255913257598877
4312 4610 0.42335718870162964
4314 4838 0.38394561409950256
4316 4704 0.28783056139945984
4322 4755 0.4489027261734009
4323 4757 0.6115168929100037
4326 4875 0.30030426383018494
4327 4782 0.2886563539505005
4328 4756 0.3415723145008087
4329 4760 0.3312716782093048
4331 4872 0.352094829082489
4332 4867 0.46209973096847534
4333 4857 0.3268762528896332
4339 4871 0.273978054523468
4340 4774 0.38351303339004517
4345 4868 0.6950758695602417
4346 4787 0.3784017264842987
4348 4775 0.3892516791820526
4349 4784 0.30905961990356445
4352 4674 0.33216536045074463
4355 4884 0.3684636950492859
4356 4776 0.2804899513721466
4357 4892 0.40021881461143494
4358 4866 0.34962746500968933
4359 4830 0.2897595763206482
4360 4804 0.31688791513442993
4361 4785 0.33076533675193787
4366 4788 0.36044418811798096
4367 4799 0.31764042377471924
4374 4876 0.4739739000797272
4375 4800 0.3008776009082794
4377 4909 0.3240903913974762
4378 4910 0.352698415517807
4379 4905 0.4757382273674011
4380 4820 0.25565025210380554
4382 4808 0.34547707438468933
4384 4812 0.3329160213470459
4389 4885 0.4780486226081848
4390 4881 0.4801819622516632
4391 4873 0.31824472546577454
4392 4853 0.35413289070129395
4394 4810 0.3557949960231781
4396 4789 0.3050348460674286
4399 4886 0.37076687812805176
4400 4887 0.6277481317520142
4401 4828 0.3314976394176483
4402 4831 0.35148724913597107
4403 4815 0.30845895409584045
4410 4813 0.3578595817089081
4417 4894 0.5273048281669617
4418 4900 0.594146192073822
4419 4895 0.3006742298603058
4423 4835 0.27625200152397156
4425 4836 0.34705984592437744
4426 4897 0.36485856771469116
4427 4898 0.3868495523929596
4428 4899 0.3960951864719391
4429 4869 0.9496674537658691
4430 4803 0.3420645594596863
4431 4837 0.27785155177116394
4434 4854 0.27344319224357605
4440 4822 0.3665584623813629
4441 4818 0.5674846172332764
4442 4741 0.30136436223983765
4444 4864 0.300214946269989
4446 4930 0.2791157364845276
4447 4937 0.32610654830932617
4450 4858 0.26323747634887695
4451 4921 0.36513635516166687
4452 4931 0.4462682008743286
4453 4849 0.45709869265556335
4454 4913 0.2733190953731537
4458 4965 0.290749728679657
4461 4906 0.43907132744789124
4462 4870 0.44616520404815674
4463 4850 0.4439780116081238
4465 4841 0.35869088768959045
4466 4824 0.3945235013961792
4469 4874 0.30724698305130005
4470 4988 0.29965344071388245
4471 4976 0.2898881137371063
4473 4970 0.5546243786811829
4475 4955 0.32127004861831665
4476 4877 0.37356331944465637
4477 4992 0.3592855632305145
4478 4954 0.391947478055954
4479 4961 0.3618939220905304
4480 4977 0.3775024116039276
4481 4978 0.39230236411094666
4482 4971 0.34892895817756653
4483 4932 0.3161088824272156
4484 4928 0.4231150150299072
4485 4889 0.2930225431919098
4486 4879 0.2663513720035553
4487 4991 0.4949117600917816
4489 4989 0.32019397616386414
4491 4890 0.4582662582397461
4492 4903 0.35423219203948975
4496 4904 0.6032782196998596
4497 5016 0.4533590078353882
4498 4993 0.25320541858673096
4500 4979 0.2828047275543213
4503 4891 0.2672969400882721
4505 5011 0.3100261390209198
4506 5025 0.3514591157436371
4507 5018 0.431535929441452
4508 5026 0.3528306484222412
4510 4998 0.28914758563041687
4511 4980 0.38590365648269653
4514 4896 0.285471647977829
4517 4907 0.40387317538261414
4518 4908 0.3925478756427765
4519 5029 0.45568761229515076
4520 5031 0.2938074469566345
4521 5013 0.32206180691719055
4522 5014 0.2893390357494354
4526 5030 0.39779677987098694
4527 5020 0.3150263726711273
4528 5022 0.3318047523498535
4529 5004 0.38609692454338074
4530 4995 0.39197853207588196
4532 5038 0.32699909806251526
4536 4911 0.2883847653865814
4538 5043 0.26272058486938477
4540 4929 0.302612841129303
4543 5049 0.27018430829048157
4544 5036 0.36515548825263977
4546 5050 0.348891019821167
4550 4925 0.2935968339443207
4553 4947 0.26816225051879883
4554 4948 0.47044914960861206
4555 4949 0.2814180850982666
4556 4950 0.2503471374511719
4557 4958 0.2885003089904785
4558 4952 0.2738518714904785
4561 5035 0.2640407979488373
4562 4957 0.30298420786857605
4566 5073 0.513465404510498
4567 5057 0.277486652135849
4571 5080 0.3742932975292206
4572 5044 0.42667803168296814
4573 4969 0.26917073130607605
4574 5079 0.27789050340652466
4575 5089 0.6617253422737122
4576 5091 0.37240657210350037
4580 5088 0.4337342083454132
4581 5074 0.37848544120788574
4582 5066 0.2875976264476776
4586 4983 0.27588656544685364
4588 4975 0.3620620369911194
4590 5096 0.322177916765213
4592 4987 0.3477834463119507
4595 4974 0.30105268955230713
4596 5060 0.30432236194610596
4597 4990 0.3360446095466614
4599 5093 0.273308664560318
4600 4997 0.3358072340488434
4604 5006 0.33168041706085205
4605 5001 0.3255969285964966
4607 5003 0.3445689082145691
4608 5081 0.44590404629707336
4609 4986 0.2894960641860962
4610 5007 0.26829808950424194
4611 5009 0.27319034934043884
4612 5010 0.29901883006095886
4613 5000 0.3172323405742645
4623 5017 0.2691422402858734
4627 5110 0.45714008808135986
4630 5115 0.25165843963623047
4631 5116 0.33891838788986206
4632 5118 0.3498375713825226
4633 5120 0.348826140165329
4638 5033 0.3360394835472107
4639 5107 0.3167444169521332
4642 5041 0.6576009392738342
4643 5042 0.34107136726379395
4644 5046 0.30036816000938416
4645 5055 0.27261361479759216
4649 5117 0.41578683257102966
4653 5128 0.31538620591163635
4654 5129 0.2687698006629944
4657 5099 0.33528244495391846
4658 5070 0.2711253762245178
4661 5130 0.2645660936832428
4662 5063 0.2535507082939148
4663 5075 0.32892167568206787
4667 5136 0.2721027135848999
4668 5131 0.37479978799819946
4669 5132 0.2874399423599243
4670 5085 0.2824721336364746
4672 5137 0.29840922355651855
4673 5138 0.8809362649917603
4674 5140 0.4563133716583252
4675 5125 0.5580549836158752
4678 5143 0.47809696197509766
4679 5144 0.2608071267604828
4682 5149 0.4724526107311249
4683 5148 0.5233854651451111
4684 5147 0.34485459327697754
4685 5153 0.3384619951248169
4688 5156 0.3203173577785492
4689 5157 0.3809388279914856
4690 5158 0.28406137228012085
4694 5160 0.41028764843940735
