2164
33 32 0.4007042348384857
37 38 0.673725962638855
42 33 0.27619850635528564
47 49 0.6380705237388611
48 53 0.8802946209907532
51 60 0.27659469842910767
53 55 0.303005576133728
54 61 0.33805131912231445
59 65 0.3883814215660095
64 77 0.28330087661743164
65 80 0.34186041355133057
66 81 0.26335224509239197
82 101 0.4817051887512207
88 111 0.27146846055984497
93 117 0.3746754229068756
94 120 0.2989139258861542
116 173 0.5191970467567444
128 152 0.35275325179100037
132 163 0.4018864035606384
133 164 0.4018400311470032
168 191 0.2991383373737335
171 192 0.3410007655620575
184 201 0.3268812298774719
198 211 0.29602089524269104
199 222 0.34780800342559814
207 224 0.3272727131843567
208 217 0.3082842528820038
213 227 0.3046658933162689
215 229 0.287433385848999
216 226 0.3947327435016632
223 230 0.3553931415081024
230 232 0.40501487255096436
231 238 0.41674119234085083
232 239 0.3660027086734772
233 234 0.28398987650871277
238 242 0.2994709014892578
239 235 0.3035765290260315
255 258 0.3146621584892273
257 265 0.45080408453941345
258 260 0.276541143655777
266 280 0.2640151083469391
271 278 0.2595934569835663
274 275 0.2820887863636017
275 281 0.282890260219574
282 274 0.350738525390625
306 305 0.3503340482711792
307 290 0.31448787450790405
317 299 0.421766996383667
331 389 0.29144376516342163
338 325 0.37719976902008057
347 327 0.25669169425964355
353 341 0.4841230511665344
370 358 0.26949000358581543
377 361 0.5103400349617004
378 381 0.46053001284599304
380 347 0.264096200466156
381 359 0.4183554947376251
383 352 0.31386855244636536
388 393 0.323735773563385
398 386 0.372313529253006
401 373 0.2572462856769562
403 375 0.37282517552375793
405 367 0.2802979648113251
407 369 0.26356229186058044
411 411 0.46219050884246826
422 404 0.6664537191390991
423 420 0.46490174531936646
427 392 0.26964271068573
434 410 0.28208932280540466
435 400 0.7061126232147217
440 402 0.2874780595302582
448 423 0.38908651471138
458 414 0.6059039831161499
466 422 0.3427332937717438
470 430 0.3155980110168457
471 444 0.2849494218826294
472 434 0.3387710154056549
474 426 0.43193694949150085
484 450 0.3863842487335205
490 499 0.39222046732902527
491 452 0.35977107286453247
497 432 0.37725767493247986
502 448 0.35230544209480286
504 441 0.27261361479759216
508 473 0.27302366495132446
510 454 0.33370593190193176
514 472 0.6027801632881165
517 462 0.26065793633461
518 471 0.5992985963821411
538 498 0.2717728316783905
539 491 0.3080802857875824
542 500 0.5517675876617432
547 511 0.26738107204437256
548 501 0.2776091992855072
549 502 0.3907632529735565
550 533 0.3631967008113861
567 522 0.28066307306289673
568 555 0.30763930082321167
587 561 0.33479994535446167
588 523 0.25711435079574585
589 539 0.37797901034355164
591 505 0.2672972083091736
597 594 0.2675371766090393
615 552 0.267749547958374
616 580 0.3541274666786194
617 562 0.399588406085968
628 588 0.313720703125
629 589 0.3088451325893402
631 575 0.3393715023994446
633 545 0.2719452381134033
638 604 0.35304370522499084
640 590 0.39574554562568665
651 638 0.4021175801753998
652 609 0.3575511872768402
656 557 0.3684728443622589
661 600 0.41412240266799927
669 616 0.3901257812976837
671 654 0.42689090967178345
673 649 0.5649709105491638
674 639 0.25120213627815247
679 656 0.2571864426136017
681 651 0.31374403834342957
685 667 0.2584896683692932
687 662 0.4229964017868042
690 620 0.28379058837890625
698 663 0.5201634764671326
699 664 0.33005350828170776
700 669 0.47100040316581726
701 642 0.5314775109291077
706 671 0.26078349351882935
716 703 0.48818862438201904
717 684 0.2605306804180145
718 719 0.28427547216415405
721 687 0.41928815841674805
722 680 0.3552809953689575
723 665 0.2818349301815033
724 670 0.2775062322616577
731 698 0.34387198090553284
732 700 0.4845230281352997
733 701 0.49929168820381165
734 702 0.4366776943206787
735 717 0.3448697328567505
736 688 0.4881788492202759
737 722 0.5531010627746582
738 679 0.45676881074905396
739 689 0.3495274484157562
740 690 0.459643691778183
751 714 0.38253629207611084
754 740 0.30847954750061035
757 699 0.38767942786216736
759 705 0.6544283628463745
760 695 0.42480629682540894
762 706 0.5628370046615601
769 749 0.29590800404548645
770 739 0.32908231019973755
771 743 0.5075225830078125
772 708 0.39583274722099304
777 748 0.35685014724731445
778 755 0.3078139126300812
779 756 0.7386417388916016
780 716 0.4700356721878052
783 772 0.5792636275291443
784 784 0.36615946888923645
791 779 0.31128525733947754
806 770 0.34229493141174316
807 763 0.3248859941959381
813 745 0.3980093002319336
814 767 0.3695838749408722
820 752 0.27468886971473694
822 795 0.6279637217521667
823 796 0.6662185788154602
827 751 0.33580756187438965
835 845 0.2522132098674774
836 802 0.338815301656723
837 783 0.41297945380210876
838 803 0.4644138514995575
839 785 0.3374071717262268
840 811 0.30184096097946167
844 775 0.42108216881752014
845 768 0.32594364881515503
850 834 0.4524390399456024
853 825 0.401191383600235
855 780 0.29517436027526855
860 805 0.4233216643333435
862 809 0.34625813364982605
863 824 0.37060248851776123
864 777 0.2521314322948456
865 778 0.30298304557800293
871 832 0.30355310440063477
873 814 0.3458245098590851
874 836 0.4661603569984436
875 807 0.27418819069862366
880 842 0.28024208545684814
882 800 0.539244532585144
885 843 0.39102718234062195
890 833 0.3916594088077545
892 846 0.3639640212059021
894 838 0.28378328680992126
898 798 0.3581579923629761
905 855 0.33769333362579346
907 851 0.2729846239089966
908 860 0.5874650478363037
909 837 0.2813005745410919
910 848 0.4152419865131378
916 816 0.3936725854873657
922 857 0.4929046928882599
923 863 0.2766290009021759
924 864 0.4240166246891022
925 865 0.6254391670227051
926 867 0.3199107348918915
930 877 0.290528804063797
938 878 0.457876592874527
939 886 0.3958621919155121
940 887 0.5747190117835999
941 889 0.36786189675331116
942 862 0.31255006790161133
949 890 0.44781494140625
950 892 0.30600684881210327
953 924 0.255083292722702
954 901 0.3156696557998657
955 928 0.29180002212524414
956 925 0.35416629910469055
957 914 0.3119574785232544
959 933 0.35039985179901123
967 938 0.30211973190307617
968 939 0.3509613871574402
969 946 0.3811401426792145
970 940 0.25030869245529175
971 985 0.2552874684333801
973 915 0.5110594034194946
974 896 0.39152422547340393
982 953 0.4147733747959137
992 972 0.3675147593021393
993 951 0.6435804963111877
994 947 0.2683216333389282
1001 955 0.34294450283050537
1002 973 0.43265801668167114
1005 993 0.3841855227947235
1006 956 0.8353655338287354
1007 897 0.27884116768836975
1018 1024 0.2741440236568451
1019 984 0.2506543695926666
1020 978 0.327706515789032
1028 999 0.7763181328773499
1029 979 0.3658669590950012
1030 929 0.2929057776927948
1031 1010 0.3200874328613281
1037 1018 0.40114545822143555
1038 1020 0.42717108130455017
1039 1021 0.4972037971019745
1040 1008 0.6002252101898193
1049 1043 0.29545456171035767
1050 1019 0.26147207617759705
1061 1034 0.3490564227104187
1062 1026 0.3726947009563446
1063 1045 0.37530481815338135
1066 957 0.25064024329185486
1078 1017 0.35194408893585205
1083 1068 0.41767221689224243
1084 1070 0.44784483313560486
1085 1055 0.3512630760669708
1086 1056 0.48309823870658875
1087 1046 0.2509923577308655
1088 1047 0.25598543882369995
1090 1037 0.30026331543922424
1095 1078 0.29007837176322937
1096 1048 0.2798476219177246
1097 1058 0.3484693765640259
1108 1073 0.48724767565727234
1109 1081 0.30188241600990295
1116 1042 0.31029796600341797
1125 1100 0.330928772687912
1126 1094 0.3763478100299835
1127 1107 0.3685930371284485
1128 1108 0.5330307483673096
1129 1145 0.5478826761245728
1130 1097 0.25540995597839355
1131 1083 0.2969369888305664
1132 1098 0.32471904158592224
1133 1086 0.4448939561843872
1144 1119 0.3187665641307831
1146 1074 0.33205389976501465
1153 1158 0.41122856736183167
1154 1120 0.37723788619041443
1156 1115 0.2955594062805176
1157 1116 0.3109167516231537
1158 1102 0.3528521656990051
1162 1123 0.31156471371650696
1166 1121 0.3674972355365753
1167 1104 0.3792973756790161
1168 1061 0.28859880566596985
1171 1142 0.28708627820014954
1172 1143 0.37645190954208374
1173 1137 0.4201295077800751
1174 1130 0.47936341166496277
1180 1113 0.407760351896286
1181 1136 0.31263354420661926
1183 1150 0.3032244145870209
1185 1051 0.254506915807724
1189 1199 0.37954089045524597
1190 1172 0.33476611971855164
1191 1185 0.33236658573150635
1192 1186 0.43687722086906433
1193 1200 0.5510371923446655
1194 1187 0.31399548053741455
1195 1160 0.60338294506073
1196 1174 0.37708574533462524
1198 1139 0.34754472970962524
1201 1148 0.26268401741981506
1208 1184 0.3086431324481964
1209 1201 0.41127094626426697
1212 1176 0.45453310012817383
1213 1188 0.33887022733688354
1214 1177 0.3639223873615265
1216 1179 0.39183351397514343
1217 1163 0.37896764278411865
1218 1165 0.40075695514678955
1220 1153 0.5259297490119934
1223 1206 0.39967605471611023
1225 1181 0.3386605381965637
1232 1212 0.4120573103427887
1233 1214 0.2947152853012085
1234 1236 0.42462360858917236
1235 1205 0.49728915095329285
1240 1235 0.35375651717185974
1241 1229 0.3143175542354584
1243 1230 0.2989150583744049
1244 1189 0.3568875789642334
1245 1191 0.27454718947410583
1246 1132 0.32500746846199036
1247 1167 0.391578733921051
1254 1204 0.7731469869613647
1257 1190 0.34905508160591125
1258 1170 0.34370774030685425
1261 1197 0.25347381830215454
1263 1279 0.345833420753479
1266 1154 0.308517187833786
1273 1261 0.3006177544593811
1274 1252 0.39829105138778687
1275 1231 0.31500834226608276
1276 1239 0.3925883173942566
1277 1193 0.3701705038547516
1281 1195 0.5231623649597168
1292 1244 0.2613396942615509
1293 1169 0.35892459750175476
1298 1220 0.3203011751174927
1301 1315 0.30101191997528076
1303 1216 0.31499752402305603
1304 1217 0.3112977147102356
1309 1299 0.2989683747291565
1311 1300 0.37298911809921265
1312 1316 0.3232298195362091
1316 1228 0.25367817282676697
1317 1368 0.3274765908718109
1318 1312 0.2613908052444458
1320 1321 0.42906472086906433
1321 1322 0.34957945346832275
1322 1313 0.37478548288345337
1323 1314 0.4665704369544983
1328 1234 0.30449220538139343
1329 1380 0.4051802158355713
1330 1336 0.3361366093158722
1332 1330 0.41558822989463806
1335 1255 0.2927912771701813
1337 1298 0.38720425963401794
1338 1352 0.3370453417301178
1342 1240 0.30319637060165405
1344 1272 0.43631014227867126
1348 1350 0.48147693276405334
1349 1351 0.42610546946525574
1351 1253 0.2579459249973297
1353 1256 0.31117305159568787
1358 1381 0.3355642557144165
1359 1354 0.4752829372882843
1360 1370 0.5043944120407104
1366 1382 0.3036327064037323
1367 1372 0.2608053982257843
1368 1324 0.2617168128490448
1371 1271 0.2503834366798401
1376 1284 0.2572987973690033
1377 1393 0.27615875005722046
1378 1395 0.40650469064712524
1386 1291 0.2610228657722473
1387 1318 0.3369045853614807
1391 1293 0.45871707797050476
1394 1437 0.3130375146865845
1395 1413 0.2572197914123535
1398 1415 0.5910424590110779
1399 1404 0.38543105125427246
1400 1356 0.25621551275253296
1401 1397 0.43521592020988464
1402 1398 0.28190749883651733
1405 1343 0.3105415999889374
1406 1416 0.3603125512599945
1407 1396 0.275960773229599
1408 1364 0.25168555974960327
1409 1438 0.48260459303855896
1410 1466 0.33829158544540405
1411 1428 0.2857361435890198
1412 1468 0.28652775287628174
1414 1384 0.2730924189090729
1417 1451 0.6667683720588684
1420 1467 0.4660954773426056
1421 1440 0.3972523808479309
1423 1417 0.2789964973926544
1427 1377 0.2940673232078552
1430 1390 0.30261772871017456
1431 1379 0.2859490215778351
1432 1401 0.277170866727829
1439 1463 0.35283803939819336
1440 1464 0.41372567415237427
1441 1479 0.3743782639503479
1442 1480 0.4332810938358307
1444 1452 0.3679671585559845
1445 1511 0.3283465802669525
1446 1469 0.3311046063899994
1447 1453 0.3633515536785126
1448 1442 0.34185680747032166
1450 1385 0.324876070022583
1454 1555 0.40358978509902954
1456 1492 0.3442079722881317
1457 1512 0.48633870482444763
1461 1456 0.3983677625656128
1463 1375 0.3140403926372528
1466 1542 0.35194578766822815
1467 1501 0.3631347119808197
1468 1493 0.31478941440582275
1472 1409 0.30648261308670044
1473 1425 0.3208328187465668
1474 1410 0.35701146721839905
1476 1524 0.3132832944393158
1478 1513 0.3315441310405731
1480 1455 0.31894415616989136
1483 1420 0.27126142382621765
1489 1554 0.29367971420288086
1490 1533 0.38684070110321045
1491 1503 0.3525955080986023
1493 1446 0.3527989983558655
1501 1543 0.35242339968681335
1502 1545 0.30900806188583374
1503 1527 0.4362235963344574
1505 1457 0.26307886838912964
1506 1473 0.2954655587673187
1510 1544 0.25940290093421936
1511 1540 0.26800400018692017
1513 1483 0.32789909839630127
1514 1472 0.30256953835487366
1517 1462 0.301038920879364
1519 1572 0.542225182056427
1520 1538 0.3032073378562927
1523 1576 0.359637975692749
1524 1547 0.2734713554382324
1525 1494 0.3709670603275299
1531 1573 0.3986870348453522
1532 1574 0.3400327265262604
1533 1586 0.3741922676563263
1534 1565 0.3996623456478119
1535 1567 0.27888795733451843
1541 1507 0.6376775503158569
1543 1614 0.6757123470306396
1544 1558 0.2583905756473541
1545 1568 0.6393240690231323
1547 1529 0.2709677219390869
1548 1530 0.3611319959163666
1549 1521 0.2739396393299103
1550 1522 0.29602429270744324
1552 1641 0.4080081284046173
1553 1613 0.6307756900787354
1555 1579 0.6847364902496338
1556 1604 0.25464650988578796
1558 1552 0.32989081740379333
1560 1639 0.3276127874851227
1561 1595 0.42101871967315674
1562 1666 0.3537629246711731
1563 1615 0.3873826563358307
1564 1616 0.5073091983795166
1565 1617 0.5496788620948792
1575 1638 0.4039745032787323
1580 1598 0.37920406460762024
1581 1569 0.3809410035610199
1587 1686 0.4147959053516388
1593 1636 0.2652360498905182
1598 1676 0.32875514030456543
1599 1647 0.748262882232666
1601 1629 0.2692238688468933
1610 1605 0.26784250140190125
1615 1632 0.2643022835254669
1616 1607 0.2744129002094269
1619 1715 0.3502669036388397
1621 1687 0.26865166425704956
1622 1707 0.4724300801753998
1623 1627 0.32851600646972656
1624 1675 0.3662761151790619
1626 1644 0.45242178440093994
1629 1646 0.2839473485946655
1630 1589 0.2533121705055237
1631 1623 0.31644490361213684
1632 1608 0.29821348190307617
1634 1718 0.291985422372818
1635 1746 0.3948313891887665
1636 1674 0.4077560603618622
1637 1689 0.3779350519180298
1638 1708 0.4006820619106293
1639 1691 0.3124922513961792
1640 1692 0.2938719093799591
1641 1698 0.2823089063167572
1644 1658 0.28575193881988525
1645 1620 0.29518842697143555
1648 1626 0.26201799511909485
1651 1745 0.4077821373939514
1652 1659 0.3341355323791504
1654 1633 0.33639124035835266
1657 1677 0.314971387386322
1658 1690 0.3424209654331207
1659 1699 0.31068143248558044
1660 1700 0.31365907192230225
1661 1721 0.25536903738975525
1665 1757 0.28438231348991394
1666 1722 0.28150105476379395
1667 1664 0.3145010471343994
1668 1667 0.3617596924304962
1669 1648 0.5262618660926819
1672 1766 0.40385276079177856
1673 1725 0.39352619647979736
1674 1729 0.3261774778366089
1675 1681 0.28803515434265137
1677 1683 0.25202926993370056
1682 1797 0.5756400227546692
1683 1726 0.36583903431892395
1684 1758 0.2984089255332947
1685 1727 0.3407667279243469
1687 1661 0.3496171236038208
1693 1786 0.47721824049949646
1697 1682 0.27733269333839417
1699 1703 0.2656215727329254
1700 1695 0.46189528703689575
1705 1773 0.32980525493621826
1706 1787 0.2856374979019165
1714 1701 0.39806243777275085
1715 1711 0.31612998247146606
1716 1712 0.4182318449020386
1717 1702 0.31492334604263306
1720 1668 0.3148966133594513
1727 1820 0.5123003125190735
1728 1796 0.2705591917037964
1730 1767 0.3757833242416382
1732 1837 0.307012677192688
1733 1798 0.394294410943985
1735 1788 0.3826260268688202
1736 1790 0.29129981994628906
1737 1778 0.48717379570007324
1738 1754 0.40132492780685425
1747 1813 0.2613491714000702
1748 1814 0.30071982741355896
1749 1799 0.37885886430740356
1751 1776 0.50017911195755
1752 1779 0.31373775005340576
1753 1735 0.3107510507106781
1754 1753 0.3355741798877716
1755 1736 0.2613658607006073
1756 1738 0.3545573055744171
1758 1866 0.3643144369125366
1761 1810 0.34278231859207153
1762 1838 0.2790510654449463
1766 1733 0.2847253084182739
1768 1734 0.5608090162277222
1769 1723 0.3061504662036896
1770 1724 0.34819963574409485
1773 1877 0.5227993130683899
1774 1891 0.2562580406665802
1781 1889 0.3615906834602356
1783 1822 0.37192776799201965
1784 1868 0.41655680537223816
1785 1815 0.4881388247013092
1787 1795 0.26496022939682007
1789 1764 0.34844809770584106
1792 1901 0.30050310492515564
1794 1911 0.5538674592971802
1795 1903 0.41405683755874634
1796 1890 0.30538907647132874
1798 1859 0.2845038175582886
1799 1879 0.31720176339149475
1800 1860 0.3281969130039215
1801 1851 0.2708294987678528
1802 1791 0.26961544156074524
1803 1792 0.41867080330848694
1804 1826 0.6121978759765625
1813 1936 0.46974796056747437
1815 1962 0.48646068572998047
1816 1921 0.4061470031738281
1817 1880 0.33335286378860474
1819 1869 0.2980886399745941
1820 1840 0.4772801399230957
1825 1805 0.2556702494621277
1827 1983 0.3792850971221924
1832 1807 0.26928165555000305
1834 1900 0.33730998635292053
1836 1910 0.31433823704719543
1837 1938 0.25211772322654724
1840 1852 0.35528233647346497
1841 1825 0.25433415174484253
1843 1882 0.4519866406917572
1845 1828 0.3279891610145569
1847 1829 0.2698773443698883
1849 1937 0.4432964324951172
1851 1912 0.3473982810974121
1852 1839 0.29109764099121094
1857 1842 0.47793373465538025
1862 1959 0.6445983052253723
1863 2024 0.29682034254074097
1865 1922 0.38603323698043823
1868 1894 0.3785395920276642
1871 1844 0.25680556893348694
1872 1981 0.2572460472583771
1874 2001 0.5202676653862
1875 1960 0.278741717338562
1876 1945 0.2933482825756073
1877 1986 0.292626291513443
1878 1947 0.3610682785511017
1880 1895 0.35926467180252075
1881 1881 0.47400733828544617
1884 2003 0.3477250933647156
1885 1984 0.29289600253105164
1886 1971 0.3997507691383362
1888 1972 0.4617684483528137
1892 1857 0.32535263895988464
1895 2100 0.3035007119178772
1896 2088 0.5536815524101257
1900 2026 0.30120086669921875
1904 1916 0.45193490386009216
1905 1883 0.3347466289997101
1911 1872 0.6067724823951721
1912 1886 0.4310941696166992
1916 2012 0.31638485193252563
1920 1923 0.34245818853378296
1923 1884 0.25338149070739746
1925 1885 0.2853943407535553
1926 1871 0.25671496987342834
1927 1887 0.34776556491851807
1928 2103 0.33239322900772095
1931 2013 0.3066006898880005
1933 1988 0.36328330636024475
1934 2004 0.3272593021392822
1935 1949 0.40459638833999634
1936 1933 0.2807875871658325
1937 1888 0.3241240680217743
1943 1917 0.33411067724227905
1949 2090 0.288220077753067
1950 2029 0.2987828254699707
1951 2017 0.5098832249641418
1955 1941 0.28859248757362366
1960 2125 0.3439910411834717
1963 2135 0.31874921917915344
1964 2045 0.30079442262649536
1967 1966 0.41776981949806213
1968 1939 0.30530112981796265
1970 1942 0.37645480036735535
1975 2187 0.25941526889801025
1976 2123 0.46214863657951355
1977 2124 0.37591880559921265
1985 2104 0.447144091129303
1986 2077 0.4695410430431366
1987 2006 0.478235125541687
1988 2046 0.2804824709892273
1989 2047 0.2590138018131256
1990 1965 0.32230421900749207
1995 2126 0.27033019065856934
1997 2168 0.34868112206459045
1998 2136 0.2693808078765869
1999 1990 0.4756620228290558
2000 2009 0.2710173428058624
2005 1934 0.33366265892982483
2006 1993 0.40021881461143494
2009 2244 0.2961101233959198
2010 2162 0.5927352905273438
2012 2163 0.28676941990852356
2014 2141 0.41946372389793396
2015 2137 0.2744958698749542
2016 2094 0.4252801537513733
2017 2142 0.4620054364204407
2018 2033 0.36509525775909424
2024 1992 0.4042724072933197
2025 1977 0.41717302799224854
2028 2173 0.36659830808639526
2029 2165 0.37901750206947327
2030 2150 0.3146987855434418
2031 2151 0.3526570498943329
2032 2152 0.3618587255477905
2033 2166 0.32189813256263733
2035 2095 0.27354440093040466
2040 1994 0.3950980603694916
2041 2188 0.3207593858242035
2042 2189 0.2729879915714264
2043 2191 0.26366811990737915
2044 2192 0.3398573398590088
2045 2076 0.5876353979110718
2046 2034 0.2921801209449768
2047 2082 0.5032739043235779
2048 2064 0.37985846400260925
2049 2065 0.2919873595237732
2055 2199 0.2833181917667389
2056 2264 0.2657525837421417
2061 2079 0.28677788376808167
2062 2080 0.27742844820022583
2064 2131 0.36765778064727783
2067 2138 0.4791303277015686
2068 2170 0.2597019076347351
2069 2111 0.277170866727829
2071 1978 0.2738346457481384
2072 2068 0.32118120789527893
2075 2228 0.3446195125579834
2077 2049 0.2994360327720642
2078 2110 0.3741641044616699
2081 2098 0.2905193865299225
2082 2332 0.32533928751945496
2084 2234 0.6322994828224182
2085 2247 0.4557514786720276
2088 2084 0.33947834372520447
2089 2097 0.2610487639904022
2090 2099 0.293623149394989
2091 2216 0.4218217134475708
2092 2245 0.36122429370880127
2094 2229 0.42412662506103516
2097 2311 0.264310359954834
2098 2193 0.48852163553237915
2099 2231 0.5225968956947327
2100 2233 0.4594692587852478
2102 2218 0.5456165671348572
2103 2202 0.3525528013706207
2104 2195 0.3501209318637848
2105 2114 0.7386952638626099
2106 2369 0.2708834707736969
2107 2282 0.2781559228897095
2108 2246 0.3509935140609741
2109 2307 0.6038066148757935
2110 2287 0.4438256025314331
2111 2236 0.4791751205921173
2112 2203 0.3791671693325043
2113 2239 0.3260505795478821
2114 2108 0.26038116216659546
2116 2159 0.2501251995563507
2118 2370 0.33597859740257263
2119 2289 0.307390034198761
2120 2237 0.5382477641105652
2122 2128 0.25638002157211304
2124 2182 0.3279610276222229
2127 2118 0.43299978971481323
2129 2320 0.3233744204044342
2132 2219 0.3292885720729828
2133 2248 0.3680633306503296
2134 2251 0.40590810775756836
2135 2037 0.3705625534057617
2136 2386 0.32415807247161865
2139 2284 0.33845940232276917
2141 2321 0.41270148754119873
2143 2249 0.31124308705329895
2144 2171 0.2969689965248108
2145 2177 0.4099927246570587
2150 2443 0.2846783399581909
2152 2406 0.3726819157600403
2153 2407 0.42635342478752136
2155 2312 0.4012472331523895
2156 2197 0.2861640155315399
2157 2209 0.3898371756076813
2160 2426 0.29140010476112366
2162 2337 0.2546817362308502
2163 2339 0.4782200753688812
2164 2322 0.4332600235939026
2165 2323 0.32829710841178894
2166 2290 0.5151193141937256
2167 2291 0.3386324644088745
2168 2292 0.31336307525634766
2170 2183 0.5046744346618652
2171 2421 0.26696422696113586
2172 2422 0.26093748211860657
2173 2444 0.26148852705955505
2180 2293 0.3782758116722107
2184 2211 0.3799062967300415
2186 2185 0.29028040170669556
2188 2117 0.28862524032592773
2189 2420 0.3758198618888855
2190 2457 0.3421095609664917
2191 2485 0.25994622707366943
2194 2374 0.4032677710056305
2195 2379 0.35690221190452576
2196 2354 0.4474388360977173
2197 2347 0.4136495292186737
2200 2253 0.3720100522041321
2207 2486 0.37918636202812195
2208 2475 0.2683103680610657
2210 2342 0.4748937487602234
2211 2357 0.3185289204120636
2216 2242 0.26959308981895447
2217 2212 0.2849940061569214
2221 2358 0.46074217557907104
2222 2359 0.35150769352912903
2223 2360 0.3415221571922302
2224 2348 0.3536742031574249
2225 2196 0.329120934009552
2230 2275 0.3469410538673401
2233 2565 0.317717045545578
2235 2393 0.4390997886657715
2236 2394 0.5845528244972229
2237 2395 0.39586368203163147
2238 2206 0.27640825510025024
2239 2294 0.3620067834854126
2240 2326 0.2989729344844818
2241 2280 0.2710561156272888
2244 2225 0.283772736787796
2245 2564 0.33998051285743713
2246 2558 0.6366299986839294
2248 2427 0.5304222702980042
2249 2428 0.2766382098197937
2250 2381 0.3756245970726013
2252 2267 0.29658380150794983
2253 2268 0.30231747031211853
2254 2271 0.6346404552459717
2255 2272 0.2974914014339447
2258 2487 0.2909802496433258
2260 2412 0.32816624641418457
2261 2462 0.3284558653831482
2262 2446 0.4242164194583893
2263 2431 0.3685445189476013
2265 2313 0.2549383342266083
2267 2296 0.4444287419319153
2269 2300 0.45698362588882446
2272 2577 0.2786348760128021
2273 2557 0.36708495020866394
2276 2488 0.4174289107322693
2278 2499 0.27886563539505005
2279 2432 0.40583765506744385
2280 2491 0.3159467279911041
2281 2314 0.29634207487106323
2282 2252 0.29432404041290283
2284 2383 0.26401057839393616
2285 2325 0.4517478942871094
2286 2363 0.2943442463874817
2290 2273 0.35299521684646606
2292 2461 0.34323573112487793
2293 2430 0.3260064423084259
2294 2463 0.5118778944015503
2296 2274 0.34723663330078125
2297 2328 0.30101335048675537
2300 2489 0.25149720907211304
2301 2478 0.3759334981441498
2303 2503 0.2971154451370239
2305 2434 0.3380487561225891
2310 2303 0.321143239736557
2312 2562 0.27358222007751465
2313 2594 0.2918158769607544
2314 2613 0.3073387145996094
2315 2536 0.28854843974113464
2316 2490 0.3623570203781128
2317 2510 0.29555293917655945
2319 2480 0.39353445172309875
2320 2447 0.3346560001373291
2323 2448 0.4228003919124603
2326 2365 0.28376084566116333
2330 2500 0.3685554265975952
2331 2511 0.3153134286403656
2332 2505 0.3553616404533386
2333 2382 0.3959497809410095
2336 2566 0.31444916129112244
2337 2540 0.42355993390083313
2338 2542 0.25104454159736633
2339 2512 0.8739073872566223
2341 2367 0.4058995842933655
2342 2664 0.3202434480190277
2343 2535 0.5860962867736816
2344 2581 0.2814280390739441
2345 2538 0.49503305554389954
2346 2541 0.4284595251083374
2347 2513 0.4598190486431122
2348 2543 0.27124178409576416
2350 2414 0.3517598807811737
2353 2452 0.3182258903980255
2354 2329 0.4200049042701721
2355 2368 0.3320541977882385
2357 2644 0.31881794333457947
2358 2595 0.28468024730682373
2359 2603 0.45516812801361084
2360 2397 0.27172696590423584
2361 2450 0.25889724493026733
2363 2415 0.36043182015419006
2364 2416 0.3884136378765106
2365 2602 0.3642824590206146
2368 2583 0.2547140419483185
2370 2417 0.38985762000083923
2371 2437 0.4274600148200989
2374 2615 0.4552232623100281
2375 2567 0.5019475817680359
2376 2467 0.2560232877731323
2377 2493 0.335602343082428
2378 2451 0.32060709595680237
2380 2436 0.27449822425842285
2381 2495 0.5539425015449524
2382 2438 0.3897382915019989
2383 2454 0.6311108469963074
2384 2418 0.4358472526073456
2386 2645 0.3973304331302643
2388 2605 0.41467252373695374
2391 2455 0.5718569159507751
2392 2456 0.5195506811141968
2396 2667 0.28343465924263
2397 2648 0.2829863131046295
2399 2518 0.44875890016555786
2400 2519 0.38196831941604614
2401 2713 0.28093916177749634
2402 2666 0.3715360164642334
2403 2646 0.6428143978118896
2404 2616 0.482679158449173
2405 2670 0.9064573645591736
2406 2631 0.4890250563621521
2407 2649 0.2630404829978943
2408 2633 0.29843708872795105
2409 2617 0.2783695459365845
2411 2651 0.2880450487136841
2412 2606 0.2922082543373108
2417 2691 0.8730552196502686
2418 2620 0.31270572543144226
2419 2553 0.2979007959365845
2420 2522 0.3102668821811676
2422 2703 0.45381277799606323
2424 2647 0.2902366518974304
2425 2668 0.37911295890808105
2428 2521 0.4387598931789398
2429 2556 0.2955757677555084
2430 2509 0.29825669527053833
2431 2715 0.39287370443344116
2432 2716 0.36168792843818665
2434 2702 0.4250745475292206
2436 2671 0.3241126537322998
2438 2672 0.2827241122722626
2439 2635 0.3542619049549103
2440 2636 0.28417274355888367
2441 2494 0.36073270440101624
2443 2551 0.27503490447998047
2444 2552 0.30228257179260254
2448 2746 0.25466668605804443
2449 2686 0.41201919317245483
2450 2694 0.27479445934295654
2451 2695 0.3926868140697479
2452 2673 0.2625037133693695
2454 2555 0.6747245788574219
2455 2714 0.3299996852874756
2458 2723 0.2974993586540222
2460 2611 0.3193401098251343
2461 2531 0.403405100107193
2465 2734 0.3508071303367615
2467 2756 0.4103572964668274
2468 2757 0.40277156233787537
2469 2735 0.3249978721141815
2470 2781 0.3287777304649353
2471 2674 0.37424972653388977
2472 2696 0.27861201763153076
2474 2656 0.304932177066803
2476 2587 0.3419109284877777
2477 2622 0.3648049831390381
2478 2600 0.2623933255672455
2482 2858 0.3111884891986847
2484 2758 0.7613833546638489
2485 2736 0.44752761721611023
2487 2657 0.34704726934432983
2488 2598 0.4295027554035187
2489 2623 0.5272917151451111
2490 2589 0.3091076910495758
2494 2658 0.37645623087882996
2495 2586 0.44574588537216187
2497 2624 0.36105072498321533
2498 2639 0.3317035138607025
2499 2640 0.31952473521232605
2501 2642 0.28627318143844604
2502 2814 0.2909466624259949
2503 2803 0.2878475785255432
2505 2778 0.35273340344429016
2507 2760 0.35152512788772583
2508 2722 0.26175349950790405
2509 2737 0.25946277379989624
2511 2679 0.28128474950790405
2516 2804 0.27287477254867554
2517 2805 0.3389371335506439
2518 2806 0.39972028136253357
2519 2748 0.31376948952674866
2521 2655 0.35402819514274597
2522 2662 0.38419100642204285
2524 2759 0.2760178744792938
2525 2724 0.2989954650402069
2527 2608 0.26204997301101685
2529 2707 0.3480316400527954
2530 2643 0.31621983647346497
2531 2911 0.5139485001564026
2532 2912 0.36052289605140686
2534 2921 0.47167646884918213
2535 2818 0.36312153935432434
2537 2833 0.2743171453475952
2538 2782 0.3490823805332184
2540 2750 0.4231472909450531
2542 2738 0.3089635670185089
2543 2706 0.36489057540893555
2550 2832 0.28680962324142456
2555 2780 0.3289646506309509
2556 2794 0.5183406472206116
2567 2819 0.48630762100219727
2568 2820 0.4038034677505493
2569 2821 0.3850739300251007
2570 2822 0.2587728202342987
2571 2796 0.4007974863052368
2572 2785 0.26133522391319275
2574 2719 0.5262839794158936
2575 2752 0.3044794201850891
2576 2726 0.26283836364746094
2577 2700 0.2517803907394409
2581 2863 0.5513736009597778
2585 2739 0.39084115624427795
2586 2740 0.41211625933647156
2587 2725 0.2867409586906433
2588 2709 0.3074929416179657
2589 2957 0.3208707571029663
2590 2851 0.3455587923526764
2591 2859 0.27387121319770813
2592 2873 0.505442202091217
2593 2846 0.2678642272949219
2594 2729 0.42094165086746216
2596 2980 0.4462571442127228
2597 2956 0.3536347448825836
2598 2958 0.3400726020336151
2599 2885 0.29612255096435547
2603 2789 0.3263031542301178
2611 2787 0.2794601321220398
2612 2763 0.2664799392223358
2613 2753 0.33824577927589417
2616 2771 0.2671705484390259
2617 2772 0.30379432439804077
2620 2963 0.31693416833877563
2621 2881 0.26789361238479614
2622 2892 0.4066993296146393
2624 2810 0.303891122341156
2625 2762 0.2795296907424927
2626 2797 0.4279147982597351
2627 2742 0.7911571264266968
2630 2790 0.3290233314037323
2631 2745 0.4601770341396332
2633 2923 0.5626158714294434
2634 2915 0.26352459192276
2636 2891 0.29080823063850403
2638 2718 0.257639616727829
2640 2799 0.31205567717552185
2641 2811 0.2697383761405945
2642 2765 0.26634424924850464
2643 2770 0.26456254720687866
2645 3038 0.4646574854850769
2646 2894 0.5558539032936096
2647 2895 0.45600277185440063
2649 2788 0.2626003623008728
2650 2768 0.2938663065433502
2652 3006 0.2832460403442383
2653 3008 0.2993800938129425
2655 2982 0.26489099860191345
2660 2906 0.4883553385734558
2662 2907 0.4314207136631012
2663 3048 0.25510373711586
2665 2929 0.273995041847229
2666 2896 0.5283387303352356
2668 2847 0.697480320930481
2671 2848 0.3610558807849884
2688 2959 0.3137844502925873
2691 2898 0.3987220227718353
2692 2828 0.26643648743629456
2693 3078 0.26259610056877136
2697 2967 0.25444477796554565
2698 2969 0.6145798563957214
2700 2854 0.43270960450172424
2706 3115 0.2712407410144806
2707 3022 0.31878113746643066
2709 2950 0.6446616649627686
2711 2886 0.43612542748451233
2713 2887 0.3146780729293823
2715 2876 0.27978840470314026
2717 3128 0.3473181128501892
2722 2865 0.32192087173461914
2724 2860 0.2889832854270935
2725 2867 0.4182649552822113
2728 3145 0.3414033055305481
2730 3133 0.38441309332847595
2731 3102 0.28478315472602844
2735 2970 0.7063173651695251
2736 2888 0.6431240439414978
2738 2877 0.28431424498558044
2739 3163 0.2799261212348938
2740 3191 0.29911836981773376
2741 3165 0.3030431568622589
2742 3146 0.4778617322444916
2745 3082 0.35326698422431946
2746 2918 0.5694444179534912
2748 2853 0.33494240045547485
2749 2899 0.3321625292301178
2751 2900 0.2652570605278015
2752 2875 0.2950536012649536
2758 3178 0.46573999524116516
2759 3167 0.3407972753047943
2760 3024 0.31453946232795715
2762 2882 0.32875704765319824
2765 3105 0.305053174495697
2766 3106 0.2531071603298187
2767 3083 0.7411459684371948
2768 3051 0.5060682892799377
2769 3055 0.7718378901481628
2770 3086 0.47736799716949463
2771 2889 0.5584409832954407
2772 2901 0.35760167241096497
2778 3194 0.2904900312423706
2781 2942 0.5633423328399658
2782 2919 0.4109082818031311
2783 2953 0.4454628527164459
2784 2902 0.30180037021636963
2787 3208 0.29322102665901184
2788 3249 0.2641898989677429
2789 3250 0.4412638247013092
2790 3180 0.3155685365200043
2792 3251 0.34302040934562683
2793 3136 0.39418163895606995
2794 3098 0.2999962866306305
2797 2930 0.5333923101425171
2801 3237 0.2847723066806793
2803 3195 0.25703245401382446
2806 3015 0.4271291196346283
2807 3095 0.4341430962085724
2808 2971 0.5447550415992737
2809 2943 0.4196421802043915
2810 2960 0.28620877861976624
2812 2926 0.2686265707015991
2813 2974 0.369836688041687
2814 2954 0.6527354717254639
2815 2961 0.45982125401496887
2816 2932 0.376873642206192
2817 2955 0.30523037910461426
2818 3211 0.41948652267456055
2819 3212 0.36115506291389465
2820 3108 0.4023212492465973
2822 2994 0.3134694993495941
2823 2952 0.2717738747596741
2825 3002 0.4581041634082794
2826 2976 0.34098777174949646
2827 3277 0.45151185989379883
2828 3214 0.3433299958705902
2830 3064 0.2865772247314453
2831 2973 0.30034178495407104
2833 2993 0.288038432598114
2835 3264 0.2785171866416931
2836 3229 0.4212263524532318
2837 3240 0.39918237924575806
2838 3242 0.3490660786628723
2839 3137 0.6000981330871582
2841 3122 0.28973719477653503
2843 2989 0.3136013448238373
2845 2991 0.3010142147541046
2846 2997 0.6894484162330627
2848 2962 0.4766937792301178
2851 3138 0.4248066842556
2853 3087 0.29577821493148804
2854 3052 0.3622150421142578
2855 2972 0.29385510087013245
2857 3001 0.27038148045539856
2858 3003 0.7780717611312866
2859 3033 0.3669201135635376
2860 3265 0.3761988878250122
2861 3259 0.30659952759742737
2862 3196 0.29503756761550903
2864 3017 0.39167359471321106
2867 3284 0.37497639656066895
2868 3267 0.39684268832206726
2869 3268 0.34345707297325134
2870 3181 0.4048982560634613
2871 3129 0.2921009957790375
2872 3152 0.27399346232414246
2873 3028 0.31215807795524597
2874 3030 0.3334129750728607
2875 2996 0.5045560598373413
2876 3031 0.3488128185272217
2877 3046 0.3565177917480469
2880 3032 0.507320761680603
2881 3293 0.3911133408546448
2882 3169 0.40239763259887695
2883 3153 0.2769378125667572
2886 3042 0.2648361921310425
2888 3043 0.33823320269584656
2893 3254 0.3904429078102112
2894 3243 0.35180652141571045
2896 3056 0.3738306164741516
2897 3034 0.542307436466217
2898 3075 0.4681661128997803
2899 3292 0.40874460339546204
2901 3285 0.9565719366073608
2902 3231 0.5695937275886536
2903 3151 0.3357287645339966
2904 3197 0.3696628510951996
2905 3069 0.37675216794013977
2906 3057 0.3684426248073578
2907 3058 0.4927073121070862
2908 3311 0.2952520549297333
2909 3182 0.726349413394928
2912 3067 0.322208046913147
2913 3071 0.31158581376075745
2914 3096 0.27755919098854065
2916 3090 0.37407419085502625
2917 3091 0.45100104808807373
2921 3384 0.36366355419158936
2922 3286 0.4736661911010742
2924 3218 0.36448368430137634
2925 3172 0.43872684240341187
2927 3065 0.32194972038269043
2928 3074 0.34543490409851074
2929 3093 0.3099244236946106
2934 3089 0.28471988439559937
2937 3385 0.37517422437667847
2940 3126 0.5176599025726318
2947 3403 0.3646223843097687
2948 3288 0.3608039319515228
2949 3255 0.42248719930648804
2950 3220 0.3765474259853363
2951 3099 0.31170469522476196
2952 3125 0.4797530770301819
2953 3132 0.3127838671207428
2954 3111 0.2746600806713104
2955 3059 0.37992802262306213
2958 3340 0.3652450144290924
2959 3287 0.5017078518867493
2961 3217 0.4671545922756195
2962 3173 0.3116782605648041
2963 3156 0.4131582975387573
2966 3159 0.38955768942832947
2967 3113 0.3495011031627655
2968 3402 0.3131450116634369
2969 3404 0.36517882347106934
2971 3405 0.2740509510040283
2972 3216 0.5919201374053955
2973 3155 0.3414469361305237
2980 3407 0.4334067404270172
2981 3316 0.3373708128929138
2982 3306 0.39651206135749817
2983 3280 0.4853619635105133
2984 3271 0.4240962862968445
2987 3141 0.39122188091278076
2989 3441 0.32705649733543396
2990 3417 0.37324994802474976
2991 3354 0.3326028287410736
2992 3369 0.44345879554748535
2994 3322 0.44426900148391724
2995 3356 0.4403251111507416
2996 3305 0.41690337657928467
2997 3295 0.25858286023139954
2998 3174 0.370164155960083
2999 3184 0.5945197343826294
3000 3157 0.2993007302284241
3005 3428 0.3226788341999054
3006 3430 0.3203815221786499
3007 3281 0.45185089111328125
3008 3185 0.578705906867981
3009 3200 0.6303300857543945
3010 3201 0.523113489151001
3012 3177 0.7291192412376404
3014 3370 0.265381783246994
3017 3346 0.36242201924324036
3018 3221 0.3337947428226471
3020 3187 0.338212251663208
3021 3161 0.35088106989860535
3022 3207 0.27634263038635254
3024 3457 0.4121076166629791
3025 3373 0.4679505228996277
3026 3323 0.5333719849586487
3027 3232 0.3027840256690979
3028 3233 0.5570043921470642
3029 3203 0.3468054234981537
3031 3205 0.27133437991142273
3034 3458 0.2938932180404663
3035 3446 0.3583042025566101
3037 3300 0.2714526653289795
3039 3223 0.46559521555900574
3041 3206 0.4864518642425537
3043 3227 0.2741011381149292
3047 3374 0.292642742395401
3048 3272 0.31450045108795166
3049 3224 0.37016379833221436
3050 3225 0.5698915123939514
3051 3246 0.31844115257263184
3052 3247 0.3148188591003418
3053 3470 0.4635213613510132
3054 3431 0.2800542712211609
3055 3344 0.4368397295475006
3056 3345 0.2572406530380249
3057 3324 0.5895506143569946
3058 3222 0.4049268066883087
3059 3273 0.6121160984039307
3060 3244 0.31221166253089905
3061 3234 0.3527892529964447
3062 3471 0.6660216450691223
3064 3387 0.43652114272117615
3065 3325 0.2800206243991852
3067 3290 0.49072277545928955
3068 3261 0.43360310792922974
3069 3262 0.5018044710159302
3071 3258 0.2893851101398468
3073 3497 0.3901265263557434
3074 3444 0.29988157749176025
3076 3400 0.25399917364120483
3079 3276 0.2720069885253906
3086 3388 0.28040650486946106
3088 3296 0.7705507874488831
3089 3291 0.42211467027664185
3091 3355 0.6117146015167236
3092 3347 0.41564610600471497
3093 3333 0.29192054271698
3094 3263 0.4741886556148529
3096 3536 0.3669655919075012
3097 3537 0.49464893341064453
3098 3538 0.3245893120765686
3099 3466 0.27294063568115234
3105 3289 0.35787665843963623
3106 3308 0.8658340573310852
3107 3301 0.49494102597236633
3108 3302 0.3746350407600403
3109 3303 0.4861689805984497
3111 3275 0.3436136841773987
3112 3545 0.38340261578559875
3113 3498 0.4056225121021271
3116 3500 0.26448434591293335
3117 3390 0.44791316986083984
3119 3314 0.3658052086830139
3120 3310 0.44261881709098816
3121 3562 0.4030005633831024
3124 3326 0.3181157410144806
3128 3571 0.30432119965553284
3129 3560 0.4089809060096741
3130 3561 0.3308423161506653
3131 3522 0.4574344754219055
3132 3408 0.2667977809906006
3133 3313 0.3258761763572693
3135 3335 0.33995360136032104
3136 3365 0.2967679798603058
3138 3587 0.5377711057662964
3140 3334 0.377575159072876
3141 3327 0.4183894097805023
3145 3588 0.55557781457901
3146 3589 0.5742538571357727
3148 3539 0.6092089414596558
3149 3409 0.25852370262145996
3150 3418 0.40582525730133057
3153 3331 0.36280688643455505
3155 3328 0.36533069610595703
3157 3315 0.6024686694145203
3158 3319 0.3211514949798584
3161 3603 0.2865542471408844
3163 3460 0.30014166235923767
3167 3332 0.5176367163658142
3172 3350 0.3032675087451935
3173 3582 0.40287837386131287
3175 3432 0.2508748471736908
3176 3377 0.41294872760772705
3180 3580 0.5337592363357544
3181 3484 0.34412822127342224
3182 3450 0.2899038791656494
3185 3410 0.29076525568962097
3187 3363 0.7623395323753357
3190 3382 0.2523082196712494
3192 3652 0.42275282740592957
3193 3358 0.2991029918193817
3195 3351 0.37085777521133423
3196 3379 0.42472323775291443
3197 3661 0.427384614944458
3198 3685 0.39484530687332153
3200 3477 0.3321593701839447
3202 3604 0.4714111387729645
3203 3514 0.4437037408351898
3204 3547 0.35238271951675415
3205 3445 0.2823428511619568
3212 3433 0.3373511731624603
3213 3411 0.4579818546772003
3215 3440 0.4274009168148041
3218 3625 0.4740670323371887
3222 3501 0.25249502062797546
3227 3422 0.2811278700828552
3231 3637 0.5294544696807861
3232 3572 0.2905113697052002
3239 3380 0.2963205873966217
3241 3412 0.2702399492263794
3245 3686 0.9453211426734924
3248 3523 0.36173346638679504
3249 3548 0.3061518967151642
3251 3540 0.3437880575656891
3252 3455 0.5861353874206543
3256 3744 0.4922385811805725
3257 3672 0.3912968933582306
3259 3463 0.4894683063030243
3260 3426 0.6002097725868225
3261 3439 0.32021230459213257
3262 3415 0.3701295554637909
3264 3715 0.3630862236022949
3265 3626 0.2812911868095398
3266 3606 0.49216535687446594
3267 3613 0.3705417215824127
3268 3592 0.833605170249939
3275 3436 0.2523135244846344
3278 3605 0.427374005317688
3279 3645 0.29292839765548706
3280 3553 0.451799601316452
3281 3573 0.28676721453666687
3282 3452 0.30680808424949646
3283 3481 0.43035393953323364
3287 3716 0.429879367351532
3289 3480 0.39505207538604736
3292 3612 0.3521905541419983
3293 3653 0.3061670958995819
3294 3524 0.3249814510345459
3297 3516 0.2746414542198181
3298 3482 0.44502463936805725
3302 3673 0.3442174792289734
3306 3493 0.25598350167274475
3308 3866 0.27465876936912537
3309 3806 0.35486921668052673
3314 3517 0.42371708154678345
3316 3494 0.33203044533729553
3317 3496 0.2945857644081116
3318 3511 0.33114755153656006
3323 3687 0.2801889181137085
3324 3640 0.36009374260902405
3326 3655 0.26555243134498596
3327 3614 0.3012505769729614
3328 3531 0.2970638871192932
3329 3510 0.5002182126045227
3330 3535 0.3876993954181671
3331 3513 0.3845033049583435
3334 3807 0.3811277747154236
3340 3532 0.3768880069255829
3341 3884 0.264366090297699
3342 3830 0.29270973801612854
3343 3885 0.2569442093372345
3346 3533 0.35973814129829407
3348 3887 0.26956892013549805
3350 3748 0.2545141875743866
3351 3729 0.3467720150947571
3352 3815 0.4159304201602936
3354 3654 0.4337664842605591
3355 3549 0.35869601368904114
3356 3518 0.3405250012874603
3357 3869 0.3574284613132477
3360 3761 0.4432448446750641
3361 3688 0.5472127199172974
3362 3689 0.3451961278915405
3366 3519 0.28715527057647705
3367 3520 0.3583848476409912
3369 3557 0.37555187940597534
3370 3550 0.3429742753505707
3371 3558 0.5392152070999146
3372 3935 0.26680541038513184
3377 3677 0.5028526782989502
3378 3720 0.2567507028579712
3381 3952 0.49897655844688416
3383 3732 0.3039630055427551
3384 3690 0.279729425907135
3385 3691 0.39429327845573425
3388 3699 0.29018571972846985
3389 3559 0.4000871479511261
3390 3566 0.32775840163230896
3391 3567 0.3671630322933197
3396 3730 0.4115220308303833
3400 3702 0.3217296600341797
3404 3593 0.44322118163108826
3406 3595 0.2659860849380493
3408 3936 0.30708909034729004
3409 3919 0.29562875628471375
3412 3733 0.4008532762527466
3414 3701 0.2619090676307678
3415 3713 0.3100663423538208
3416 4021 0.27633947134017944
3417 3823 0.28390538692474365
3419 3734 0.26054710149765015
3420 3735 0.3195841610431671
3424 4020 0.39743199944496155
3425 3853 0.33131590485572815
3429 3607 0.3162684142589569
3430 3620 0.45218539237976074
3431 3622 0.39607855677604675
3434 3773 0.3336782455444336
3435 3776 0.32742786407470703
3436 3649 0.31582382321357727
3438 3623 0.26253801584243774
3440 3569 0.3315577208995819
3441 4048 0.3938588500022888
3442 4023 0.45163288712501526
3444 3814 0.46737828850746155
3445 3874 0.6085643768310547
3447 3775 0.2663102149963379
3448 3762 0.34364742040634155
3451 3781 0.3092760443687439
3452 3749 0.3643960952758789
3454 3642 0.4732268452644348
3455 3631 0.4202316999435425
3458 4064 0.5030220150947571
3459 3967 0.4279972314834595
3460 3907 0.28188198804855347
3464 3641 0.39409705996513367
3467 4091 0.7662660479545593
3468 3841 0.3067258894443512
3470 3824 0.3423762321472168
3473 3681 0.284084677696228
3474 3682 0.4808276295661926
3476 3650 0.3902992010116577
3481 3610 0.4575265049934387
3482 3601 0.30747857689857483
3483 4065 0.28546974062919617
3485 3921 0.4650990664958954
3486 3791 0.37900233268737793
3490 3848 0.2905387878417969
3493 3658 0.3083798289299011
3497 4106 0.3564215898513794
3498 3955 0.3165040612220764
3501 4124 0.5100840926170349
3503 4041 0.36430853605270386
3505 3909 0.39379987120628357
3506 3891 0.3443649113178253
3509 3858 0.30782124400138855
3510 3860 0.3652753233909607
3511 3849 0.4581347405910492
3512 3797 0.3100211024284363
3516 3683 0.4002382755279541
3517 3684 0.37317022681236267
3520 4092 0.35745948553085327
3521 4086 0.2720199525356293
3523 3854 0.25010946393013
3524 3910 0.30881038308143616
3525 3913 0.25769466161727905
3526 3725 0.44086337089538574
3530 4024 0.31968626379966736
3531 4006 0.4026924669742584
3534 3850 0.32260560989379883
3535 3724 0.39046710729599
3536 3728 0.3517998158931732
3538 4156 0.4605550467967987
3541 3894 0.3042605519294739
3542 3925 0.2591756582260132
3543 3846 0.5768094062805176
3544 3896 0.43953007459640503
3545 3847 0.25347262620925903
3546 3877 0.3133176565170288
3547 3878 0.2744835913181305
3550 3750 0.5982205271720886
3551 3767 0.44005393981933594
3552 3659 0.305304616689682
3554 3740 0.25297489762306213
3559 4042 0.6669585108757019
3560 4007 0.4053927958011627
3561 4025 0.3791339099407196
3562 4008 0.39538639783859253
3563 3956 0.3847714364528656
3566 3923 0.318911612033844
3567 3892 0.3923383057117462
3570 3799 0.2758413255214691
3571 3704 0.3421800434589386
3572 3752 0.4655015468597412
3573 3739 0.40519335865974426
3574 3756 0.37421369552612305
3577 3988 0.2722231447696686
3578 3924 0.3446195125579834
3579 3943 0.41038545966148376
3581 3783 0.26941701769828796
3582 3800 0.387928307056427
3583 3769 0.25918206572532654
3584 3757 0.2929057776927948
3585 4158 0.5400674939155579
3586 4159 0.47573143243789673
3587 4136 0.2944812774658203
3588 3897 0.33832836151123047
3589 3960 0.29310640692710876
3591 3809 0.31446507573127747
3593 3751 0.2894485890865326
3595 3753 0.36916399002075195
3598 4160 0.42564937472343445
3600 4072 0.36136937141418457
3604 3974 0.43691349029541016
3606 3802 0.2615331709384918
3607 4277 0.3179062008857727
3608 4197 0.2794358730316162
3611 4186 0.2763668894767761
3613 3970 0.33484306931495667
3614 4009 0.5133214592933655
3615 3989 0.3195417821407318
3616 3993 0.33858078718185425
3617 3958 0.2718687355518341
3618 3973 0.4546622931957245
3620 3813 0.3220519721508026
3622 3785 0.28606224060058594
3625 3758 0.40016883611679077
3626 4093 0.3693777620792389
3627 4027 0.3842543959617615
3628 3990 0.27019229531288147
3629 3992 0.29822826385498047
3630 4010 0.3006782531738281
3631 3959 0.45745670795440674
3633 3765 0.26768213510513306
3636 3834 0.5244166851043701
3638 3836 0.3632999360561371
3639 3812 0.3949371874332428
3640 3822 0.28141218423843384
3642 3784 0.309030145406723
3643 3786 0.2736675441265106
3645 4216 0.2947976589202881
3646 4094 0.42494890093803406
3647 4076 0.30939996242523193
3648 4077 0.25691089034080505
3652 4030 0.38213592767715454
3653 3827 0.2927546799182892
3654 3828 0.3133179545402527
3655 4324 0.3829202651977539
3656 4325 0.32029232382774353
3657 4294 0.277792751789093
3660 4087 0.3968888521194458
3661 4073 0.36591023206710815
3663 4055 0.415323942899704
3665 4058 0.32002606987953186
3667 3864 0.2784324884414673
3668 3837 0.3701888620853424
3672 4278 0.9582172632217407
3673 4201 0.3629615902900696
3674 4175 0.2809402346611023
3675 4026 0.41402289271354675
3677 4067 0.4523380696773529
3679 3808 0.26994478702545166
3681 3902 0.3928534984588623
3682 3903 0.6330108046531677
3685 4138 0.5259793996810913
3686 4139 0.40607884526252747
3687 4117 0.5138877034187317
3690 4202 0.3343280553817749
3691 4148 0.37952861189842224
3692 4096 0.27219536900520325
3693 4097 0.2567688226699829
3694 4078 0.3169172406196594
3695 4080 0.2942869961261749
3696 4074 0.46813976764678955
3698 4056 0.31645455956459045
3699 4089 0.2836001217365265
3700 4090 0.28206726908683777
3701 3914 0.34424275159835815
3702 3927 0.32029691338539124
3703 3880 0.2524251937866211
3706 3904 0.30370453000068665
3710 4217 0.31727710366249084
3712 3928 0.34672901034355164
3714 3929 0.32326775789260864
3715 3948 0.2657581567764282
3717 4389 0.25218361616134644
3719 4108 0.2765292823314667
3720 4098 0.33412787318229675
3722 3882 0.583042323589325
3724 4311 0.3521391749382019
3727 4126 0.30302175879478455
3729 4121 0.30996936559677124
3733 4123 0.25544992089271545
3734 3962 0.4585263729095459
3736 3963 0.4838377833366394
3740 3950 0.3417195975780487
3741 3916 0.6972907781600952
3742 3931 0.34002363681793213
3743 3932 0.279241681098938
3746 4440 0.28122198581695557
3747 4372 0.29781076312065125
3748 4125 0.2927703261375427
3749 4116 0.2848733365535736
3750 4109 0.27753007411956787
3752 3977 0.3755490183830261
3753 4015 0.2538817226886749
3754 3978 0.3145739436149597
3756 4017 0.4593636691570282
3759 4461 0.2653220593929291
3760 4391 0.25249284505844116
3762 4252 0.413671612739563
3764 4129 0.30014678835868835
3767 3976 0.38762617111206055
3771 4481 0.43292340636253357
3772 4417 0.2941284477710724
3774 4394 0.315992534160614
3776 4237 0.3167712986469269
3777 4162 0.42821526527404785
3778 4150 0.4419279396533966
3781 4141 0.2999805510044098
3784 4013 0.6421716213226318
3786 3901 0.2740446925163269
3789 3964 0.31179508566856384
3791 3980 0.2923596203327179
3793 3934 0.49051597714424133
3795 4480 0.28221362829208374
3801 4044 0.361223965883255
3802 4045 0.3057364225387573
3805 4522 0.3515945374965668
3808 4398 0.3603641092777252
3809 4374 0.28121206164360046
3810 4279 0.2867562770843506
3811 4238 0.31670302152633667
3812 4229 0.3239652216434479
3813 4203 0.34740322828292847
3815 4101 0.33359870314598083
3816 4059 0.36907386779785156
3817 4060 0.5370838046073914
3819 4035 0.39318183064460754
3821 4016 0.2617108225822449
3822 4452 0.2713543176651001
3823 4395 0.5873205065727234
3824 4396 0.4239034056663513
3825 4397 0.3824283182621002
3827 4365 0.2988671660423279
3828 4281 0.2587856650352478
3829 4282 0.3521418571472168
3830 4283 0.43387529253959656
3831 4284 0.33968299627304077
3835 4038 0.2665015161037445
3836 4001 0.25303739309310913
3837 4482 0.38676655292510986
3839 4451 0.2948850989341736
3846 4231 0.3025418519973755
3848 4046 0.3807826340198517
3849 4037 0.7115530371665955
3850 4018 0.28396469354629517
3851 4019 0.4031412601470947
3853 4039 0.3371289372444153
3856 4463 0.342096209526062
3857 4465 0.3566616475582123
3858 4495 0.2871399521827698
3860 4496 0.3772789239883423
3861 4497 0.4162462651729584
3863 4418 0.2736148536205292
3864 4298 0.39211609959602356
3865 4261 0.2592196464538574
3866 4219 0.27302730083465576
3867 4190 0.2663894593715668
3868 4192 0.3897048234939575
3871 4220 0.2857053577899933
3875 4193 0.35959166288375854
3876 4240 0.2861454486846924
3877 4062 0.39943408966064453
3878 4523 0.3262801468372345
3879 4466 0.6752356886863708
3880 4483 0.40665203332901
3883 4315 0.45543041825294495
3885 4272 0.26413020491600037
3889 4111 0.2596890330314636
3892 4551 0.26021087169647217
3895 4328 0.3629484474658966
3897 4299 0.2685970962047577
3898 4313 0.9493704438209534
3899 4314 0.4067939817905426
3900 4242 0.262184202671051
3904 4131 0.33103546500205994
3906 4112 0.27524900436401367
3907 4102 0.334631085395813
3908 4103 0.34686097502708435
3918 4063 0.2669820785522461
3920 4552 0.38548433780670166
3922 4375 0.3221367597579956
3928 4104 0.3420472741127014
3929 4534 0.5756290555000305
3930 4512 0.31781676411628723
3931 4403 0.2757019102573395
3933 4341 0.3910793960094452
3934 4383 0.46364250779151917
3936 4331 0.29204556345939636
3940 4180 0.2858487069606781
3941 4132 0.4344731867313385
3942 4083 0.26853692531585693
3943 4601 0.8242753148078918
3945 4442 0.4113081991672516
3949 4194 0.36101388931274414
3950 4113 0.27779725193977356
3951 4602 0.3668553829193115
3952 4588 0.3046967089176178
3953 4404 0.3243764042854309
3954 4351 0.36578601598739624
3956 4165 0.622161865234375
3957 4114 0.2709271311759949
3960 4443 0.26023048162460327
3961 4405 0.48610174655914307
3963 4317 0.2840556800365448
3964 4352 0.25825926661491394
3966 4209 0.2582474648952484
3967 4167 0.39183688163757324
3969 4639 0.4662950932979584
3971 4525 0.30501535534858704
3972 4419 0.8166192173957825
3975 4456 0.3922036290168762
3978 4233 0.3053506314754486
3979 4155 0.5255657434463501
3980 4647 0.28222572803497314
3981 4640 0.45564934611320496
3983 4553 0.3944835960865021
3985 4468 0.2808941602706909
3986 4420 0.2799399793148041
3987 4455 0.290823757648468
3988 4366 0.32884639501571655
3989 4384 0.41962575912475586
3990 4319 0.2668181359767914
3991 4211 0.6360959410667419
3992 4223 0.36662769317626953
3994 4168 0.35604992508888245
3998 4406 0.47119179368019104
3999 4407 0.2809349000453949
4000 4445 0.5237873792648315
4001 4409 0.7295894622802734
4003 4212 0.2726089358329773
4005 4196 0.35402819514274597
4006 4170 0.33279669284820557
4007 4171 0.2915872037410736
4008 4182 0.30526211857795715
4011 4172 0.3047937750816345
4016 4488 0.3379156291484833
4017 4457 0.3377777338027954
4018 4422 0.29340705275535583
4020 4423 0.29287365078926086
4021 4425 0.4039433002471924
4023 4213 0.3091174066066742
4024 4663 0.30027565360069275
4027 4469 0.26666805148124695
4028 4470 0.33279603719711304
4030 4472 0.30746331810951233
4032 4236 0.31374046206474304
4035 4665 0.36207446455955505
4036 4427 0.4809432029724121
4037 4378 0.2562873661518097
4039 4274 0.33734118938446045
4040 4250 0.3310483992099762
4041 4276 0.37812215089797974
4043 4214 0.5028594136238098
4045 4689 0.31895145773887634
4046 4690 0.2680635452270508
4049 4499 0.2597886025905609
4050 4471 0.27761080861091614
4051 4490 0.6204180717468262
4055 4676 0.4126400947570801
4056 4538 0.36358797550201416
4059 4515 0.34926921129226685
4060 4516 0.345127671957016
4061 4501 0.3264986574649811
4062 4291 0.40492257475852966
4064 4706 0.44076162576675415
4065 4691 0.25124070048332214
4066 4680 0.2640770673751831
4067 4681 0.3620644509792328
4072 4502 0.547688364982605
4073 4503 0.4405847191810608
4078 4322 0.36467140913009644
4081 4713 0.2714669108390808
4082 4562 0.4355281591415405
4085 4544 0.2543812096118927
4086 4545 0.2569025754928589
4087 4491 0.37822601199150085
4088 4410 0.2996465861797333
4089 4430 0.32867082953453064
4090 4431 0.29701855778694153
4092 4433 0.2935173213481903
4096 4750 0.2619440257549286
4097 4728 0.346807062625885
4098 4739 0.42177343368530273
4099 4664 0.46592703461647034
4102 4574 0.26168063282966614
4104 4557 0.4221428632736206
4105 4558 0.27953583002090454
4108 4293 0.4243641197681427
4110 4336 0.3623335361480713
4111 4337 0.42977482080459595
4113 4725 0.43089479207992554
4114 4707 0.44418975710868835
4116 4591 0.2961236834526062
4117 4592 0.2793245017528534
4119 4356 0.35723593831062317
4120 4730 0.34292489290237427
4121 4744 0.482680082321167
4123 4564 0.40074703097343445
4124 4565 0.378388375043869
4125 4566 0.4339655041694641
4127 4542 0.2575641870498657
4129 4567 0.3070390224456787
4130 4580 0.3858675956726074
4133 4749 0.4013455808162689
4135 4772 0.26444223523139954
4136 4773 0.31007668375968933
4138 4751 0.32553669810295105
4141 4576 0.2794337272644043
4142 4613 0.3963562846183777
4143 4614 0.390125036239624
4144 4581 0.3317493796348572
4148 4518 0.3278159201145172
4149 4504 0.2683316171169281
4150 4492 0.27585551142692566
4156 4632 0.33173832297325134
4158 4413 0.3965581953525543
4163 4731 0.4267846643924713
4165 4594 0.25396624207496643
4166 4605 0.37391939759254456
4167 4606 0.3314938545227051
4170 4381 0.39724254608154297
4171 4752 0.35056665539741516
4172 4753 0.4041552245616913
4173 4754 0.3165898025035858
4174 4630 0.3059648275375366
4176 4616 0.5198133587837219
4177 4607 0.31398889422416687
4179 4568 0.25185626745224
4182 4436 0.4538504481315613
4188 4767 0.4257679283618927
4189 4652 0.3287253677845001
4191 4618 0.2587219774723053
4195 4585 0.260935515165329
4199 4448 0.5194218754768372
4201 4797 0.32737261056900024
4202 4633 0.42071208357810974
4203 4649 0.38682225346565247
4204 4584 0.34514907002449036
4206 4494 0.4185977578163147
4207 4653 0.2929462790489197
4208 4654 0.32526081800460815
4209 4666 0.34207335114479065
4211 4595 0.44182175397872925
4212 4582 0.30723175406455994
4213 4583 0.33854785561561584
4216 4475 0.6621406674385071
4217 4476 0.3330309987068176
4218 4449 0.34900549054145813
4220 4437 0.4240522086620331
4222 4793 0.37645480036735535
4224 4642 0.36463281512260437
4228 4608 0.37348103523254395
4230 4509 0.26596832275390625
4234 4658 0.4098023474216461
4238 4510 0.47229403257369995
4242 4682 0.38310617208480835
4243 4656 0.2903861701488495
4244 4668 0.2892143428325653
4248 4519 0.467323899269104
4250 4521 0.27023401856422424
4253 4825 0.3830736577510834
4254 4667 0.349473774433136
4260 4548 0.5321556329727173
4263 4843 0.5916509628295898
4264 4827 0.3623065948486328
4265 4819 0.45479801297187805
4267 4646 0.2635999917984009
4272 4559 0.2657591700553894
4274 4851 0.612417995929718
4275 4826 0.3768470287322998
4276 4802 0.7762455344200134
4277 4708 0.32904621958732605
4278 4684 0.48715707659721375
4279 4626 0.28730538487434387
4284 4838 0.3394097089767456
4285 4727 0.3816402554512024
4286 4692 0.37739261984825134
4287 4694 0.4169813096523285
4288 4550 0.637864887714386
4293 4587 0.4889243245124817
4294 4532 0.6289430260658264
4295 4732 0.31471559405326843
4296 4704 0.27556654810905457
4298 4598 0.4581163823604584
4300 4861 0.9066648483276367
4303 4714 0.46544650197029114
4304 4715 0.3823338747024536
4305 4609 0.4197990894317627
4306 4599 0.3972080647945404
4310 4745 0.723066508769989
4312 4765 0.2948223948478699
4313 4733 0.37782153487205505
4316 4867 0.508149266242981
4317 4852 0.47207608819007874
4318 4857 0.34507763385772705
4320 4828 0.40896177291870117
4321 4830 0.3481285572052002
4322 4747 0.41051778197288513
4323 4755 0.3829772472381592
4324 4759 0.3858087360858917
4327 4610 0.4657115638256073
4329 4871 0.333147257566452
4330 4872 0.42063745856285095
4334 4756 0.36763182282447815
4335 4734 0.2554260492324829
4340 4782 0.27682533860206604
4342 4884 0.4035274386405945
4343 4866 0.3827921152114868
4348 4868 0.5386092662811279
4349 4853 0.33629563450813293
4352 4775 0.3363668620586395
4353 4776 0.2837686836719513
4355 4892 0.41995126008987427
4356 4784 0.36771246790885925
4357 4661 0.26396098732948303
4360 4794 0.27083078026771545
4361 4798 0.3677173852920532
4362 4795 0.3339252769947052
4364 4785 0.28336629271507263
4367 4909 0.3968956768512726
4368 4876 0.41184908151626587
4369 4803 0.3315630853176117
4370 4788 0.3146771788597107
4373 4910 0.4035012722015381
4374 4881 0.5418757200241089
4375 4873 0.411981463432312
4376 4869 0.5157686471939087
4377 4804 0.286037415266037
4378 4800 0.33529552817344666
4379 4796 0.3223678767681122
4387 4887 0.582672119140625
4388 4885 0.5329092741012573
4392 4809 0.2653220593929291
4393 4812 0.2801004946231842
4399 4905 0.6173242926597595
4400 4886 0.30803680419921875
4402 4810 0.41292351484298706
4403 4820 0.27507370710372925
4404 4839 0.38340625166893005
4405 4815 0.2626612186431885
4410 4894 0.44505393505096436
4411 4898 0.3729058802127838
4412 4899 0.41188207268714905
4413 4900 0.6087344288825989
4415 4832 0.28565874695777893
4417 4834 0.28168874979019165
4421 4719 0.2700992822647095
4425 4915 0.3679797947406769
4426 4882 0.29247257113456726
4427 4854 0.2927893102169037
4428 4897 0.3149581849575043
4431 4735 0.3577903211116791
4435 4930 0.26883286237716675
4436 4901 0.293544739484787
4440 4864 0.2678197920322418
4445 4906 0.5139681100845337
4449 4921 0.414763867855072
4450 4913 0.3327084481716156
4451 4858 0.2802204489707947
4452 4849 0.2697419822216034
4453 4965 0.289011687040329
4454 4931 0.26483896374702454
4456 4976 0.27608078718185425
4457 4953 0.3613845109939575
4459 4870 0.4271996021270752
4461 4865 0.26670950651168823
4463 4961 0.3134132921695709
4464 4962 0.3597847819328308
4465 4955 0.408333957195282
4466 4928 0.4826492369174957
4467 4878 0.3001427948474884
4468 4991 0.582546591758728
4469 4992 0.39832979440689087
4470 4993 0.2766052484512329
4471 4977 0.30299749970436096
4472 4978 0.44647806882858276
4473 4954 0.37002649903297424
4475 4877 0.3672659993171692
4476 4874 0.30879151821136475
4478 4971 0.30716612935066223
4479 4967 0.3938986659049988
4480 4889 0.3062435984611511
4481 4890 0.40768298506736755
4482 4903 0.31712040305137634
4484 5011 0.40346434712409973
4485 5016 0.3082713186740875
4487 4994 0.2741087079048157
4489 5018 0.4565601944923401
4492 4984 0.29795563220977783
4494 4891 0.2631739675998688
4496 5025 0.41914862394332886
4497 4989 0.30416133999824524
4498 4896 0.3100219964981079
4501 5024 0.35140010714530945
4502 5029 0.48854491114616394
4503 5030 0.4216097593307495
4505 5026 0.336762934923172
4507 5014 0.2547837495803833
4508 4972 0.35582485795021057
4509 4888 0.2741855978965759
4510 4908 0.31259122490882874
4512 5015 0.37711596488952637
4513 5020 0.3820907473564148
4514 5022 0.28522729873657227
4516 4995 0.3385239541530609
4517 4907 0.3327474892139435
4519 4902 0.29451271891593933
4522 5038 0.35466352105140686
4524 5028 0.25121936202049255
4528 4919 0.2864512503147125
4531 4980 0.32738104462623596
4532 4929 0.37869882583618164
4533 4904 0.39061346650123596
4541 4952 0.31539884209632874
4542 4924 0.2824678122997284
4543 4925 0.3250459134578705
4547 4948 0.40605291724205017
4549 4949 0.2514377236366272
4556 4936 0.6448706984519958
4557 5050 0.40953510999679565
4558 5057 0.28452959656715393
4563 4942 0.2805916368961334
4564 4945 0.37978601455688477
4567 5073 0.4557301998138428
4569 5032 0.4577268362045288
4571 5064 0.3200593590736389
4575 4959 0.3519290089607239
4576 4960 0.31786707043647766
4578 5088 0.3696103096008301
4579 5089 0.47025266289711
4581 5090 0.588845431804657
4582 5091 0.44081082940101624
4583 5074 0.34946444630622864
4584 4969 0.2690519094467163
4586 5081 0.351119726896286
4587 4968 0.2586386203765869
4590 4983 0.3061513304710388
4593 5093 0.29644975066185
4595 4990 0.2600513696670532
4597 4974 0.36602574586868286
4598 5097 0.2735600471496582
4600 5006 0.27562832832336426
4604 5099 0.576707661151886
4605 4985 0.3048670291900635
4606 5007 0.28112947940826416
4607 5008 0.26646822690963745
4608 5010 0.2744144797325134
4612 5003 0.3291008472442627
4614 5104 0.2913956642150879
4615 5113 0.2997654974460602
4616 5101 0.2649286389350891
4620 4999 0.25408419966697693
4623 5116 0.2884540855884552
4626 5118 0.3455933928489685
4627 5119 0.38662123680114746
4628 5120 0.32778623700141907
4635 5023 0.31824442744255066
4637 5127 0.39974620938301086
4639 5123 0.299539715051651
4640 5045 0.2689493000507355
4642 5033 0.28870588541030884
4645 5054 0.257515549659729
4646 5042 0.2683674395084381
4648 5133 0.25292375683784485
4650 5110 0.3729727566242218
4654 5063 0.34259212017059326
4656 5135 0.26673316955566406
4657 5128 0.34346166253089905
4658 5130 0.2845814526081085
4660 5132 0.2878967225551605
4661 5075 0.2860139310359955
4662 5084 0.3038557469844818
4668 5137 0.31621983647346497
4669 5139 0.39516136050224304
4670 5138 0.7997169494628906
4671 5140 0.41278964281082153
4674 5141 0.29139983654022217
4676 5143 0.3950675427913666
4677 5144 0.2567859888076782
4678 5146 0.4352686405181885
4679 5147 0.3323447108268738
4680 5148 0.5866096019744873
4681 5152 0.31040480732917786
4682 5156 0.300792396068573
4683 5157 0.328281432390213
4686 5161 0.39195945858955383
4689 5160 0.4345249831676483
